head,relation,tail,label
Durg::356,drug_target_interaction,Protein::1172,1
Durg::62,drug_target_interaction,Protein::696,1
Durg::306,drug_target_interaction,Protein::1167,1
Durg::100,drug_target_interaction,Protein::362,1
Durg::382,drug_target_interaction,Protein::183,1
Durg::184,drug_target_interaction,Protein::430,1
Durg::228,drug_target_interaction,Protein::460,1
Durg::669,drug_target_interaction,Protein::924,1
Durg::707,drug_target_interaction,Protein::327,1
Durg::400,drug_target_interaction,Protein::241,1
Durg::652,drug_target_interaction,Protein::477,1
Durg::626,drug_target_interaction,Protein::430,1
Durg::225,drug_target_interaction,Protein::430,1
Durg::486,drug_target_interaction,Protein::1034,1
Durg::579,drug_target_interaction,Protein::646,1
Durg::233,drug_target_interaction,Protein::150,1
Durg::382,drug_target_interaction,Protein::1183,1
Durg::109,drug_target_interaction,Protein::288,1
Durg::182,drug_target_interaction,Protein::460,1
Durg::694,drug_target_interaction,Protein::164,1
Durg::225,drug_target_interaction,Protein::278,1
Durg::299,drug_target_interaction,Protein::916,1
Durg::392,drug_target_interaction,Protein::139,1
Durg::203,drug_target_interaction,Protein::73,1
Durg::148,drug_target_interaction,Protein::435,1
Durg::609,drug_target_interaction,Protein::858,1
Durg::68,drug_target_interaction,Protein::482,1
Durg::524,drug_target_interaction,Protein::288,1
Durg::327,drug_target_interaction,Protein::150,1
Durg::652,drug_target_interaction,Protein::592,1
Durg::574,drug_target_interaction,Protein::175,1
Durg::691,drug_target_interaction,Protein::358,1
Durg::412,drug_target_interaction,Protein::394,1
Durg::463,drug_target_interaction,Protein::33,1
Durg::294,drug_target_interaction,Protein::326,1
Durg::696,drug_target_interaction,Protein::358,1
Durg::538,drug_target_interaction,Protein::327,1
Durg::370,drug_target_interaction,Protein::82,1
Durg::543,drug_target_interaction,Protein::366,1
Durg::537,drug_target_interaction,Protein::279,1
Durg::616,drug_target_interaction,Protein::175,1
Durg::485,drug_target_interaction,Protein::374,1
Durg::264,drug_target_interaction,Protein::243,1
Durg::612,drug_target_interaction,Protein::570,1
Durg::120,drug_target_interaction,Protein::175,1
Durg::530,drug_target_interaction,Protein::121,1
Durg::491,drug_target_interaction,Protein::150,1
Durg::97,drug_target_interaction,Protein::10,1
Durg::607,drug_target_interaction,Protein::988,1
Durg::411,drug_target_interaction,Protein::10,1
Durg::289,drug_target_interaction,Protein::288,1
Durg::191,drug_target_interaction,Protein::164,1
Durg::553,drug_target_interaction,Protein::402,1
Durg::437,drug_target_interaction,Protein::362,1
Durg::229,drug_target_interaction,Protein::459,1
Durg::329,drug_target_interaction,Protein::461,1
Durg::371,drug_target_interaction,Protein::12,1
Durg::170,drug_target_interaction,Protein::394,1
Durg::175,drug_target_interaction,Protein::1174,1
Durg::690,drug_target_interaction,Protein::737,1
Durg::579,drug_target_interaction,Protein::247,1
Durg::43,drug_target_interaction,Protein::273,1
Durg::499,drug_target_interaction,Protein::621,1
Durg::34,drug_target_interaction,Protein::430,1
Durg::564,drug_target_interaction,Protein::164,1
Durg::675,drug_target_interaction,Protein::89,1
Durg::697,drug_target_interaction,Protein::1011,1
Durg::213,drug_target_interaction,Protein::98,1
Durg::346,drug_target_interaction,Protein::60,1
Durg::93,drug_target_interaction,Protein::232,1
Durg::151,drug_target_interaction,Protein::475,1
Durg::401,drug_target_interaction,Protein::1150,1
Durg::607,drug_target_interaction,Protein::1169,1
Durg::2,drug_target_interaction,Protein::170,1
Durg::329,drug_target_interaction,Protein::12,1
Durg::164,drug_target_interaction,Protein::185,1
Durg::677,drug_target_interaction,Protein::435,1
Durg::638,drug_target_interaction,Protein::985,1
Durg::202,drug_target_interaction,Protein::442,1
Durg::574,drug_target_interaction,Protein::362,1
Durg::413,drug_target_interaction,Protein::166,1
Durg::174,drug_target_interaction,Protein::288,1
Durg::141,drug_target_interaction,Protein::13,1
Durg::110,drug_target_interaction,Protein::1169,1
Durg::451,drug_target_interaction,Protein::362,1
Durg::85,drug_target_interaction,Protein::985,1
Durg::101,drug_target_interaction,Protein::461,1
Durg::123,drug_target_interaction,Protein::194,1
Durg::359,drug_target_interaction,Protein::108,1
Durg::222,drug_target_interaction,Protein::426,1
Durg::588,drug_target_interaction,Protein::194,1
Durg::508,drug_target_interaction,Protein::617,1
Durg::429,drug_target_interaction,Protein::346,1
Durg::569,drug_target_interaction,Protein::232,1
Durg::596,drug_target_interaction,Protein::460,1
Durg::240,drug_target_interaction,Protein::108,1
Durg::703,drug_target_interaction,Protein::288,1
Durg::22,drug_target_interaction,Protein::260,1
Durg::225,drug_target_interaction,Protein::26,1
Durg::429,drug_target_interaction,Protein::1006,1
Durg::344,drug_target_interaction,Protein::10,1
Durg::581,drug_target_interaction,Protein::460,1
Durg::92,drug_target_interaction,Protein::374,1
Durg::588,drug_target_interaction,Protein::223,1
Durg::543,drug_target_interaction,Protein::430,1
Durg::48,drug_target_interaction,Protein::326,1
Durg::154,drug_target_interaction,Protein::278,1
Durg::382,drug_target_interaction,Protein::311,1
Durg::291,drug_target_interaction,Protein::362,1
Durg::170,drug_target_interaction,Protein::164,1
Durg::389,drug_target_interaction,Protein::241,1
Durg::306,drug_target_interaction,Protein::302,1
Durg::195,drug_target_interaction,Protein::435,1
Durg::643,drug_target_interaction,Protein::108,1
Durg::292,drug_target_interaction,Protein::248,1
Durg::308,drug_target_interaction,Protein::426,1
Durg::85,drug_target_interaction,Protein::302,1
Durg::340,drug_target_interaction,Protein::435,1
Durg::120,drug_target_interaction,Protein::232,1
Durg::228,drug_target_interaction,Protein::12,1
Durg::120,drug_target_interaction,Protein::368,1
Durg::317,drug_target_interaction,Protein::164,1
Durg::685,drug_target_interaction,Protein::98,1
Durg::96,drug_target_interaction,Protein::243,1
Durg::561,drug_target_interaction,Protein::48,1
Durg::347,drug_target_interaction,Protein::452,1
Durg::637,drug_target_interaction,Protein::495,1
Durg::625,drug_target_interaction,Protein::39,1
Durg::261,drug_target_interaction,Protein::150,1
Durg::637,drug_target_interaction,Protein::208,1
Durg::138,drug_target_interaction,Protein::997,1
Durg::524,drug_target_interaction,Protein::322,1
Durg::85,drug_target_interaction,Protein::460,1
Durg::286,drug_target_interaction,Protein::546,1
Durg::621,drug_target_interaction,Protein::435,1
Durg::597,drug_target_interaction,Protein::83,1
Durg::191,drug_target_interaction,Protein::194,1
Durg::511,drug_target_interaction,Protein::362,1
Durg::265,drug_target_interaction,Protein::98,1
Durg::641,drug_target_interaction,Protein::98,1
Durg::428,drug_target_interaction,Protein::442,1
Durg::694,drug_target_interaction,Protein::194,1
Durg::24,drug_target_interaction,Protein::26,1
Durg::564,drug_target_interaction,Protein::288,1
Durg::254,drug_target_interaction,Protein::276,1
Durg::125,drug_target_interaction,Protein::358,1
Durg::457,drug_target_interaction,Protein::459,1
Durg::564,drug_target_interaction,Protein::194,1
Durg::273,drug_target_interaction,Protein::73,1
Durg::90,drug_target_interaction,Protein::442,1
Durg::393,drug_target_interaction,Protein::203,1
Durg::301,drug_target_interaction,Protein::33,1
Durg::57,drug_target_interaction,Protein::98,1
Durg::317,drug_target_interaction,Protein::194,1
Durg::58,drug_target_interaction,Protein::83,1
Durg::439,drug_target_interaction,Protein::374,1
Durg::35,drug_target_interaction,Protein::461,1
Durg::581,drug_target_interaction,Protein::985,1
Durg::607,drug_target_interaction,Protein::1167,1
Durg::316,drug_target_interaction,Protein::435,1
Durg::631,drug_target_interaction,Protein::487,1
Durg::60,drug_target_interaction,Protein::460,1
Durg::624,drug_target_interaction,Protein::83,1
Durg::58,drug_target_interaction,Protein::330,1
Durg::624,drug_target_interaction,Protein::232,1
Durg::431,drug_target_interaction,Protein::278,1
Durg::151,drug_target_interaction,Protein::985,1
Durg::668,drug_target_interaction,Protein::460,1
Durg::424,drug_target_interaction,Protein::362,1
Durg::506,drug_target_interaction,Protein::232,1
Durg::624,drug_target_interaction,Protein::328,1
Durg::499,drug_target_interaction,Protein::993,1
Durg::201,drug_target_interaction,Protein::322,1
Durg::31,drug_target_interaction,Protein::401,1
Durg::330,drug_target_interaction,Protein::278,1
Durg::110,drug_target_interaction,Protein::1170,1
Durg::498,drug_target_interaction,Protein::322,1
Durg::526,drug_target_interaction,Protein::1066,1
Durg::396,drug_target_interaction,Protein::1169,1
Durg::381,drug_target_interaction,Protein::988,1
Durg::564,drug_target_interaction,Protein::435,1
Durg::4,drug_target_interaction,Protein::430,1
Durg::292,drug_target_interaction,Protein::998,1
Durg::160,drug_target_interaction,Protein::309,1
Durg::374,drug_target_interaction,Protein::279,1
Durg::661,drug_target_interaction,Protein::320,1
Durg::611,drug_target_interaction,Protein::424,1
Durg::46,drug_target_interaction,Protein::1038,1
Durg::158,drug_target_interaction,Protein::31,1
Durg::364,drug_target_interaction,Protein::10,1
Durg::624,drug_target_interaction,Protein::561,1
Durg::140,drug_target_interaction,Protein::380,1
Durg::550,drug_target_interaction,Protein::248,1
Durg::101,drug_target_interaction,Protein::288,1
Durg::271,drug_target_interaction,Protein::322,1
Durg::524,drug_target_interaction,Protein::435,1
Durg::672,drug_target_interaction,Protein::989,1
Durg::566,drug_target_interaction,Protein::322,1
Durg::148,drug_target_interaction,Protein::330,1
Durg::123,drug_target_interaction,Protein::164,1
Durg::292,drug_target_interaction,Protein::402,1
Durg::423,drug_target_interaction,Protein::1170,1
Durg::99,drug_target_interaction,Protein::145,1
Durg::567,drug_target_interaction,Protein::164,1
Durg::110,drug_target_interaction,Protein::460,1
Durg::703,drug_target_interaction,Protein::164,1
Durg::388,drug_target_interaction,Protein::71,1
Durg::329,drug_target_interaction,Protein::221,1
Durg::597,drug_target_interaction,Protein::330,1
Durg::3,drug_target_interaction,Protein::327,1
Durg::50,drug_target_interaction,Protein::309,1
Durg::50,drug_target_interaction,Protein::12,1
Durg::188,drug_target_interaction,Protein::150,1
Durg::123,drug_target_interaction,Protein::407,1
Durg::691,drug_target_interaction,Protein::442,1
Durg::597,drug_target_interaction,Protein::407,1
Durg::120,drug_target_interaction,Protein::164,1
Durg::584,drug_target_interaction,Protein::48,1
Durg::546,drug_target_interaction,Protein::151,1
Durg::152,drug_target_interaction,Protein::272,1
Durg::588,drug_target_interaction,Protein::221,1
Durg::486,drug_target_interaction,Protein::317,1
Durg::388,drug_target_interaction,Protein::302,1
Durg::469,drug_target_interaction,Protein::931,1
Durg::268,drug_target_interaction,Protein::496,1
Durg::376,drug_target_interaction,Protein::322,1
Durg::2,drug_target_interaction,Protein::530,1
Durg::588,drug_target_interaction,Protein::12,1
Durg::330,drug_target_interaction,Protein::430,1
Durg::546,drug_target_interaction,Protein::48,1
Durg::12,drug_target_interaction,Protein::273,1
Durg::616,drug_target_interaction,Protein::322,1
Durg::374,drug_target_interaction,Protein::546,1
Durg::496,drug_target_interaction,Protein::140,1
Durg::2,drug_target_interaction,Protein::146,1
Durg::477,drug_target_interaction,Protein::83,1
Durg::454,drug_target_interaction,Protein::461,1
Durg::134,drug_target_interaction,Protein::246,1
Durg::243,drug_target_interaction,Protein::26,1
Durg::101,drug_target_interaction,Protein::164,1
Durg::32,drug_target_interaction,Protein::288,1
Durg::221,drug_target_interaction,Protein::654,1
Durg::252,drug_target_interaction,Protein::288,1
Durg::352,drug_target_interaction,Protein::675,1
Durg::306,drug_target_interaction,Protein::71,1
Durg::569,drug_target_interaction,Protein::430,1
Durg::201,drug_target_interaction,Protein::139,1
Durg::93,drug_target_interaction,Protein::407,1
Durg::565,drug_target_interaction,Protein::261,1
Durg::12,drug_target_interaction,Protein::1169,1
Durg::684,drug_target_interaction,Protein::786,1
Durg::388,drug_target_interaction,Protein::988,1
Durg::206,drug_target_interaction,Protein::330,1
Durg::144,drug_target_interaction,Protein::989,1
Durg::103,drug_target_interaction,Protein::395,1
Durg::14,drug_target_interaction,Protein::264,1
Durg::214,drug_target_interaction,Protein::242,1
Durg::588,drug_target_interaction,Protein::435,1
Durg::13,drug_target_interaction,Protein::98,1
Durg::449,drug_target_interaction,Protein::278,1
Durg::302,drug_target_interaction,Protein::288,1
Durg::299,drug_target_interaction,Protein::1164,1
Durg::509,drug_target_interaction,Protein::429,1
Durg::143,drug_target_interaction,Protein::993,1
Durg::100,drug_target_interaction,Protein::243,1
Durg::135,drug_target_interaction,Protein::14,1
Durg::337,drug_target_interaction,Protein::115,1
Durg::309,drug_target_interaction,Protein::459,1
Durg::573,drug_target_interaction,Protein::317,1
Durg::120,drug_target_interaction,Protein::139,1
Durg::631,drug_target_interaction,Protein::523,1
Durg::238,drug_target_interaction,Protein::1162,1
Durg::16,drug_target_interaction,Protein::26,1
Durg::62,drug_target_interaction,Protein::546,1
Durg::41,drug_target_interaction,Protein::361,1
Durg::537,drug_target_interaction,Protein::34,1
Durg::312,drug_target_interaction,Protein::164,1
Durg::462,drug_target_interaction,Protein::164,1
Durg::244,drug_target_interaction,Protein::150,1
Durg::694,drug_target_interaction,Protein::461,1
Durg::564,drug_target_interaction,Protein::328,1
Durg::295,drug_target_interaction,Protein::374,1
Durg::22,drug_target_interaction,Protein::554,1
Durg::704,drug_target_interaction,Protein::358,1
Durg::694,drug_target_interaction,Protein::98,1
Durg::48,drug_target_interaction,Protein::561,1
Durg::316,drug_target_interaction,Protein::374,1
Durg::396,drug_target_interaction,Protein::302,1
Durg::361,drug_target_interaction,Protein::144,1
Durg::315,drug_target_interaction,Protein::289,1
Durg::624,drug_target_interaction,Protein::164,1
Durg::252,drug_target_interaction,Protein::328,1
Durg::511,drug_target_interaction,Protein::240,1
Durg::148,drug_target_interaction,Protein::194,1
Durg::35,drug_target_interaction,Protein::223,1
Durg::15,drug_target_interaction,Protein::366,1
Durg::130,drug_target_interaction,Protein::322,1
Durg::623,drug_target_interaction,Protein::460,1
Durg::184,drug_target_interaction,Protein::278,1
Durg::224,drug_target_interaction,Protein::67,1
Durg::110,drug_target_interaction,Protein::71,1
Durg::694,drug_target_interaction,Protein::326,1
Durg::561,drug_target_interaction,Protein::98,1
Durg::329,drug_target_interaction,Protein::435,1
Durg::312,drug_target_interaction,Protein::288,1
Durg::123,drug_target_interaction,Protein::328,1
Durg::64,drug_target_interaction,Protein::1173,1
Durg::433,drug_target_interaction,Protein::108,1
Durg::469,drug_target_interaction,Protein::357,1
Durg::26,drug_target_interaction,Protein::694,1
Durg::441,drug_target_interaction,Protein::279,1
Durg::365,drug_target_interaction,Protein::10,1
Durg::171,drug_target_interaction,Protein::435,1
Durg::143,drug_target_interaction,Protein::998,1
Durg::252,drug_target_interaction,Protein::48,1
Durg::367,drug_target_interaction,Protein::493,1
Durg::50,drug_target_interaction,Protein::435,1
Durg::570,drug_target_interaction,Protein::366,1
Durg::561,drug_target_interaction,Protein::681,1
Durg::637,drug_target_interaction,Protein::258,1
Durg::0,drug_target_interaction,Protein::75,1
Durg::85,drug_target_interaction,Protein::493,1
Durg::148,drug_target_interaction,Protein::461,1
Durg::316,drug_target_interaction,Protein::461,1
Durg::299,drug_target_interaction,Protein::985,1
Durg::580,drug_target_interaction,Protein::206,1
Durg::581,drug_target_interaction,Protein::475,1
Durg::671,drug_target_interaction,Protein::139,1
Durg::523,drug_target_interaction,Protein::273,1
Durg::638,drug_target_interaction,Protein::493,1
Durg::371,drug_target_interaction,Protein::326,1
Durg::294,drug_target_interaction,Protein::328,1
Durg::159,drug_target_interaction,Protein::435,1
Durg::504,drug_target_interaction,Protein::1201,1
Durg::16,drug_target_interaction,Protein::358,1
Durg::442,drug_target_interaction,Protein::243,1
Durg::181,drug_target_interaction,Protein::430,1
Durg::392,drug_target_interaction,Protein::26,1
Durg::378,drug_target_interaction,Protein::149,1
Durg::444,drug_target_interaction,Protein::288,1
Durg::22,drug_target_interaction,Protein::449,1
Durg::71,drug_target_interaction,Protein::459,1
Durg::271,drug_target_interaction,Protein::26,1
Durg::407,drug_target_interaction,Protein::60,1
Durg::431,drug_target_interaction,Protein::322,1
Durg::426,drug_target_interaction,Protein::142,1
Durg::268,drug_target_interaction,Protein::7,1
Durg::28,drug_target_interaction,Protein::64,1
Durg::506,drug_target_interaction,Protein::322,1
Durg::279,drug_target_interaction,Protein::546,1
Durg::23,drug_target_interaction,Protein::279,1
Durg::112,drug_target_interaction,Protein::459,1
Durg::616,drug_target_interaction,Protein::328,1
Durg::43,drug_target_interaction,Protein::71,1
Durg::668,drug_target_interaction,Protein::302,1
Durg::343,drug_target_interaction,Protein::366,1
Durg::392,drug_target_interaction,Protein::322,1
Durg::270,drug_target_interaction,Protein::73,1
Durg::597,drug_target_interaction,Protein::164,1
Durg::496,drug_target_interaction,Protein::94,1
Durg::202,drug_target_interaction,Protein::243,1
Durg::291,drug_target_interaction,Protein::986,1
Durg::491,drug_target_interaction,Protein::10,1
Durg::48,drug_target_interaction,Protein::12,1
Durg::569,drug_target_interaction,Protein::322,1
Durg::62,drug_target_interaction,Protein::135,1
Durg::16,drug_target_interaction,Protein::309,1
Durg::466,drug_target_interaction,Protein::175,1
Durg::278,drug_target_interaction,Protein::459,1
Durg::654,drug_target_interaction,Protein::288,1
Durg::367,drug_target_interaction,Protein::460,1
Durg::133,drug_target_interaction,Protein::994,1
Durg::393,drug_target_interaction,Protein::563,1
Durg::154,drug_target_interaction,Protein::430,1
Durg::439,drug_target_interaction,Protein::461,1
Durg::444,drug_target_interaction,Protein::326,1
Durg::210,drug_target_interaction,Protein::778,1
Durg::261,drug_target_interaction,Protein::646,1
Durg::585,drug_target_interaction,Protein::358,1
Durg::506,drug_target_interaction,Protein::139,1
Durg::17,drug_target_interaction,Protein::394,1
Durg::468,drug_target_interaction,Protein::656,1
Durg::521,drug_target_interaction,Protein::1009,1
Durg::428,drug_target_interaction,Protein::45,1
Durg::58,drug_target_interaction,Protein::194,1
Durg::275,drug_target_interaction,Protein::1155,1
Durg::225,drug_target_interaction,Protein::322,1
Durg::50,drug_target_interaction,Protein::194,1
Durg::396,drug_target_interaction,Protein::988,1
Durg::370,drug_target_interaction,Protein::377,1
Durg::46,drug_target_interaction,Protein::315,1
Durg::141,drug_target_interaction,Protein::258,1
Durg::689,drug_target_interaction,Protein::276,1
Durg::145,drug_target_interaction,Protein::435,1
Durg::121,drug_target_interaction,Protein::568,1
Durg::597,drug_target_interaction,Protein::368,1
Durg::594,drug_target_interaction,Protein::854,1
Durg::110,drug_target_interaction,Protein::987,1
Durg::371,drug_target_interaction,Protein::164,1
Durg::371,drug_target_interaction,Protein::83,1
Durg::431,drug_target_interaction,Protein::99,1
Durg::477,drug_target_interaction,Protein::12,1
Durg::607,drug_target_interaction,Protein::302,1
Durg::101,drug_target_interaction,Protein::12,1
Durg::19,drug_target_interaction,Protein::744,1
Durg::101,drug_target_interaction,Protein::561,1
Durg::176,drug_target_interaction,Protein::170,1
Durg::116,drug_target_interaction,Protein::72,1
Durg::637,drug_target_interaction,Protein::13,1
Durg::499,drug_target_interaction,Protein::241,1
Durg::530,drug_target_interaction,Protein::144,1
Durg::322,drug_target_interaction,Protein::358,1
Durg::564,drug_target_interaction,Protein::26,1
Durg::497,drug_target_interaction,Protein::164,1
Durg::257,drug_target_interaction,Protein::288,1
Durg::43,drug_target_interaction,Protein::1170,1
Durg::294,drug_target_interaction,Protein::164,1
Durg::64,drug_target_interaction,Protein::108,1
Durg::548,drug_target_interaction,Protein::357,1
Durg::141,drug_target_interaction,Protein::359,1
Durg::380,drug_target_interaction,Protein::150,1
Durg::251,drug_target_interaction,Protein::528,1
Durg::87,drug_target_interaction,Protein::263,1
Durg::38,drug_target_interaction,Protein::364,1
Durg::446,drug_target_interaction,Protein::207,1
Durg::339,drug_target_interaction,Protein::916,1
Durg::573,drug_target_interaction,Protein::625,1
Durg::616,drug_target_interaction,Protein::407,1
Durg::669,drug_target_interaction,Protein::64,1
Durg::381,drug_target_interaction,Protein::854,1
Durg::48,drug_target_interaction,Protein::139,1
Durg::379,drug_target_interaction,Protein::442,1
Durg::31,drug_target_interaction,Protein::43,1
Durg::78,drug_target_interaction,Protein::34,1
Durg::523,drug_target_interaction,Protein::988,1
Durg::319,drug_target_interaction,Protein::380,1
Durg::433,drug_target_interaction,Protein::922,1
Durg::599,drug_target_interaction,Protein::394,1
Durg::548,drug_target_interaction,Protein::279,1
Durg::523,drug_target_interaction,Protein::1166,1
Durg::428,drug_target_interaction,Protein::461,1
Durg::374,drug_target_interaction,Protein::670,1
Durg::549,drug_target_interaction,Protein::366,1
Durg::624,drug_target_interaction,Protein::326,1
Durg::567,drug_target_interaction,Protein::328,1
Durg::144,drug_target_interaction,Protein::1167,1
Durg::424,drug_target_interaction,Protein::460,1
Durg::553,drug_target_interaction,Protein::242,1
Durg::618,drug_target_interaction,Protein::138,1
Durg::101,drug_target_interaction,Protein::326,1
Durg::10,drug_target_interaction,Protein::985,1
Durg::552,drug_target_interaction,Protein::505,1
Durg::146,drug_target_interaction,Protein::423,1
Durg::217,drug_target_interaction,Protein::440,1
Durg::138,drug_target_interaction,Protein::995,1
Durg::433,drug_target_interaction,Protein::505,1
Durg::16,drug_target_interaction,Protein::362,1
Durg::455,drug_target_interaction,Protein::374,1
Durg::587,drug_target_interaction,Protein::196,1
Durg::626,drug_target_interaction,Protein::278,1
Durg::325,drug_target_interaction,Protein::243,1
Durg::529,drug_target_interaction,Protein::223,1
Durg::93,drug_target_interaction,Protein::452,1
Durg::265,drug_target_interaction,Protein::394,1
Durg::141,drug_target_interaction,Protein::113,1
Durg::597,drug_target_interaction,Protein::328,1
Durg::537,drug_target_interaction,Protein::696,1
Durg::489,drug_target_interaction,Protein::858,1
Durg::259,drug_target_interaction,Protein::988,1
Durg::176,drug_target_interaction,Protein::401,1
Durg::431,drug_target_interaction,Protein::108,1
Durg::321,drug_target_interaction,Protein::311,1
Durg::444,drug_target_interaction,Protein::164,1
Durg::158,drug_target_interaction,Protein::427,1
Durg::292,drug_target_interaction,Protein::940,1
Durg::486,drug_target_interaction,Protein::183,1
Durg::509,drug_target_interaction,Protein::150,1
Durg::291,drug_target_interaction,Protein::470,1
Durg::640,drug_target_interaction,Protein::315,1
Durg::196,drug_target_interaction,Protein::512,1
Durg::24,drug_target_interaction,Protein::322,1
Durg::48,drug_target_interaction,Protein::175,1
Durg::243,drug_target_interaction,Protein::232,1
Durg::588,drug_target_interaction,Protein::328,1
Durg::7,drug_target_interaction,Protein::459,1
Durg::262,drug_target_interaction,Protein::400,1
Durg::393,drug_target_interaction,Protein::442,1
Durg::499,drug_target_interaction,Protein::505,1
Durg::660,drug_target_interaction,Protein::246,1
Durg::123,drug_target_interaction,Protein::394,1
Durg::325,drug_target_interaction,Protein::442,1
Durg::151,drug_target_interaction,Protein::273,1
Durg::606,drug_target_interaction,Protein::394,1
Durg::418,drug_target_interaction,Protein::124,1
Durg::637,drug_target_interaction,Protein::113,1
Durg::356,drug_target_interaction,Protein::745,1
Durg::433,drug_target_interaction,Protein::852,1
Durg::60,drug_target_interaction,Protein::311,1
Durg::303,drug_target_interaction,Protein::108,1
Durg::120,drug_target_interaction,Protein::194,1
Durg::47,drug_target_interaction,Protein::108,1
Durg::46,drug_target_interaction,Protein::1176,1
Durg::48,drug_target_interaction,Protein::194,1
Durg::251,drug_target_interaction,Protein::854,1
Durg::12,drug_target_interaction,Protein::460,1
Durg::573,drug_target_interaction,Protein::1162,1
Durg::420,drug_target_interaction,Protein::160,1
Durg::672,drug_target_interaction,Protein::1167,1
Durg::335,drug_target_interaction,Protein::423,1
Durg::632,drug_target_interaction,Protein::155,1
Durg::46,drug_target_interaction,Protein::1177,1
Durg::654,drug_target_interaction,Protein::246,1
Durg::32,drug_target_interaction,Protein::328,1
Durg::575,drug_target_interaction,Protein::48,1
Durg::65,drug_target_interaction,Protein::440,1
Durg::135,drug_target_interaction,Protein::286,1
Durg::483,drug_target_interaction,Protein::6,1
Durg::120,drug_target_interaction,Protein::326,1
Durg::473,drug_target_interaction,Protein::295,1
Durg::143,drug_target_interaction,Protein::248,1
Durg::6,drug_target_interaction,Protein::124,1
Durg::349,drug_target_interaction,Protein::101,1
Durg::242,drug_target_interaction,Protein::98,1
Durg::83,drug_target_interaction,Protein::48,1
Durg::175,drug_target_interaction,Protein::322,1
Durg::616,drug_target_interaction,Protein::461,1
Durg::206,drug_target_interaction,Protein::435,1
Durg::378,drug_target_interaction,Protein::261,1
Durg::569,drug_target_interaction,Protein::288,1
Durg::12,drug_target_interaction,Protein::1170,1
Durg::292,drug_target_interaction,Protein::997,1
Durg::2,drug_target_interaction,Protein::318,1
Durg::178,drug_target_interaction,Protein::150,1
Durg::168,drug_target_interaction,Protein::549,1
Durg::469,drug_target_interaction,Protein::696,1
Durg::588,drug_target_interaction,Protein::326,1
Durg::309,drug_target_interaction,Protein::380,1
Durg::529,drug_target_interaction,Protein::45,1
Durg::50,drug_target_interaction,Protein::223,1
Durg::491,drug_target_interaction,Protein::1146,1
Durg::546,drug_target_interaction,Protein::1381,1
Durg::396,drug_target_interaction,Protein::1167,1
Durg::364,drug_target_interaction,Protein::150,1
Durg::251,drug_target_interaction,Protein::1015,1
Durg::508,drug_target_interaction,Protein::39,1
Durg::667,drug_target_interaction,Protein::400,1
Durg::623,drug_target_interaction,Protein::290,1
Durg::650,drug_target_interaction,Protein::423,1
Durg::144,drug_target_interaction,Protein::1169,1
Durg::454,drug_target_interaction,Protein::374,1
Durg::148,drug_target_interaction,Protein::12,1
Durg::132,drug_target_interaction,Protein::108,1
Durg::573,drug_target_interaction,Protein::460,1
Durg::624,drug_target_interaction,Protein::368,1
Durg::48,drug_target_interaction,Protein::221,1
Durg::550,drug_target_interaction,Protein::505,1
Durg::138,drug_target_interaction,Protein::996,1
Durg::509,drug_target_interaction,Protein::661,1
Durg::623,drug_target_interaction,Protein::452,1
Durg::650,drug_target_interaction,Protein::322,1
Durg::49,drug_target_interaction,Protein::368,1
Durg::365,drug_target_interaction,Protein::150,1
Durg::616,drug_target_interaction,Protein::368,1
Durg::80,drug_target_interaction,Protein::117,1
Durg::43,drug_target_interaction,Protein::988,1
Durg::268,drug_target_interaction,Protein::674,1
Durg::93,drug_target_interaction,Protein::1173,1
Durg::514,drug_target_interaction,Protein::1503,1
Durg::389,drug_target_interaction,Protein::435,1
Durg::148,drug_target_interaction,Protein::309,1
Durg::101,drug_target_interaction,Protein::175,1
Durg::271,drug_target_interaction,Protein::1151,1
Durg::120,drug_target_interaction,Protein::461,1
Durg::16,drug_target_interaction,Protein::442,1
Durg::685,drug_target_interaction,Protein::394,1
Durg::427,drug_target_interaction,Protein::289,1
Durg::183,drug_target_interaction,Protein::273,1
Durg::346,drug_target_interaction,Protein::368,1
Durg::346,drug_target_interaction,Protein::164,1
Durg::309,drug_target_interaction,Protein::73,1
Durg::242,drug_target_interaction,Protein::613,1
Durg::213,drug_target_interaction,Protein::394,1
Durg::694,drug_target_interaction,Protein::394,1
Durg::396,drug_target_interaction,Protein::273,1
Durg::523,drug_target_interaction,Protein::1170,1
Durg::381,drug_target_interaction,Protein::989,1
Durg::175,drug_target_interaction,Protein::26,1
Durg::58,drug_target_interaction,Protein::374,1
Durg::292,drug_target_interaction,Protein::993,1
Durg::325,drug_target_interaction,Protein::358,1
Durg::183,drug_target_interaction,Protein::988,1
Durg::255,drug_target_interaction,Protein::14,1
Durg::120,drug_target_interaction,Protein::26,1
Durg::306,drug_target_interaction,Protein::987,1
Durg::306,drug_target_interaction,Protein::1170,1
Durg::624,drug_target_interaction,Protein::322,1
Durg::389,drug_target_interaction,Protein::621,1
Durg::587,drug_target_interaction,Protein::459,1
Durg::110,drug_target_interaction,Protein::1166,1
Durg::610,drug_target_interaction,Protein::48,1
Durg::503,drug_target_interaction,Protein::581,1
Durg::120,drug_target_interaction,Protein::84,1
Durg::8,drug_target_interaction,Protein::984,1
Durg::329,drug_target_interaction,Protein::194,1
Durg::76,drug_target_interaction,Protein::358,1
Durg::406,drug_target_interaction,Protein::1148,1
Durg::144,drug_target_interaction,Protein::460,1
Durg::183,drug_target_interaction,Protein::987,1
Durg::211,drug_target_interaction,Protein::124,1
Durg::138,drug_target_interaction,Protein::248,1
Durg::48,drug_target_interaction,Protein::322,1
Durg::615,drug_target_interaction,Protein::6,1
Durg::260,drug_target_interaction,Protein::67,1
Durg::228,drug_target_interaction,Protein::164,1
Durg::671,drug_target_interaction,Protein::232,1
Durg::500,drug_target_interaction,Protein::413,1
Durg::16,drug_target_interaction,Protein::278,1
Durg::505,drug_target_interaction,Protein::108,1
Durg::694,drug_target_interaction,Protein::368,1
Durg::520,drug_target_interaction,Protein::26,1
Durg::232,drug_target_interaction,Protein::291,1
Durg::15,drug_target_interaction,Protein::430,1
Durg::332,drug_target_interaction,Protein::99,1
Durg::634,drug_target_interaction,Protein::497,1
Durg::590,drug_target_interaction,Protein::452,1
Durg::123,drug_target_interaction,Protein::326,1
Durg::668,drug_target_interaction,Protein::989,1
Durg::631,drug_target_interaction,Protein::483,1
Durg::137,drug_target_interaction,Protein::418,1
Durg::88,drug_target_interaction,Protein::10,1
Durg::380,drug_target_interaction,Protein::10,1
Durg::561,drug_target_interaction,Protein::394,1
Durg::433,drug_target_interaction,Protein::1188,1
Durg::206,drug_target_interaction,Protein::12,1
Durg::299,drug_target_interaction,Protein::493,1
Durg::624,drug_target_interaction,Protein::194,1
Durg::368,drug_target_interaction,Protein::150,1
Durg::236,drug_target_interaction,Protein::300,1
Durg::597,drug_target_interaction,Protein::374,1
Durg::179,drug_target_interaction,Protein::150,1
Durg::672,drug_target_interaction,Protein::302,1
Durg::38,drug_target_interaction,Protein::115,1
Durg::486,drug_target_interaction,Protein::817,1
Durg::101,drug_target_interaction,Protein::435,1
Durg::257,drug_target_interaction,Protein::328,1
Durg::316,drug_target_interaction,Protein::278,1
Durg::356,drug_target_interaction,Protein::727,1
Durg::617,drug_target_interaction,Protein::423,1
Durg::564,drug_target_interaction,Protein::407,1
Durg::62,drug_target_interaction,Protein::6,1
Durg::678,drug_target_interaction,Protein::12,1
Durg::175,drug_target_interaction,Protein::1173,1
Durg::60,drug_target_interaction,Protein::183,1
Durg::148,drug_target_interaction,Protein::164,1
Durg::637,drug_target_interaction,Protein::18,1
Durg::144,drug_target_interaction,Protein::71,1
Durg::101,drug_target_interaction,Protein::368,1
Durg::264,drug_target_interaction,Protein::358,1
Durg::502,drug_target_interaction,Protein::636,1
Durg::669,drug_target_interaction,Protein::922,1
Durg::22,drug_target_interaction,Protein::419,1
Durg::289,drug_target_interaction,Protein::164,1
Durg::607,drug_target_interaction,Protein::987,1
Durg::292,drug_target_interaction,Protein::994,1
Durg::101,drug_target_interaction,Protein::139,1
Durg::544,drug_target_interaction,Protein::430,1
Durg::14,drug_target_interaction,Protein::991,1
Durg::477,drug_target_interaction,Protein::78,1
Durg::100,drug_target_interaction,Protein::442,1
Durg::496,drug_target_interaction,Protein::642,1
Durg::82,drug_target_interaction,Protein::237,1
Durg::549,drug_target_interaction,Protein::430,1
Durg::75,drug_target_interaction,Protein::185,1
Durg::50,drug_target_interaction,Protein::461,1
Durg::341,drug_target_interaction,Protein::108,1
Durg::121,drug_target_interaction,Protein::859,1
Durg::332,drug_target_interaction,Protein::366,1
Durg::509,drug_target_interaction,Protein::400,1
Durg::10,drug_target_interaction,Protein::1164,1
Durg::580,drug_target_interaction,Protein::225,1
Durg::631,drug_target_interaction,Protein::485,1
Durg::175,drug_target_interaction,Protein::288,1
Durg::393,drug_target_interaction,Protein::358,1
Durg::310,drug_target_interaction,Protein::273,1
Durg::121,drug_target_interaction,Protein::614,1
Durg::141,drug_target_interaction,Protein::208,1
Durg::271,drug_target_interaction,Protein::248,1
Durg::376,drug_target_interaction,Protein::26,1
Durg::602,drug_target_interaction,Protein::1299,1
Durg::388,drug_target_interaction,Protein::989,1
Durg::581,drug_target_interaction,Protein::302,1
Durg::347,drug_target_interaction,Protein::241,1
Durg::57,drug_target_interaction,Protein::394,1
Durg::275,drug_target_interaction,Protein::1153,1
Durg::93,drug_target_interaction,Protein::322,1
Durg::575,drug_target_interaction,Protein::328,1
Durg::339,drug_target_interaction,Protein::246,1
Durg::571,drug_target_interaction,Protein::189,1
Durg::449,drug_target_interaction,Protein::366,1
Durg::675,drug_target_interaction,Protein::722,1
Durg::111,drug_target_interaction,Protein::10,1
Durg::511,drug_target_interaction,Protein::175,1
Durg::8,drug_target_interaction,Protein::121,1
Durg::120,drug_target_interaction,Protein::288,1
Durg::395,drug_target_interaction,Protein::98,1
Durg::141,drug_target_interaction,Protein::85,1
Durg::444,drug_target_interaction,Protein::394,1
Durg::94,drug_target_interaction,Protein::857,1
Durg::64,drug_target_interaction,Protein::322,1
Durg::298,drug_target_interaction,Protein::218,1
Durg::275,drug_target_interaction,Protein::589,1
Durg::172,drug_target_interaction,Protein::240,1
Durg::101,drug_target_interaction,Protein::309,1
Durg::523,drug_target_interaction,Protein::987,1
Durg::333,drug_target_interaction,Protein::1139,1
Durg::570,drug_target_interaction,Protein::278,1
Durg::20,drug_target_interaction,Protein::538,1
Durg::71,drug_target_interaction,Protein::244,1
Durg::631,drug_target_interaction,Protein::7,1
Durg::158,drug_target_interaction,Protein::987,1
Durg::138,drug_target_interaction,Protein::993,1
Durg::14,drug_target_interaction,Protein::992,1
Durg::26,drug_target_interaction,Protein::48,1
Durg::287,drug_target_interaction,Protein::442,1
Durg::68,drug_target_interaction,Protein::1055,1
Durg::48,drug_target_interaction,Protein::232,1
Durg::257,drug_target_interaction,Protein::98,1
Durg::290,drug_target_interaction,Protein::423,1
Durg::239,drug_target_interaction,Protein::189,1
Durg::495,drug_target_interaction,Protein::150,1
Durg::252,drug_target_interaction,Protein::407,1
Durg::682,drug_target_interaction,Protein::73,1
Durg::330,drug_target_interaction,Protein::232,1
Durg::93,drug_target_interaction,Protein::139,1
Durg::133,drug_target_interaction,Protein::940,1
Durg::395,drug_target_interaction,Protein::394,1
Durg::272,drug_target_interaction,Protein::435,1
Durg::69,drug_target_interaction,Protein::278,1
Durg::76,drug_target_interaction,Protein::243,1
Durg::553,drug_target_interaction,Protein::317,1
Durg::581,drug_target_interaction,Protein::273,1
Durg::194,drug_target_interaction,Protein::48,1
Durg::624,drug_target_interaction,Protein::435,1
Durg::210,drug_target_interaction,Protein::773,1
Durg::58,drug_target_interaction,Protein::461,1
Durg::382,drug_target_interaction,Protein::514,1
Durg::617,drug_target_interaction,Protein::916,1
Durg::58,drug_target_interaction,Protein::221,1
Durg::289,drug_target_interaction,Protein::309,1
Durg::236,drug_target_interaction,Protein::25,1
Durg::111,drug_target_interaction,Protein::364,1
Durg::516,drug_target_interaction,Protein::150,1
Durg::552,drug_target_interaction,Protein::48,1
Durg::398,drug_target_interaction,Protein::358,1
Durg::172,drug_target_interaction,Protein::225,1
Durg::662,drug_target_interaction,Protein::322,1
Durg::202,drug_target_interaction,Protein::358,1
Durg::225,drug_target_interaction,Protein::288,1
Durg::69,drug_target_interaction,Protein::430,1
Durg::138,drug_target_interaction,Protein::380,1
Durg::85,drug_target_interaction,Protein::472,1
Durg::655,drug_target_interaction,Protein::922,1
Durg::367,drug_target_interaction,Protein::302,1
Durg::432,drug_target_interaction,Protein::48,1
Durg::564,drug_target_interaction,Protein::139,1
Durg::176,drug_target_interaction,Protein::377,1
Durg::243,drug_target_interaction,Protein::322,1
Durg::46,drug_target_interaction,Protein::1179,1
Durg::616,drug_target_interaction,Protein::309,1
Durg::123,drug_target_interaction,Protein::288,1
Durg::165,drug_target_interaction,Protein::360,1
Durg::622,drug_target_interaction,Protein::459,1
Durg::499,drug_target_interaction,Protein::380,1
Durg::586,drug_target_interaction,Protein::435,1
Durg::101,drug_target_interaction,Protein::374,1
Durg::363,drug_target_interaction,Protein::570,1
Durg::534,drug_target_interaction,Protein::322,1
Durg::185,drug_target_interaction,Protein::288,1
Durg::138,drug_target_interaction,Protein::994,1
Durg::596,drug_target_interaction,Protein::302,1
Durg::12,drug_target_interaction,Protein::421,1
Durg::637,drug_target_interaction,Protein::85,1
Durg::523,drug_target_interaction,Protein::421,1
Durg::624,drug_target_interaction,Protein::461,1
Durg::661,drug_target_interaction,Protein::73,1
Durg::347,drug_target_interaction,Protein::361,1
Durg::607,drug_target_interaction,Protein::71,1
Durg::400,drug_target_interaction,Protein::435,1
Durg::287,drug_target_interaction,Protein::90,1
Durg::528,drug_target_interaction,Protein::497,1
Durg::601,drug_target_interaction,Protein::460,1
Durg::415,drug_target_interaction,Protein::33,1
Durg::148,drug_target_interaction,Protein::374,1
Durg::686,drug_target_interaction,Protein::206,1
Durg::389,drug_target_interaction,Protein::1375,1
Durg::310,drug_target_interaction,Protein::1167,1
Durg::72,drug_target_interaction,Protein::430,1
Durg::668,drug_target_interaction,Protein::1166,1
Durg::61,drug_target_interaction,Protein::48,1
Durg::288,drug_target_interaction,Protein::346,1
Durg::126,drug_target_interaction,Protein::302,1
Durg::225,drug_target_interaction,Protein::139,1
Durg::271,drug_target_interaction,Protein::232,1
Durg::372,drug_target_interaction,Protein::442,1
Durg::96,drug_target_interaction,Protein::358,1
Durg::321,drug_target_interaction,Protein::183,1
Durg::565,drug_target_interaction,Protein::527,1
Durg::127,drug_target_interaction,Protein::394,1
Durg::11,drug_target_interaction,Protein::26,1
Durg::379,drug_target_interaction,Protein::243,1
Durg::306,drug_target_interaction,Protein::1169,1
Durg::607,drug_target_interaction,Protein::460,1
Durg::116,drug_target_interaction,Protein::546,1
Durg::613,drug_target_interaction,Protein::218,1
Durg::590,drug_target_interaction,Protein::460,1
Durg::669,drug_target_interaction,Protein::194,1
Durg::650,drug_target_interaction,Protein::26,1
Durg::541,drug_target_interaction,Protein::330,1
Durg::410,drug_target_interaction,Protein::311,1
Durg::22,drug_target_interaction,Protein::439,1
Durg::292,drug_target_interaction,Protein::996,1
Durg::374,drug_target_interaction,Protein::696,1
Durg::495,drug_target_interaction,Protein::140,1
Durg::255,drug_target_interaction,Protein::201,1
Durg::120,drug_target_interaction,Protein::328,1
Durg::584,drug_target_interaction,Protein::108,1
Durg::87,drug_target_interaction,Protein::461,1
Durg::101,drug_target_interaction,Protein::194,1
Durg::93,drug_target_interaction,Protein::358,1
Durg::38,drug_target_interaction,Protein::402,1
Durg::668,drug_target_interaction,Protein::71,1
Durg::564,drug_target_interaction,Protein::322,1
Durg::294,drug_target_interaction,Protein::394,1
Durg::144,drug_target_interaction,Protein::273,1
Durg::225,drug_target_interaction,Protein::407,1
Durg::541,drug_target_interaction,Protein::435,1
Durg::627,drug_target_interaction,Protein::922,1
Durg::10,drug_target_interaction,Protein::493,1
Durg::43,drug_target_interaction,Protein::989,1
Durg::702,drug_target_interaction,Protein::73,1
Durg::136,drug_target_interaction,Protein::407,1
Durg::411,drug_target_interaction,Protein::150,1
Durg::330,drug_target_interaction,Protein::139,1
Durg::367,drug_target_interaction,Protein::472,1
Durg::251,drug_target_interaction,Protein::201,1
Durg::624,drug_target_interaction,Protein::139,1
Durg::109,drug_target_interaction,Protein::407,1
Durg::661,drug_target_interaction,Protein::112,1
Durg::271,drug_target_interaction,Protein::139,1
Durg::624,drug_target_interaction,Protein::288,1
Durg::431,drug_target_interaction,Protein::366,1
Durg::20,drug_target_interaction,Protein::1060,1
Durg::101,drug_target_interaction,Protein::330,1
Durg::299,drug_target_interaction,Protein::1506,1
Durg::474,drug_target_interaction,Protein::246,1
Durg::58,drug_target_interaction,Protein::309,1
Durg::12,drug_target_interaction,Protein::302,1
Durg::445,drug_target_interaction,Protein::60,1
Durg::271,drug_target_interaction,Protein::241,1
Durg::83,drug_target_interaction,Protein::402,1
Durg::327,drug_target_interaction,Protein::10,1
Durg::191,drug_target_interaction,Protein::326,1
Durg::486,drug_target_interaction,Protein::242,1
Durg::233,drug_target_interaction,Protein::10,1
Durg::314,drug_target_interaction,Protein::426,1
Durg::120,drug_target_interaction,Protein::374,1
Durg::48,drug_target_interaction,Protein::328,1
Durg::43,drug_target_interaction,Protein::1166,1
Durg::639,drug_target_interaction,Protein::605,1
Durg::585,drug_target_interaction,Protein::243,1
Durg::348,drug_target_interaction,Protein::108,1
Durg::401,drug_target_interaction,Protein::408,1
Durg::175,drug_target_interaction,Protein::139,1
Durg::607,drug_target_interaction,Protein::989,1
Durg::398,drug_target_interaction,Protein::442,1
Durg::340,drug_target_interaction,Protein::328,1
Durg::120,drug_target_interaction,Protein::435,1
Durg::521,drug_target_interaction,Protein::98,1
Durg::324,drug_target_interaction,Protein::407,1
Durg::627,drug_target_interaction,Protein::924,1
Durg::428,drug_target_interaction,Protein::175,1
Durg::122,drug_target_interaction,Protein::320,1
Durg::593,drug_target_interaction,Protein::183,1
Durg::340,drug_target_interaction,Protein::288,1
Durg::135,drug_target_interaction,Protein::106,1
Durg::183,drug_target_interaction,Protein::989,1
Durg::148,drug_target_interaction,Protein::221,1
Durg::86,drug_target_interaction,Protein::515,1
Durg::70,drug_target_interaction,Protein::346,1
Durg::499,drug_target_interaction,Protein::1152,1
Durg::242,drug_target_interaction,Protein::461,1
Durg::588,drug_target_interaction,Protein::288,1
Durg::332,drug_target_interaction,Protein::423,1
Durg::264,drug_target_interaction,Protein::442,1
Durg::495,drug_target_interaction,Protein::10,1
Durg::343,drug_target_interaction,Protein::328,1
Durg::175,drug_target_interaction,Protein::278,1
Durg::268,drug_target_interaction,Protein::1022,1
Durg::477,drug_target_interaction,Protein::330,1
Durg::564,drug_target_interaction,Protein::278,1
Durg::523,drug_target_interaction,Protein::71,1
Durg::423,drug_target_interaction,Protein::1167,1
Durg::297,drug_target_interaction,Protein::115,1
Durg::616,drug_target_interaction,Protein::330,1
Durg::561,drug_target_interaction,Protein::669,1
Durg::101,drug_target_interaction,Protein::221,1
Durg::183,drug_target_interaction,Protein::1167,1
Durg::588,drug_target_interaction,Protein::461,1
Durg::423,drug_target_interaction,Protein::987,1
Durg::268,drug_target_interaction,Protein::258,1
Durg::644,drug_target_interaction,Protein::242,1
Durg::340,drug_target_interaction,Protein::221,1
Durg::392,drug_target_interaction,Protein::232,1
Durg::300,drug_target_interaction,Protein::67,1
Durg::130,drug_target_interaction,Protein::232,1
Durg::374,drug_target_interaction,Protein::6,1
Durg::48,drug_target_interaction,Protein::83,1
Durg::505,drug_target_interaction,Protein::524,1
Durg::683,drug_target_interaction,Protein::64,1
Durg::574,drug_target_interaction,Protein::366,1
Durg::523,drug_target_interaction,Protein::460,1
Durg::164,drug_target_interaction,Protein::189,1
Durg::330,drug_target_interaction,Protein::26,1
Durg::434,drug_target_interaction,Protein::450,1
Durg::506,drug_target_interaction,Protein::26,1
Durg::268,drug_target_interaction,Protein::113,1
Durg::613,drug_target_interaction,Protein::362,1
Durg::281,drug_target_interaction,Protein::189,1
Durg::550,drug_target_interaction,Protein::993,1
Durg::316,drug_target_interaction,Protein::328,1
Durg::521,drug_target_interaction,Protein::545,1
Durg::12,drug_target_interaction,Protein::988,1
Durg::592,drug_target_interaction,Protein::98,1
Durg::616,drug_target_interaction,Protein::561,1
Durg::691,drug_target_interaction,Protein::243,1
Durg::122,drug_target_interaction,Protein::73,1
Durg::423,drug_target_interaction,Protein::302,1
Durg::338,drug_target_interaction,Protein::423,1
Durg::366,drug_target_interaction,Protein::124,1
Durg::672,drug_target_interaction,Protein::1170,1
Durg::432,drug_target_interaction,Protein::108,1
Durg::176,drug_target_interaction,Protein::237,1
Durg::396,drug_target_interaction,Protein::1170,1
Durg::299,drug_target_interaction,Protein::1504,1
Durg::93,drug_target_interaction,Protein::164,1
Durg::481,drug_target_interaction,Protein::42,1
Durg::145,drug_target_interaction,Protein::12,1
Durg::554,drug_target_interaction,Protein::94,1
Durg::271,drug_target_interaction,Protein::328,1
Durg::330,drug_target_interaction,Protein::322,1
Durg::427,drug_target_interaction,Protein::418,1
Durg::393,drug_target_interaction,Protein::241,1
Durg::115,drug_target_interaction,Protein::858,1
Durg::46,drug_target_interaction,Protein::1180,1
Durg::48,drug_target_interaction,Protein::374,1
Durg::368,drug_target_interaction,Protein::10,1
Durg::83,drug_target_interaction,Protein::248,1
Durg::628,drug_target_interaction,Protein::138,1
Durg::160,drug_target_interaction,Protein::322,1
Durg::163,drug_target_interaction,Protein::327,1
Durg::262,drug_target_interaction,Protein::918,1
Durg::322,drug_target_interaction,Protein::442,1
Durg::528,drug_target_interaction,Protein::1202,1
Durg::251,drug_target_interaction,Protein::10,1
Durg::672,drug_target_interaction,Protein::1169,1
Durg::89,drug_target_interaction,Protein::440,1
Durg::600,drug_target_interaction,Protein::426,1
Durg::704,drug_target_interaction,Protein::442,1
Durg::400,drug_target_interaction,Protein::12,1
Durg::588,drug_target_interaction,Protein::407,1
Durg::567,drug_target_interaction,Protein::309,1
Durg::694,drug_target_interaction,Protein::561,1
Durg::433,drug_target_interaction,Protein::924,1
Durg::74,drug_target_interaction,Protein::326,1
Durg::306,drug_target_interaction,Protein::989,1
Durg::322,drug_target_interaction,Protein::243,1
Durg::101,drug_target_interaction,Protein::322,1
Durg::696,drug_target_interaction,Protein::243,1
Durg::461,drug_target_interaction,Protein::150,1
Durg::43,drug_target_interaction,Protein::460,1
Durg::12,drug_target_interaction,Protein::1167,1
Durg::423,drug_target_interaction,Protein::421,1
Durg::176,drug_target_interaction,Protein::43,1
Durg::691,drug_target_interaction,Protein::175,1
Durg::226,drug_target_interaction,Protein::81,1
Durg::14,drug_target_interaction,Protein::990,1
Durg::228,drug_target_interaction,Protein::288,1
Durg::329,drug_target_interaction,Protein::83,1
Durg::23,drug_target_interaction,Protein::546,1
Durg::357,drug_target_interaction,Protein::916,1
Durg::109,drug_target_interaction,Protein::328,1
Durg::140,drug_target_interaction,Protein::67,1
Durg::388,drug_target_interaction,Protein::1169,1
Durg::310,drug_target_interaction,Protein::989,1
Durg::148,drug_target_interaction,Protein::326,1
Durg::546,drug_target_interaction,Protein::317,1
Durg::641,drug_target_interaction,Protein::394,1
Durg::281,drug_target_interaction,Protein::516,1
Durg::110,drug_target_interaction,Protein::988,1
Durg::23,drug_target_interaction,Protein::6,1
Durg::550,drug_target_interaction,Protein::998,1
Durg::145,drug_target_interaction,Protein::309,1
Durg::203,drug_target_interaction,Protein::1202,1
Durg::433,drug_target_interaction,Protein::311,1
Durg::564,drug_target_interaction,Protein::309,1
Durg::569,drug_target_interaction,Protein::394,1
Durg::631,drug_target_interaction,Protein::258,1
Durg::272,drug_target_interaction,Protein::241,1
Durg::341,drug_target_interaction,Protein::19,1
Durg::552,drug_target_interaction,Protein::98,1
Durg::564,drug_target_interaction,Protein::232,1
Durg::423,drug_target_interaction,Protein::71,1
Durg::194,drug_target_interaction,Protein::394,1
Durg::285,drug_target_interaction,Protein::185,1
Durg::345,drug_target_interaction,Protein::108,1
Durg::50,drug_target_interaction,Protein::326,1
Durg::76,drug_target_interaction,Protein::442,1
Durg::43,drug_target_interaction,Protein::421,1
Durg::599,drug_target_interaction,Protein::98,1
Durg::40,drug_target_interaction,Protein::1000,1
Durg::532,drug_target_interaction,Protein::573,1
Durg::579,drug_target_interaction,Protein::709,1
Durg::329,drug_target_interaction,Protein::330,1
Durg::228,drug_target_interaction,Protein::430,1
Durg::441,drug_target_interaction,Protein::1150,1
Durg::388,drug_target_interaction,Protein::421,1
Durg::597,drug_target_interaction,Protein::194,1
Durg::388,drug_target_interaction,Protein::987,1
Durg::310,drug_target_interaction,Protein::460,1
Durg::367,drug_target_interaction,Protein::475,1
Durg::176,drug_target_interaction,Protein::114,1
Durg::93,drug_target_interaction,Protein::430,1
Durg::349,drug_target_interaction,Protein::62,1
Durg::373,drug_target_interaction,Protein::322,1
Durg::125,drug_target_interaction,Protein::309,1
Durg::594,drug_target_interaction,Protein::108,1
Durg::696,drug_target_interaction,Protein::442,1
Durg::15,drug_target_interaction,Protein::922,1
Durg::217,drug_target_interaction,Protein::570,1
Durg::544,drug_target_interaction,Protein::366,1
Durg::225,drug_target_interaction,Protein::232,1
Durg::597,drug_target_interaction,Protein::288,1
Durg::430,drug_target_interaction,Protein::141,1
Durg::561,drug_target_interaction,Protein::588,1
Durg::140,drug_target_interaction,Protein::320,1
Durg::388,drug_target_interaction,Protein::1166,1
Durg::616,drug_target_interaction,Protein::83,1
Durg::596,drug_target_interaction,Protein::421,1
Durg::623,drug_target_interaction,Protein::361,1
Durg::136,drug_target_interaction,Protein::328,1
Durg::78,drug_target_interaction,Protein::99,1
Durg::310,drug_target_interaction,Protein::987,1
Durg::130,drug_target_interaction,Protein::139,1
Durg::286,drug_target_interaction,Protein::279,1
Durg::575,drug_target_interaction,Protein::288,1
Durg::559,drug_target_interaction,Protein::459,1
Durg::50,drug_target_interaction,Protein::368,1
Durg::102,drug_target_interaction,Protein::98,1
Durg::654,drug_target_interaction,Protein::64,1
Durg::268,drug_target_interaction,Protein::689,1
Durg::550,drug_target_interaction,Protein::241,1
Durg::306,drug_target_interaction,Protein::988,1
Durg::616,drug_target_interaction,Protein::12,1
Durg::49,drug_target_interaction,Protein::223,1
Durg::358,drug_target_interaction,Protein::426,1
Durg::50,drug_target_interaction,Protein::83,1
Durg::444,drug_target_interaction,Protein::241,1
Durg::391,drug_target_interaction,Protein::320,1
Durg::302,drug_target_interaction,Protein::328,1
Durg::460,drug_target_interaction,Protein::460,1
Durg::101,drug_target_interaction,Protein::328,1
Durg::294,drug_target_interaction,Protein::98,1
Durg::631,drug_target_interaction,Protein::486,1
Durg::539,drug_target_interaction,Protein::1202,1
Durg::603,drug_target_interaction,Protein::394,1
Durg::572,drug_target_interaction,Protein::418,1
Durg::529,drug_target_interaction,Protein::309,1
Durg::144,drug_target_interaction,Protein::988,1
Durg::388,drug_target_interaction,Protein::1170,1
Durg::671,drug_target_interaction,Protein::26,1
Durg::588,drug_target_interaction,Protein::309,1
Durg::405,drug_target_interaction,Protein::10,1
Durg::101,drug_target_interaction,Protein::26,1
Durg::393,drug_target_interaction,Protein::243,1
Durg::550,drug_target_interaction,Protein::452,1
Durg::569,drug_target_interaction,Protein::139,1
Durg::196,drug_target_interaction,Protein::482,1
Durg::672,drug_target_interaction,Protein::71,1
Durg::148,drug_target_interaction,Protein::223,1
Durg::92,drug_target_interaction,Protein::461,1
Durg::441,drug_target_interaction,Protein::696,1
Durg::597,drug_target_interaction,Protein::12,1
Durg::691,drug_target_interaction,Protein::278,1
Durg::27,drug_target_interaction,Protein::189,1
Durg::458,drug_target_interaction,Protein::461,1
Durg::521,drug_target_interaction,Protein::1010,1
Durg::183,drug_target_interaction,Protein::460,1
Durg::110,drug_target_interaction,Protein::302,1
Durg::652,drug_target_interaction,Protein::647,1
Durg::580,drug_target_interaction,Protein::310,1
Durg::151,drug_target_interaction,Protein::493,1
Durg::404,drug_target_interaction,Protein::459,1
Durg::228,drug_target_interaction,Protein::278,1
Durg::110,drug_target_interaction,Protein::273,1
Durg::532,drug_target_interaction,Protein::390,1
Durg::347,drug_target_interaction,Protein::460,1
Durg::499,drug_target_interaction,Protein::998,1
Durg::121,drug_target_interaction,Protein::312,1
Durg::299,drug_target_interaction,Protein::1165,1
Durg::48,drug_target_interaction,Protein::164,1
Durg::686,drug_target_interaction,Protein::278,1
Durg::85,drug_target_interaction,Protein::475,1
Durg::573,drug_target_interaction,Protein::310,1
Durg::88,drug_target_interaction,Protein::150,1
Durg::184,drug_target_interaction,Protein::366,1
Durg::31,drug_target_interaction,Protein::114,1
Durg::601,drug_target_interaction,Protein::1166,1
Durg::394,drug_target_interaction,Protein::364,1
Durg::344,drug_target_interaction,Protein::237,1
Durg::10,drug_target_interaction,Protein::1165,1
Durg::292,drug_target_interaction,Protein::48,1
Durg::144,drug_target_interaction,Protein::987,1
Durg::65,drug_target_interaction,Protein::99,1
Durg::678,drug_target_interaction,Protein::435,1
Durg::553,drug_target_interaction,Protein::418,1
Durg::333,drug_target_interaction,Protein::89,1
Durg::370,drug_target_interaction,Protein::114,1
Durg::409,drug_target_interaction,Protein::108,1
Durg::616,drug_target_interaction,Protein::221,1
Durg::23,drug_target_interaction,Protein::424,1
Durg::624,drug_target_interaction,Protein::374,1
Durg::178,drug_target_interaction,Protein::10,1
Durg::316,drug_target_interaction,Protein::326,1
Durg::549,drug_target_interaction,Protein::278,1
Durg::151,drug_target_interaction,Protein::460,1
Durg::659,drug_target_interaction,Protein::81,1
Durg::680,drug_target_interaction,Protein::696,1
Durg::437,drug_target_interaction,Protein::435,1
Durg::199,drug_target_interaction,Protein::857,1
Durg::90,drug_target_interaction,Protein::358,1
Durg::524,drug_target_interaction,Protein::232,1
Durg::422,drug_target_interaction,Protein::459,1
Durg::293,drug_target_interaction,Protein::73,1
Durg::614,drug_target_interaction,Protein::459,1
Durg::349,drug_target_interaction,Protein::422,1
Durg::420,drug_target_interaction,Protein::340,1
Durg::280,drug_target_interaction,Protein::327,1
Durg::587,drug_target_interaction,Protein::73,1
Durg::356,drug_target_interaction,Protein::665,1
Durg::299,drug_target_interaction,Protein::423,1
Durg::396,drug_target_interaction,Protein::460,1
Durg::425,drug_target_interaction,Protein::442,1
Durg::185,drug_target_interaction,Protein::12,1
Durg::97,drug_target_interaction,Protein::574,1
Durg::144,drug_target_interaction,Protein::1170,1
Durg::624,drug_target_interaction,Protein::12,1
Durg::12,drug_target_interaction,Protein::71,1
Durg::255,drug_target_interaction,Protein::200,1
Durg::205,drug_target_interaction,Protein::60,1
Durg::524,drug_target_interaction,Protein::26,1
Durg::138,drug_target_interaction,Protein::1202,1
Durg::661,drug_target_interaction,Protein::67,1
Durg::504,drug_target_interaction,Protein::513,1
Durg::524,drug_target_interaction,Protein::241,1
Durg::261,drug_target_interaction,Protein::608,1
Durg::617,drug_target_interaction,Protein::26,1
Durg::43,drug_target_interaction,Protein::987,1
Durg::622,drug_target_interaction,Protein::244,1
Durg::499,drug_target_interaction,Protein::1151,1
Durg::334,drug_target_interaction,Protein::319,1
Durg::122,drug_target_interaction,Protein::67,1
Durg::433,drug_target_interaction,Protein::853,1
Durg::128,drug_target_interaction,Protein::271,1
Durg::204,drug_target_interaction,Protein::150,1
Durg::35,drug_target_interaction,Protein::263,1
Durg::376,drug_target_interaction,Protein::232,1
Durg::151,drug_target_interaction,Protein::302,1
Durg::93,drug_target_interaction,Protein::278,1
Durg::613,drug_target_interaction,Protein::435,1
Durg::316,drug_target_interaction,Protein::288,1
Durg::118,drug_target_interaction,Protein::81,1
Durg::432,drug_target_interaction,Protein::88,1
Durg::433,drug_target_interaction,Protein::854,1
Durg::194,drug_target_interaction,Protein::98,1
Durg::120,drug_target_interaction,Protein::12,1
Durg::170,drug_target_interaction,Protein::288,1
Durg::255,drug_target_interaction,Protein::286,1
Durg::62,drug_target_interaction,Protein::279,1
Durg::624,drug_target_interaction,Protein::309,1
Durg::261,drug_target_interaction,Protein::428,1
Durg::48,drug_target_interaction,Protein::461,1
Durg::462,drug_target_interaction,Protein::288,1
Durg::575,drug_target_interaction,Protein::407,1
Durg::694,drug_target_interaction,Protein::330,1
Durg::419,drug_target_interaction,Protein::319,1
Durg::410,drug_target_interaction,Protein::183,1
Durg::624,drug_target_interaction,Protein::221,1
Durg::170,drug_target_interaction,Protein::916,1
Durg::251,drug_target_interaction,Protein::150,1
Durg::292,drug_target_interaction,Protein::203,1
Durg::672,drug_target_interaction,Protein::987,1
Durg::429,drug_target_interaction,Protein::335,1
Durg::299,drug_target_interaction,Protein::1163,1
Durg::283,drug_target_interaction,Protein::136,1
Durg::294,drug_target_interaction,Protein::288,1
Durg::597,drug_target_interaction,Protein::309,1
Durg::656,drug_target_interaction,Protein::418,1
Durg::590,drug_target_interaction,Protein::361,1
Durg::693,drug_target_interaction,Protein::166,1
Durg::423,drug_target_interaction,Protein::460,1
Durg::557,drug_target_interaction,Protein::73,1
Durg::245,drug_target_interaction,Protein::326,1
Durg::226,drug_target_interaction,Protein::783,1
Durg::588,drug_target_interaction,Protein::330,1
Durg::396,drug_target_interaction,Protein::987,1
Durg::17,drug_target_interaction,Protein::98,1
Durg::128,drug_target_interaction,Protein::608,1
Durg::167,drug_target_interaction,Protein::426,1
Durg::494,drug_target_interaction,Protein::459,1
Durg::540,drug_target_interaction,Protein::327,1
Durg::12,drug_target_interaction,Protein::989,1
Durg::306,drug_target_interaction,Protein::460,1
Durg::58,drug_target_interaction,Protein::435,1
Durg::582,drug_target_interaction,Protein::426,1
Durg::175,drug_target_interaction,Protein::407,1
Durg::268,drug_target_interaction,Protein::635,1
Durg::230,drug_target_interaction,Protein::143,1
Durg::197,drug_target_interaction,Protein::124,1
Durg::201,drug_target_interaction,Protein::26,1
Durg::329,drug_target_interaction,Protein::223,1
Durg::370,drug_target_interaction,Protein::43,1
Durg::475,drug_target_interaction,Protein::394,1
Durg::294,drug_target_interaction,Protein::407,1
Durg::183,drug_target_interaction,Protein::302,1
Durg::671,drug_target_interaction,Protein::322,1
Durg::368,drug_target_interaction,Protein::709,1
Durg::156,drug_target_interaction,Protein::460,1
Durg::616,drug_target_interaction,Protein::194,1
Durg::356,drug_target_interaction,Protein::518,1
Durg::19,drug_target_interaction,Protein::856,1
Durg::499,drug_target_interaction,Protein::994,1
Durg::131,drug_target_interaction,Protein::175,1
Durg::541,drug_target_interaction,Protein::241,1
Durg::361,drug_target_interaction,Protein::605,1
Durg::114,drug_target_interaction,Protein::317,1
Durg::153,drug_target_interaction,Protein::380,1
Durg::520,drug_target_interaction,Protein::322,1
Durg::384,drug_target_interaction,Protein::78,1
Durg::174,drug_target_interaction,Protein::48,1
Durg::36,drug_target_interaction,Protein::426,1
Durg::292,drug_target_interaction,Protein::430,1
Durg::694,drug_target_interaction,Protein::221,1
Durg::580,drug_target_interaction,Protein::362,1
Durg::450,drug_target_interaction,Protein::394,1
Durg::433,drug_target_interaction,Protein::1183,1
Durg::42,drug_target_interaction,Protein::203,1
Durg::425,drug_target_interaction,Protein::243,1
Durg::579,drug_target_interaction,Protein::851,1
Durg::12,drug_target_interaction,Protein::987,1
Durg::564,drug_target_interaction,Protein::430,1
Durg::367,drug_target_interaction,Protein::273,1
Durg::193,drug_target_interaction,Protein::32,1
Durg::686,drug_target_interaction,Protein::430,1
Durg::451,drug_target_interaction,Protein::240,1
Durg::35,drug_target_interaction,Protein::368,1
Durg::43,drug_target_interaction,Protein::1169,1
Durg::16,drug_target_interaction,Protein::430,1
Durg::112,drug_target_interaction,Protein::320,1
Durg::518,drug_target_interaction,Protein::426,1
Durg::176,drug_target_interaction,Protein::82,1
Durg::444,drug_target_interaction,Protein::194,1
Durg::40,drug_target_interaction,Protein::296,1
Durg::694,drug_target_interaction,Protein::435,1
Durg::329,drug_target_interaction,Protein::309,1
Durg::183,drug_target_interaction,Protein::1169,1
Durg::662,drug_target_interaction,Protein::26,1
Durg::144,drug_target_interaction,Protein::302,1
Durg::564,drug_target_interaction,Protein::326,1
Durg::19,drug_target_interaction,Protein::134,1
Durg::542,drug_target_interaction,Protein::185,1
Durg::694,drug_target_interaction,Protein::288,1
Durg::586,drug_target_interaction,Protein::330,1
Durg::315,drug_target_interaction,Protein::183,1
Durg::669,drug_target_interaction,Protein::278,1
Durg::201,drug_target_interaction,Protein::232,1
Durg::541,drug_target_interaction,Protein::48,1
Durg::573,drug_target_interaction,Protein::1161,1
Durg::40,drug_target_interaction,Protein::327,1
Durg::15,drug_target_interaction,Protein::924,1
Durg::669,drug_target_interaction,Protein::430,1
Durg::622,drug_target_interaction,Protein::2,1
Durg::48,drug_target_interaction,Protein::288,1
Durg::92,drug_target_interaction,Protein::223,1
Durg::271,drug_target_interaction,Protein::407,1
Durg::477,drug_target_interaction,Protein::435,1
Durg::375,drug_target_interaction,Protein::383,1
Durg::291,drug_target_interaction,Protein::737,1
Durg::190,drug_target_interaction,Protein::150,1
Durg::616,drug_target_interaction,Protein::139,1
Durg::16,drug_target_interaction,Protein::243,1
Durg::48,drug_target_interaction,Protein::368,1
Durg::144,drug_target_interaction,Protein::1166,1
Durg::516,drug_target_interaction,Protein::10,1
Durg::371,drug_target_interaction,Protein::194,1
Durg::103,drug_target_interaction,Protein::1011,1
Durg::433,drug_target_interaction,Protein::1186,1
Durg::425,drug_target_interaction,Protein::358,1
Durg::43,drug_target_interaction,Protein::302,1
Durg::272,drug_target_interaction,Protein::12,1
Durg::35,drug_target_interaction,Protein::374,1
Durg::46,drug_target_interaction,Protein::142,1
Durg::502,drug_target_interaction,Protein::33,1
Durg::668,drug_target_interaction,Protein::1170,1
Durg::2,drug_target_interaction,Protein::453,1
Durg::667,drug_target_interaction,Protein::279,1
Durg::367,drug_target_interaction,Protein::985,1
Durg::546,drug_target_interaction,Protein::2,1
Durg::504,drug_target_interaction,Protein::648,1
Durg::626,drug_target_interaction,Protein::309,1
Durg::243,drug_target_interaction,Protein::139,1
Durg::58,drug_target_interaction,Protein::12,1
Durg::120,drug_target_interaction,Protein::221,1
Durg::65,drug_target_interaction,Protein::108,1
Durg::616,drug_target_interaction,Protein::232,1
Durg::50,drug_target_interaction,Protein::330,1
Durg::534,drug_target_interaction,Protein::26,1
Durg::133,drug_target_interaction,Protein::993,1
Durg::125,drug_target_interaction,Protein::164,1
Durg::93,drug_target_interaction,Protein::26,1
Durg::588,drug_target_interaction,Protein::374,1
Durg::266,drug_target_interaction,Protein::717,1
Durg::276,drug_target_interaction,Protein::315,1
Durg::424,drug_target_interaction,Protein::266,1
Durg::485,drug_target_interaction,Protein::461,1
Durg::455,drug_target_interaction,Protein::263,1
Durg::335,drug_target_interaction,Protein::322,1
Durg::521,drug_target_interaction,Protein::613,1
Durg::573,drug_target_interaction,Protein::657,1
Durg::626,drug_target_interaction,Protein::466,1
Durg::631,drug_target_interaction,Protein::484,1
Durg::10,drug_target_interaction,Protein::423,1
Durg::251,drug_target_interaction,Protein::140,1
Durg::82,drug_target_interaction,Protein::43,1
Durg::588,drug_target_interaction,Protein::83,1
Durg::361,drug_target_interaction,Protein::924,1
Durg::496,drug_target_interaction,Protein::610,1
Durg::108,drug_target_interaction,Protein::430,1
Durg::279,drug_target_interaction,Protein::135,1
Durg::156,drug_target_interaction,Protein::302,1
Durg::570,drug_target_interaction,Protein::1164,1
Durg::332,drug_target_interaction,Protein::175,1
Durg::436,drug_target_interaction,Protein::115,1
Durg::58,drug_target_interaction,Protein::223,1
Durg::286,drug_target_interaction,Protein::6,1
Durg::161,drug_target_interaction,Protein::927,1
Durg::189,drug_target_interaction,Protein::67,1
Durg::442,drug_target_interaction,Protein::442,1
Durg::433,drug_target_interaction,Protein::1184,1
Durg::108,drug_target_interaction,Protein::278,1
Durg::228,drug_target_interaction,Protein::435,1
Durg::579,drug_target_interaction,Protein::624,1
Durg::694,drug_target_interaction,Protein::60,1
Durg::310,drug_target_interaction,Protein::1166,1
Durg::668,drug_target_interaction,Protein::987,1
Durg::292,drug_target_interaction,Protein::276,1
Durg::85,drug_target_interaction,Protein::273,1
Durg::329,drug_target_interaction,Protein::374,1
Durg::524,drug_target_interaction,Protein::139,1
Durg::14,drug_target_interaction,Protein::269,1
Durg::433,drug_target_interaction,Protein::1187,1
Durg::255,drug_target_interaction,Protein::389,1
Durg::396,drug_target_interaction,Protein::1166,1
Durg::363,drug_target_interaction,Protein::67,1
Durg::624,drug_target_interaction,Protein::330,1
Durg::69,drug_target_interaction,Protein::366,1
Durg::340,drug_target_interaction,Protein::12,1
Durg::172,drug_target_interaction,Protein::206,1
Durg::651,drug_target_interaction,Protein::124,1
Durg::597,drug_target_interaction,Protein::461,1
Durg::68,drug_target_interaction,Protein::726,1
Durg::567,drug_target_interaction,Protein::430,1
Durg::175,drug_target_interaction,Protein::232,1
Durg::93,drug_target_interaction,Protein::1175,1
Durg::133,drug_target_interaction,Protein::998,1
Durg::245,drug_target_interaction,Protein::164,1
Durg::31,drug_target_interaction,Protein::237,1
Durg::396,drug_target_interaction,Protein::71,1
Durg::590,drug_target_interaction,Protein::290,1
Durg::397,drug_target_interaction,Protein::246,1
Durg::279,drug_target_interaction,Protein::6,1
Durg::698,drug_target_interaction,Protein::497,1
Durg::569,drug_target_interaction,Protein::26,1
Durg::74,drug_target_interaction,Protein::460,1
Durg::22,drug_target_interaction,Protein::181,1
Durg::183,drug_target_interaction,Protein::71,1
Durg::471,drug_target_interaction,Protein::426,1
Durg::655,drug_target_interaction,Protein::138,1
Durg::369,drug_target_interaction,Protein::33,1
Durg::668,drug_target_interaction,Protein::1167,1
Durg::588,drug_target_interaction,Protein::164,1
Durg::569,drug_target_interaction,Protein::278,1
Durg::110,drug_target_interaction,Protein::989,1
Durg::68,drug_target_interaction,Protein::512,1
Durg::523,drug_target_interaction,Protein::1167,1
Durg::324,drug_target_interaction,Protein::328,1
Durg::483,drug_target_interaction,Protein::940,1
Durg::595,drug_target_interaction,Protein::720,1
Durg::165,drug_target_interaction,Protein::185,1
Durg::484,drug_target_interaction,Protein::426,1
Durg::408,drug_target_interaction,Protein::395,1
Durg::220,drug_target_interaction,Protein::640,1
Durg::9,drug_target_interaction,Protein::64,1
Durg::306,drug_target_interaction,Protein::273,1
Durg::183,drug_target_interaction,Protein::1170,1
Durg::669,drug_target_interaction,Protein::366,1
Durg::668,drug_target_interaction,Protein::1169,1
Durg::585,drug_target_interaction,Protein::67,1
Durg::295,drug_target_interaction,Protein::263,1
Durg::127,drug_target_interaction,Protein::98,1
Durg::480,drug_target_interaction,Protein::10,1
Durg::460,drug_target_interaction,Protein::421,1
Durg::569,drug_target_interaction,Protein::583,1
Durg::521,drug_target_interaction,Protein::394,1
Durg::93,drug_target_interaction,Protein::528,1
Durg::581,drug_target_interaction,Protein::493,1
Durg::593,drug_target_interaction,Protein::311,1
Durg::458,drug_target_interaction,Protein::394,1
Durg::292,drug_target_interaction,Protein::995,1
Durg::310,drug_target_interaction,Protein::988,1
Durg::595,drug_target_interaction,Protein::67,1
Durg::302,drug_target_interaction,Protein::435,1
Durg::522,drug_target_interaction,Protein::115,1
Durg::405,drug_target_interaction,Protein::150,1
Durg::93,drug_target_interaction,Protein::243,1
Durg::183,drug_target_interaction,Protein::1166,1
Durg::433,drug_target_interaction,Protein::1034,1
Durg::275,drug_target_interaction,Protein::448,1
Durg::289,drug_target_interaction,Protein::430,1
Durg::654,drug_target_interaction,Protein::278,1
Durg::478,drug_target_interaction,Protein::916,1
Durg::564,drug_target_interaction,Protein::223,1
Durg::597,drug_target_interaction,Protein::326,1
Durg::204,drug_target_interaction,Protein::10,1
Durg::268,drug_target_interaction,Protein::495,1
Durg::585,drug_target_interaction,Protein::442,1
Durg::479,drug_target_interaction,Protein::858,1
Durg::43,drug_target_interaction,Protein::1167,1
Durg::310,drug_target_interaction,Protein::1169,1
Durg::253,drug_target_interaction,Protein::459,1
Durg::616,drug_target_interaction,Protein::435,1
Durg::700,drug_target_interaction,Protein::28,1
Durg::58,drug_target_interaction,Protein::164,1
Durg::299,drug_target_interaction,Protein::1508,1
Durg::597,drug_target_interaction,Protein::223,1
Durg::60,drug_target_interaction,Protein::197,1
Durg::84,drug_target_interaction,Protein::289,1
Durg::295,drug_target_interaction,Protein::461,1
Durg::658,drug_target_interaction,Protein::608,1
Durg::607,drug_target_interaction,Protein::1170,1
Durg::669,drug_target_interaction,Protein::164,1
Durg::423,drug_target_interaction,Protein::1169,1
Durg::299,drug_target_interaction,Protein::246,1
Durg::97,drug_target_interaction,Protein::814,1
Durg::423,drug_target_interaction,Protein::989,1
Durg::603,drug_target_interaction,Protein::98,1
Durg::624,drug_target_interaction,Protein::26,1
Durg::340,drug_target_interaction,Protein::164,1
Durg::388,drug_target_interaction,Protein::1167,1
Durg::146,drug_target_interaction,Protein::322,1
Durg::576,drug_target_interaction,Protein::426,1
Durg::120,drug_target_interaction,Protein::561,1
Durg::622,drug_target_interaction,Protein::40,1
Durg::676,drug_target_interaction,Protein::319,1
Durg::148,drug_target_interaction,Protein::83,1
Durg::377,drug_target_interaction,Protein::423,1
Durg::553,drug_target_interaction,Protein::183,1
Durg::652,drug_target_interaction,Protein::707,1
Durg::140,drug_target_interaction,Protein::195,1
Durg::499,drug_target_interaction,Protein::248,1
Durg::261,drug_target_interaction,Protein::10,1
Durg::174,drug_target_interaction,Protein::328,1
Durg::573,drug_target_interaction,Protein::742,1
Durg::672,drug_target_interaction,Protein::273,1
Durg::329,drug_target_interaction,Protein::164,1
Durg::597,drug_target_interaction,Protein::435,1
Durg::344,drug_target_interaction,Protein::150,1
Durg::10,drug_target_interaction,Protein::1163,1
Durg::368,drug_target_interaction,Protein::19,1
Durg::41,drug_target_interaction,Protein::452,1
Durg::310,drug_target_interaction,Protein::1170,1
Durg::188,drug_target_interaction,Protein::1138,1
Durg::12,drug_target_interaction,Protein::1166,1
Durg::101,drug_target_interaction,Protein::83,1
Durg::133,drug_target_interaction,Protein::248,1
Durg::25,drug_target_interaction,Protein::1148,1
Durg::433,drug_target_interaction,Protein::183,1
Durg::317,drug_target_interaction,Protein::326,1
Durg::219,drug_target_interaction,Protein::108,1
Durg::175,drug_target_interaction,Protein::430,1
Durg::546,drug_target_interaction,Protein::1382,1
Durg::220,drug_target_interaction,Protein::150,1
Durg::255,drug_target_interaction,Protein::106,1
Durg::340,drug_target_interaction,Protein::330,1
Durg::340,drug_target_interaction,Protein::326,1
Durg::153,drug_target_interaction,Protein::73,1
Durg::455,drug_target_interaction,Protein::461,1
Durg::171,drug_target_interaction,Protein::288,1
Durg::616,drug_target_interaction,Protein::164,1
Durg::617,drug_target_interaction,Protein::322,1
Durg::90,drug_target_interaction,Protein::243,1
Durg::580,drug_target_interaction,Protein::99,1
Durg::110,drug_target_interaction,Protein::1167,1
Durg::368,drug_target_interaction,Protein::1502,1
Durg::257,drug_target_interaction,Protein::394,1
Durg::19,drug_target_interaction,Protein::1203,1
Durg::668,drug_target_interaction,Protein::273,1
Durg::277,drug_target_interaction,Protein::164,1
Durg::626,drug_target_interaction,Protein::223,1
Durg::31,drug_target_interaction,Protein::377,1
Durg::680,drug_target_interaction,Protein::279,1
Durg::123,drug_target_interaction,Protein::613,1
Durg::424,drug_target_interaction,Protein::127,1
Durg::587,drug_target_interaction,Protein::67,1
Durg::391,drug_target_interaction,Protein::459,1
Durg::567,drug_target_interaction,Protein::278,1
Durg::93,drug_target_interaction,Protein::1174,1
Durg::672,drug_target_interaction,Protein::460,1
Durg::310,drug_target_interaction,Protein::302,1
Durg::138,drug_target_interaction,Protein::998,1
Durg::271,drug_target_interaction,Protein::288,1
Durg::574,drug_target_interaction,Protein::99,1
Durg::316,drug_target_interaction,Protein::407,1
Durg::160,drug_target_interaction,Protein::26,1
Durg::15,drug_target_interaction,Protein::278,1
Durg::92,drug_target_interaction,Protein::164,1
Durg::592,drug_target_interaction,Protein::394,1
Durg::429,drug_target_interaction,Protein::34,1
Durg::340,drug_target_interaction,Protein::194,1
Durg::260,drug_target_interaction,Protein::320,1
Durg::637,drug_target_interaction,Protein::496,1
Durg::287,drug_target_interaction,Protein::358,1
Durg::544,drug_target_interaction,Protein::278,1
Durg::329,drug_target_interaction,Protein::326,1
Durg::48,drug_target_interaction,Protein::26,1
Durg::50,drug_target_interaction,Protein::164,1
Durg::121,drug_target_interaction,Protein::860,1
Durg::340,drug_target_interaction,Protein::374,1
Durg::631,drug_target_interaction,Protein::113,1
Durg::354,drug_target_interaction,Protein::581,1
Durg::421,drug_target_interaction,Protein::175,1
Durg::49,drug_target_interaction,Protein::309,1
Durg::151,drug_target_interaction,Protein::472,1
Durg::302,drug_target_interaction,Protein::12,1
Durg::87,drug_target_interaction,Protein::374,1
Durg::141,drug_target_interaction,Protein::21,1
Durg::537,drug_target_interaction,Protein::271,1
Durg::606,drug_target_interaction,Protein::98,1
Durg::120,drug_target_interaction,Protein::322,1
Durg::72,drug_target_interaction,Protein::278,1
Durg::281,drug_target_interaction,Protein::185,1
Durg::624,drug_target_interaction,Protein::175,1
Durg::335,drug_target_interaction,Protein::175,1
Durg::64,drug_target_interaction,Protein::1174,1
Durg::396,drug_target_interaction,Protein::989,1
Durg::368,drug_target_interaction,Protein::140,1
Durg::561,drug_target_interaction,Protein::288,1
Durg::569,drug_target_interaction,Protein::98,1
Durg::9,drug_target_interaction,Protein::366,1
Durg::567,drug_target_interaction,Protein::288,1
Durg::134,drug_target_interaction,Protein::916,1
Durg::126,drug_target_interaction,Protein::460,1
Durg::423,drug_target_interaction,Protein::273,1
Durg::206,drug_target_interaction,Protein::240,1
Durg::310,drug_target_interaction,Protein::71,1
Durg::41,drug_target_interaction,Protein::290,1
Durg::381,drug_target_interaction,Protein::852,1
Durg::52,drug_target_interaction,Protein::108,1
Durg::251,drug_target_interaction,Protein::814,1
Durg::132,drug_target_interaction,Protein::1202,1
Durg::579,drug_target_interaction,Protein::545,1
Durg::507,drug_target_interaction,Protein::922,1
Durg::389,drug_target_interaction,Protein::288,1
Durg::332,drug_target_interaction,Protein::362,1
Durg::573,drug_target_interaction,Protein::290,1
Durg::269,drug_target_interaction,Protein::459,1
Durg::255,drug_target_interaction,Protein::433,1
Durg::633,drug_target_interaction,Protein::459,1
Durg::398,drug_target_interaction,Protein::243,1
Durg::694,drug_target_interaction,Protein::223,1
Durg::536,drug_target_interaction,Protein::123,1
Durg::174,drug_target_interaction,Protein::407,1
Durg::306,drug_target_interaction,Protein::1166,1
Durg::480,drug_target_interaction,Protein::150,1
Durg::564,drug_target_interaction,Protein::60,1
Durg::250,drug_target_interaction,Protein::60,1
Durg::607,drug_target_interaction,Protein::1166,1
Durg::316,drug_target_interaction,Protein::164,1
Durg::143,drug_target_interaction,Protein::994,1
Durg::523,drug_target_interaction,Protein::989,1
Durg::50,drug_target_interaction,Protein::374,1
Durg::691,drug_target_interaction,Protein::430,1
Durg::179,drug_target_interaction,Protein::10,1
Durg::95,drug_target_interaction,Protein::459,1
Durg::0,drug_target_interaction,Protein::112,1
Durg::477,drug_target_interaction,Protein::366,1
Durg::31,drug_target_interaction,Protein::82,1
Durg::695,drug_target_interaction,Protein::120,1
Durg::172,drug_target_interaction,Protein::358,1
Durg::573,drug_target_interaction,Protein::362,1
Durg::645,drug_target_interaction,Protein::550,1
Durg::668,drug_target_interaction,Protein::988,1
Durg::638,drug_target_interaction,Protein::1164,1
Durg::361,drug_target_interaction,Protein::922,1
Durg::172,drug_target_interaction,Protein::259,1
Durg::554,drug_target_interaction,Protein::115,1
Durg::64,drug_target_interaction,Protein::26,1
Durg::247,drug_target_interaction,Protein::150,1
Durg::694,drug_target_interaction,Protein::309,1
Durg::507,drug_target_interaction,Protein::924,1
Durg::48,drug_target_interaction,Protein::330,1
Durg::96,drug_target_interaction,Protein::442,1
Durg::314,drug_target_interaction,Protein::1029,1
Durg::41,drug_target_interaction,Protein::460,1
Durg::672,drug_target_interaction,Protein::1166,1
Durg::292,drug_target_interaction,Protein::108,1
Durg::101,drug_target_interaction,Protein::232,1
Durg::458,drug_target_interaction,Protein::98,1
Durg::663,drug_target_interaction,Protein::459,1
Durg::616,drug_target_interaction,Protein::326,1
Durg::271,drug_target_interaction,Protein::993,1
Durg::523,drug_target_interaction,Protein::302,1
Durg::311,drug_target_interaction,Protein::124,1
Durg::514,drug_target_interaction,Protein::459,1
Durg::448,drug_target_interaction,Protein::435,1
Durg::5,drug_target_interaction,Protein::33,1
Durg::423,drug_target_interaction,Protein::988,1
Durg::442,drug_target_interaction,Protein::358,1
Durg::234,drug_target_interaction,Protein::852,1
Durg::420,drug_target_interaction,Protein::289,1
Durg::579,drug_target_interaction,Protein::636,1
Durg::185,drug_target_interaction,Protein::328,1
Durg::324,drug_target_interaction,Protein::288,1
Durg::431,drug_target_interaction,Protein::430,1
Durg::581,drug_target_interaction,Protein::472,1
Durg::379,drug_target_interaction,Protein::358,1
Durg::433,drug_target_interaction,Protein::1185,1
Durg::669,drug_target_interaction,Protein::326,1
Durg::694,drug_target_interaction,Protein::12,1
Durg::48,drug_target_interaction,Protein::435,1
Durg::61,drug_target_interaction,Protein::426,1
Durg::508,drug_target_interaction,Protein::1196,1
Durg::82,drug_target_interaction,Protein::401,1
Durg::672,drug_target_interaction,Protein::988,1
Durg::125,drug_target_interaction,Protein::175,1
Durg::567,drug_target_interaction,Protein::366,1
Durg::66,drug_target_interaction,Protein::448,1
Durg::120,drug_target_interaction,Protein::309,1
Durg::190,drug_target_interaction,Protein::738,1
Durg::93,drug_target_interaction,Protein::635,1
Durg::597,drug_target_interaction,Protein::221,1
Durg::123,drug_target_interaction,Protein::98,1
Durg::120,drug_target_interaction,Protein::330,1
Durg::93,drug_target_interaction,Protein::288,1
Durg::433,drug_target_interaction,Protein::276,1
Durg::433,drug_target_interaction,Protein::817,1
Durg::144,drug_target_interaction,Protein::421,1
Durg::528,drug_target_interaction,Protein::327,1
Durg::83,drug_target_interaction,Protein::88,1
Durg::423,drug_target_interaction,Protein::1166,1
Durg::459,drug_target_interaction,Protein::99,1
Durg::286,drug_target_interaction,Protein::696,1
Durg::97,drug_target_interaction,Protein::150,1
Durg::616,drug_target_interaction,Protein::288,1
Durg::48,drug_target_interaction,Protein::309,1
Durg::340,drug_target_interaction,Protein::309,1
Durg::580,drug_target_interaction,Protein::278,1
Durg::477,drug_target_interaction,Protein::221,1
Durg::388,drug_target_interaction,Protein::460,1
Durg::242,drug_target_interaction,Protein::394,1
Durg::130,drug_target_interaction,Protein::26,1
Durg::255,drug_target_interaction,Protein::526,1
Durg::193,drug_target_interaction,Protein::51,1
Durg::317,drug_target_interaction,Protein::1160,1
Durg::532,drug_target_interaction,Protein::1181,1
Durg::280,drug_target_interaction,Protein::637,1
Durg::41,drug_target_interaction,Protein::317,1
Durg::461,drug_target_interaction,Protein::10,1
Durg::77,drug_target_interaction,Protein::99,1
Durg::526,drug_target_interaction,Protein::315,1
Durg::136,drug_target_interaction,Protein::288,1
Durg::238,drug_target_interaction,Protein::1161,1
Durg::478,drug_target_interaction,Protein::246,1
Durg::521,drug_target_interaction,Protein::569,1
Durg::355,drug_target_interaction,Protein::291,1
Durg::185,drug_target_interaction,Protein::435,1
Durg::86,drug_target_interaction,Protein::144,1
Durg::245,drug_target_interaction,Protein::194,1
Durg::486,drug_target_interaction,Protein::311,1
Durg::154,drug_target_interaction,Protein::366,1
Durg::550,drug_target_interaction,Protein::994,1
Durg::302,drug_target_interaction,Protein::48,1
Durg::539,drug_target_interaction,Protein::509,1
Durg::58,drug_target_interaction,Protein::326,1
Durg::465,drug_target_interaction,Protein::164,1
Durg::63,drug_target_interaction,Protein::28,1
Durg::658,drug_target_interaction,Protein::39,1
Durg::545,drug_target_interaction,Protein::265,1
Durg::126,drug_target_interaction,Protein::273,1
Durg::523,drug_target_interaction,Protein::1169,1
Durg::454,drug_target_interaction,Protein::263,1
Durg::180,drug_target_interaction,Protein::140,1
Durg::535,drug_target_interaction,Protein::99,1
Durg::536,drug_target_interaction,Protein::1041,1
Durg::50,drug_target_interaction,Protein::221,1
Durg::561,drug_target_interaction,Protein::94,1
Durg::346,drug_target_interaction,Protein::288,1
Durg::271,drug_target_interaction,Protein::998,1
Durg::350,drug_target_interaction,Protein::175,1
Durg::616,drug_target_interaction,Protein::26,1
Durg::227,drug_target_interaction,Protein::124,1
Durg::424,drug_target_interaction,Protein::427,1
Durg::616,drug_target_interaction,Protein::374,1
Durg::262,drug_target_interaction,Protein::722,1
Durg::244,drug_target_interaction,Protein::10,1
Durg::621,drug_target_interaction,Protein::45,1
Durg::446,drug_target_interaction,Protein::1006,1
Durg::537,drug_target_interaction,Protein::663,1
Durg::493,drug_target_interaction,Protein::195,0
Durg::700,drug_target_interaction,Protein::189,0
Durg::15,drug_target_interaction,Protein::258,0
Durg::225,drug_target_interaction,Protein::1179,0
Durg::444,drug_target_interaction,Protein::139,0
Durg::203,drug_target_interaction,Protein::1506,0
Durg::78,drug_target_interaction,Protein::362,0
Durg::273,drug_target_interaction,Protein::470,0
Durg::370,drug_target_interaction,Protein::279,0
Durg::317,drug_target_interaction,Protein::319,0
Durg::88,drug_target_interaction,Protein::924,0
Durg::480,drug_target_interaction,Protein::592,0
Durg::80,drug_target_interaction,Protein::851,0
Durg::87,drug_target_interaction,Protein::614,0
Durg::582,drug_target_interaction,Protein::675,0
Durg::70,drug_target_interaction,Protein::1006,0
Durg::474,drug_target_interaction,Protein::357,0
Durg::494,drug_target_interaction,Protein::1167,0
Durg::17,drug_target_interaction,Protein::1160,0
Durg::115,drug_target_interaction,Protein::1188,0
Durg::537,drug_target_interaction,Protein::291,0
Durg::290,drug_target_interaction,Protein::515,0
Durg::199,drug_target_interaction,Protein::142,0
Durg::459,drug_target_interaction,Protein::918,0
Durg::362,drug_target_interaction,Protein::1180,0
Durg::229,drug_target_interaction,Protein::261,0
Durg::302,drug_target_interaction,Protein::636,0
Durg::68,drug_target_interaction,Protein::67,0
Durg::574,drug_target_interaction,Protein::1503,0
Durg::74,drug_target_interaction,Protein::160,0
Durg::9,drug_target_interaction,Protein::72,0
Durg::114,drug_target_interaction,Protein::707,0
Durg::428,drug_target_interaction,Protein::450,0
Durg::423,drug_target_interaction,Protein::993,0
Durg::233,drug_target_interaction,Protein::742,0
Durg::12,drug_target_interaction,Protein::1502,0
Durg::58,drug_target_interaction,Protein::357,0
Durg::595,drug_target_interaction,Protein::485,0
Durg::46,drug_target_interaction,Protein::617,0
Durg::363,drug_target_interaction,Protein::990,0
Durg::57,drug_target_interaction,Protein::916,0
Durg::294,drug_target_interaction,Protein::1000,0
Durg::99,drug_target_interaction,Protein::99,0
Durg::193,drug_target_interaction,Protein::320,0
Durg::130,drug_target_interaction,Protein::149,0
Durg::445,drug_target_interaction,Protein::358,0
Durg::367,drug_target_interaction,Protein::617,0
Durg::297,drug_target_interaction,Protein::150,0
Durg::460,drug_target_interaction,Protein::146,0
Durg::497,drug_target_interaction,Protein::448,0
Durg::522,drug_target_interaction,Protein::583,0
Durg::678,drug_target_interaction,Protein::362,0
Durg::395,drug_target_interaction,Protein::1006,0
Durg::626,drug_target_interaction,Protein::419,0
Durg::266,drug_target_interaction,Protein::221,0
Durg::415,drug_target_interaction,Protein::1163,0
Durg::294,drug_target_interaction,Protein::922,0
Durg::6,drug_target_interaction,Protein::48,0
Durg::609,drug_target_interaction,Protein::1508,0
Durg::138,drug_target_interaction,Protein::10,0
Durg::473,drug_target_interaction,Protein::1060,0
Durg::450,drug_target_interaction,Protein::200,0
Durg::42,drug_target_interaction,Protein::1187,0
Durg::549,drug_target_interaction,Protein::745,0
Durg::244,drug_target_interaction,Protein::42,0
Durg::112,drug_target_interaction,Protein::64,0
Durg::206,drug_target_interaction,Protein::360,0
Durg::298,drug_target_interaction,Protein::160,0
Durg::224,drug_target_interaction,Protein::1151,0
Durg::588,drug_target_interaction,Protein::261,0
Durg::503,drug_target_interaction,Protein::418,0
Durg::308,drug_target_interaction,Protein::448,0
Durg::395,drug_target_interaction,Protein::286,0
Durg::400,drug_target_interaction,Protein::637,0
Durg::668,drug_target_interaction,Protein::361,0
Durg::70,drug_target_interaction,Protein::1165,0
Durg::622,drug_target_interaction,Protein::366,0
Durg::71,drug_target_interaction,Protein::1000,0
Durg::364,drug_target_interaction,Protein::67,0
Durg::602,drug_target_interaction,Protein::991,0
Durg::329,drug_target_interaction,Protein::141,0
Durg::707,drug_target_interaction,Protein::45,0
Durg::652,drug_target_interaction,Protein::25,0
Durg::12,drug_target_interaction,Protein::82,0
Durg::581,drug_target_interaction,Protein::60,0
Durg::623,drug_target_interaction,Protein::1055,0
Durg::22,drug_target_interaction,Protein::854,0
Durg::652,drug_target_interaction,Protein::461,0
Durg::137,drug_target_interaction,Protein::62,0
Durg::508,drug_target_interaction,Protein::563,0
Durg::90,drug_target_interaction,Protein::669,0
Durg::137,drug_target_interaction,Protein::124,0
Durg::355,drug_target_interaction,Protein::1502,0
Durg::83,drug_target_interaction,Protein::608,0
Durg::13,drug_target_interaction,Protein::656,0
Durg::373,drug_target_interaction,Protein::1176,0
Durg::478,drug_target_interaction,Protein::73,0
Durg::407,drug_target_interaction,Protein::317,0
Durg::497,drug_target_interaction,Protein::1165,0
Durg::444,drug_target_interaction,Protein::778,0
Durg::213,drug_target_interaction,Protein::28,0
Durg::343,drug_target_interaction,Protein::145,0
Durg::536,drug_target_interaction,Protein::989,0
Durg::468,drug_target_interaction,Protein::1382,0
Durg::633,drug_target_interaction,Protein::924,0
Durg::600,drug_target_interaction,Protein::569,0
Durg::312,drug_target_interaction,Protein::195,0
Durg::458,drug_target_interaction,Protein::1176,0
Durg::585,drug_target_interaction,Protein::276,0
Durg::5,drug_target_interaction,Protein::427,0
Durg::114,drug_target_interaction,Protein::1185,0
Durg::22,drug_target_interaction,Protein::448,0
Durg::322,drug_target_interaction,Protein::518,0
Durg::478,drug_target_interaction,Protein::636,0
Durg::292,drug_target_interaction,Protein::1022,0
Durg::420,drug_target_interaction,Protein::773,0
Durg::85,drug_target_interaction,Protein::218,0
Durg::621,drug_target_interaction,Protein::1177,0
Durg::458,drug_target_interaction,Protein::509,0
Durg::652,drug_target_interaction,Protein::918,0
Durg::522,drug_target_interaction,Protein::88,0
Durg::210,drug_target_interaction,Protein::127,0
Durg::626,drug_target_interaction,Protein::1010,0
Durg::475,drug_target_interaction,Protein::269,0
Durg::573,drug_target_interaction,Protein::366,0
Durg::516,drug_target_interaction,Protein::637,0
Durg::283,drug_target_interaction,Protein::574,0
Durg::634,drug_target_interaction,Protein::368,0
Durg::40,drug_target_interaction,Protein::335,0
Durg::103,drug_target_interaction,Protein::624,0
Durg::486,drug_target_interaction,Protein::2,0
Durg::542,drug_target_interaction,Protein::206,0
Durg::36,drug_target_interaction,Protein::1162,0
Durg::243,drug_target_interaction,Protein::449,0
Durg::530,drug_target_interaction,Protein::1015,0
Durg::292,drug_target_interaction,Protein::134,0
Durg::590,drug_target_interaction,Protein::32,0
Durg::233,drug_target_interaction,Protein::988,0
Durg::381,drug_target_interaction,Protein::225,0
Durg::530,drug_target_interaction,Protein::7,0
Durg::122,drug_target_interaction,Protein::12,0
Durg::451,drug_target_interaction,Protein::568,0
Durg::571,drug_target_interaction,Protein::142,0
Durg::472,drug_target_interaction,Protein::426,0
Durg::127,drug_target_interaction,Protein::589,0
Durg::529,drug_target_interaction,Protein::421,0
Durg::31,drug_target_interaction,Protein::1203,0
Durg::426,drug_target_interaction,Protein::1167,0
Durg::472,drug_target_interaction,Protein::1165,0
Durg::43,drug_target_interaction,Protein::160,0
Durg::703,drug_target_interaction,Protein::90,0
Durg::544,drug_target_interaction,Protein::663,0
Durg::703,drug_target_interaction,Protein::654,0
Durg::312,drug_target_interaction,Protein::40,0
Durg::460,drug_target_interaction,Protein::1060,0
Durg::700,drug_target_interaction,Protein::783,0
Durg::70,drug_target_interaction,Protein::1011,0
Durg::680,drug_target_interaction,Protein::916,0
Durg::280,drug_target_interaction,Protein::1011,0
Durg::537,drug_target_interaction,Protein::1165,0
Durg::445,drug_target_interaction,Protein::31,0
Durg::193,drug_target_interaction,Protein::657,0
Durg::460,drug_target_interaction,Protein::984,0
Durg::71,drug_target_interaction,Protein::170,0
Durg::489,drug_target_interaction,Protein::574,0
Durg::697,drug_target_interaction,Protein::374,0
Durg::40,drug_target_interaction,Protein::814,0
Durg::536,drug_target_interaction,Protein::549,0
Durg::538,drug_target_interaction,Protein::694,0
Durg::128,drug_target_interaction,Protein::530,0
Durg::271,drug_target_interaction,Protein::291,0
Durg::134,drug_target_interaction,Protein::656,0
Durg::244,drug_target_interaction,Protein::727,0
Durg::340,drug_target_interaction,Protein::232,0
Durg::193,drug_target_interaction,Protein::145,0
Durg::109,drug_target_interaction,Protein::112,0
Durg::363,drug_target_interaction,Protein::364,0
Durg::678,drug_target_interaction,Protein::260,0
Durg::283,drug_target_interaction,Protein::374,0
Durg::669,drug_target_interaction,Protein::1066,0
Durg::652,drug_target_interaction,Protein::497,0
Durg::565,drug_target_interaction,Protein::1184,0
Durg::308,drug_target_interaction,Protein::1375,0
Durg::520,drug_target_interaction,Protein::1000,0
Durg::374,drug_target_interaction,Protein::851,0
Durg::52,drug_target_interaction,Protein::75,0
Durg::539,drug_target_interaction,Protein::402,0
Durg::2,drug_target_interaction,Protein::368,0
Durg::384,drug_target_interaction,Protein::288,0
Durg::171,drug_target_interaction,Protein::487,0
Durg::206,drug_target_interaction,Protein::14,0
Durg::20,drug_target_interaction,Protein::335,0
Durg::374,drug_target_interaction,Protein::265,0
Durg::103,drug_target_interaction,Protein::1163,0
Durg::538,drug_target_interaction,Protein::853,0
Durg::264,drug_target_interaction,Protein::18,0
Durg::240,drug_target_interaction,Protein::1166,0
Durg::537,drug_target_interaction,Protein::1164,0
Durg::90,drug_target_interaction,Protein::817,0
Durg::457,drug_target_interaction,Protein::523,0
Durg::421,drug_target_interaction,Protein::1009,0
Durg::295,drug_target_interaction,Protein::570,0
Durg::582,drug_target_interaction,Protein::1162,0
Durg::393,drug_target_interaction,Protein::858,0
Durg::618,drug_target_interaction,Protein::108,0
Durg::123,drug_target_interaction,Protein::259,0
Durg::532,drug_target_interaction,Protein::656,0
Durg::217,drug_target_interaction,Protein::51,0
Durg::426,drug_target_interaction,Protein::987,0
Durg::314,drug_target_interaction,Protein::145,0
Durg::488,drug_target_interaction,Protein::142,0
Durg::704,drug_target_interaction,Protein::7,0
Durg::4,drug_target_interaction,Protein::289,0
Durg::348,drug_target_interaction,Protein::726,0
Durg::85,drug_target_interaction,Protein::984,0
Durg::474,drug_target_interaction,Protein::115,0
Durg::628,drug_target_interaction,Protein::589,0
Durg::430,drug_target_interaction,Protein::1150,0
Durg::174,drug_target_interaction,Protein::108,0
Durg::299,drug_target_interaction,Protein::1066,0
Durg::227,drug_target_interaction,Protein::1503,0
Durg::538,drug_target_interaction,Protein::146,0
Durg::338,drug_target_interaction,Protein::570,0
Durg::561,drug_target_interaction,Protein::568,0
Durg::393,drug_target_interaction,Protein::648,0
Durg::325,drug_target_interaction,Protein::149,0
Durg::448,drug_target_interaction,Protein::783,0
Durg::159,drug_target_interaction,Protein::327,0
Durg::15,drug_target_interaction,Protein::141,0
Durg::87,drug_target_interaction,Protein::516,0
Durg::404,drug_target_interaction,Protein::1167,0
Durg::42,drug_target_interaction,Protein::916,0
Durg::151,drug_target_interaction,Protein::421,0
Durg::623,drug_target_interaction,Protein::995,0
Durg::32,drug_target_interaction,Protein::42,0
Durg::370,drug_target_interaction,Protein::851,0
Durg::226,drug_target_interaction,Protein::34,0
Durg::626,drug_target_interaction,Protein::814,0
Durg::306,drug_target_interaction,Protein::1029,0
Durg::476,drug_target_interaction,Protein::407,0
Durg::474,drug_target_interaction,Protein::300,0
Durg::329,drug_target_interaction,Protein::916,0
Durg::418,drug_target_interaction,Protein::592,0
Durg::663,drug_target_interaction,Protein::273,0
Durg::537,drug_target_interaction,Protein::1066,0
Durg::449,drug_target_interaction,Protein::413,0
Durg::229,drug_target_interaction,Protein::989,0
Durg::354,drug_target_interaction,Protein::450,0
Durg::301,drug_target_interaction,Protein::139,0
Durg::389,drug_target_interaction,Protein::117,0
Durg::138,drug_target_interaction,Protein::924,0
Durg::114,drug_target_interaction,Protein::1174,0
Durg::125,drug_target_interaction,Protein::496,0
Durg::295,drug_target_interaction,Protein::185,0
Durg::260,drug_target_interaction,Protein::738,0
Durg::617,drug_target_interaction,Protein::1161,0
Durg::370,drug_target_interaction,Protein::85,0
Durg::406,drug_target_interaction,Protein::278,0
Durg::536,drug_target_interaction,Protein::647,0
Durg::80,drug_target_interaction,Protein::694,0
Durg::275,drug_target_interaction,Protein::707,0
Durg::330,drug_target_interaction,Protein::466,0
Durg::280,drug_target_interaction,Protein::1173,0
Durg::552,drug_target_interaction,Protein::635,0
Durg::523,drug_target_interaction,Protein::64,0
Durg::365,drug_target_interaction,Protein::452,0
Durg::108,drug_target_interaction,Protein::360,0
Durg::573,drug_target_interaction,Protein::654,0
Durg::626,drug_target_interaction,Protein::144,0
Durg::408,drug_target_interaction,Protein::549,0
Durg::503,drug_target_interaction,Protein::512,0
Durg::539,drug_target_interaction,Protein::663,0
Durg::462,drug_target_interaction,Protein::1184,0
Durg::31,drug_target_interaction,Protein::315,0
Durg::76,drug_target_interaction,Protein::518,0
Durg::25,drug_target_interaction,Protein::1181,0
Durg::460,drug_target_interaction,Protein::149,0
Durg::153,drug_target_interaction,Protein::656,0
Durg::354,drug_target_interaction,Protein::170,0
Durg::333,drug_target_interaction,Protein::495,0
Durg::252,drug_target_interaction,Protein::440,0
Durg::693,drug_target_interaction,Protein::358,0
Durg::693,drug_target_interaction,Protein::505,0
Durg::46,drug_target_interaction,Protein::401,0
Durg::445,drug_target_interaction,Protein::452,0
Durg::691,drug_target_interaction,Protein::141,0
Durg::0,drug_target_interaction,Protein::380,0
Durg::491,drug_target_interaction,Protein::1502,0
Durg::444,drug_target_interaction,Protein::1150,0
Durg::609,drug_target_interaction,Protein::346,0
Durg::617,drug_target_interaction,Protein::549,0
Durg::84,drug_target_interaction,Protein::208,0
Durg::20,drug_target_interaction,Protein::401,0
Durg::188,drug_target_interaction,Protein::269,0
Durg::474,drug_target_interaction,Protein::150,0
Durg::659,drug_target_interaction,Protein::561,0
Durg::538,drug_target_interaction,Protein::43,0
Durg::338,drug_target_interaction,Protein::654,0
Durg::13,drug_target_interaction,Protein::545,0
Durg::535,drug_target_interaction,Protein::608,0
Durg::348,drug_target_interaction,Protein::497,0
Durg::654,drug_target_interaction,Protein::195,0
Durg::463,drug_target_interaction,Protein::428,0
Durg::676,drug_target_interaction,Protein::42,0
Durg::445,drug_target_interaction,Protein::466,0
Durg::450,drug_target_interaction,Protein::181,0
Durg::388,drug_target_interaction,Protein::927,0
Durg::504,drug_target_interaction,Protein::554,0
Durg::377,drug_target_interaction,Protein::45,0
Durg::23,drug_target_interaction,Protein::918,0
Durg::22,drug_target_interaction,Protein::427,0
Durg::196,drug_target_interaction,Protein::407,0
Durg::541,drug_target_interaction,Protein::613,0
Durg::640,drug_target_interaction,Protein::477,0
Durg::359,drug_target_interaction,Protein::453,0
Durg::550,drug_target_interaction,Protein::1184,0
Durg::473,drug_target_interaction,Protein::160,0
Durg::170,drug_target_interaction,Protein::440,0
Durg::28,drug_target_interaction,Protein::407,0
Durg::639,drug_target_interaction,Protein::1162,0
Durg::148,drug_target_interaction,Protein::1155,0
Durg::363,drug_target_interaction,Protein::7,0
Durg::34,drug_target_interaction,Protein::317,0
Durg::102,drug_target_interaction,Protein::817,0
Durg::309,drug_target_interaction,Protein::383,0
Durg::133,drug_target_interaction,Protein::1029,0
Durg::540,drug_target_interaction,Protein::170,0
Durg::239,drug_target_interaction,Protein::310,0
Durg::631,drug_target_interaction,Protein::248,0
Durg::486,drug_target_interaction,Protein::422,0
Durg::565,drug_target_interaction,Protein::160,0
Durg::310,drug_target_interaction,Protein::166,0
Durg::479,drug_target_interaction,Protein::515,0
Durg::314,drug_target_interaction,Protein::647,0
Durg::116,drug_target_interaction,Protein::18,0
Durg::281,drug_target_interaction,Protein::225,0
Durg::444,drug_target_interaction,Protein::145,0
Durg::400,drug_target_interaction,Protein::146,0
Durg::541,drug_target_interaction,Protein::475,0
Durg::322,drug_target_interaction,Protein::99,0
Durg::398,drug_target_interaction,Protein::18,0
Durg::308,drug_target_interaction,Protein::261,0
Durg::632,drug_target_interaction,Protein::259,0
Durg::276,drug_target_interaction,Protein::141,0
Durg::663,drug_target_interaction,Protein::71,0
Durg::502,drug_target_interaction,Protein::243,0
Durg::532,drug_target_interaction,Protein::423,0
Durg::537,drug_target_interaction,Protein::286,0
Durg::529,drug_target_interaction,Protein::1160,0
Durg::395,drug_target_interaction,Protein::1202,0
Durg::17,drug_target_interaction,Protein::151,0
Durg::338,drug_target_interaction,Protein::487,0
Durg::540,drug_target_interaction,Protein::114,0
Durg::152,drug_target_interaction,Protein::328,0
Durg::474,drug_target_interaction,Protein::201,0
Durg::389,drug_target_interaction,Protein::1022,0
Durg::352,drug_target_interaction,Protein::427,0
Durg::511,drug_target_interaction,Protein::538,0
Durg::356,drug_target_interaction,Protein::73,0
Durg::109,drug_target_interaction,Protein::427,0
Durg::526,drug_target_interaction,Protein::1011,0
Durg::356,drug_target_interaction,Protein::150,0
Durg::97,drug_target_interaction,Protein::160,0
Durg::455,drug_target_interaction,Protein::1502,0
Durg::72,drug_target_interaction,Protein::726,0
Durg::388,drug_target_interaction,Protein::401,0
Durg::572,drug_target_interaction,Protein::150,0
Durg::478,drug_target_interaction,Protein::989,0
Durg::460,drug_target_interaction,Protein::854,0
Durg::479,drug_target_interaction,Protein::487,0
Durg::458,drug_target_interaction,Protein::317,0
Durg::461,drug_target_interaction,Protein::1169,0
Durg::463,drug_target_interaction,Protein::995,0
Durg::201,drug_target_interaction,Protein::486,0
Durg::22,drug_target_interaction,Protein::1150,0
Durg::41,drug_target_interaction,Protein::624,0
Durg::683,drug_target_interaction,Protein::19,0
Durg::489,drug_target_interaction,Protein::992,0
Durg::541,drug_target_interaction,Protein::1185,0
Durg::382,drug_target_interaction,Protein::189,0
Durg::40,drug_target_interaction,Protein::470,0
Durg::205,drug_target_interaction,Protein::993,0
Durg::324,drug_target_interaction,Protein::1169,0
Durg::650,drug_target_interaction,Protein::114,0
Durg::455,drug_target_interaction,Protein::814,0
Durg::255,drug_target_interaction,Protein::288,0
Durg::224,drug_target_interaction,Protein::858,0
Durg::0,drug_target_interaction,Protein::527,0
Durg::412,drug_target_interaction,Protein::14,0
Durg::127,drug_target_interaction,Protein::144,0
Durg::678,drug_target_interaction,Protein::696,0
Durg::540,drug_target_interaction,Protein::377,0
Durg::294,drug_target_interaction,Protein::1299,0
Durg::63,drug_target_interaction,Protein::1015,0
Durg::163,drug_target_interaction,Protein::31,0
Durg::156,drug_target_interaction,Protein::459,0
Durg::529,drug_target_interaction,Protein::259,0
Durg::359,drug_target_interaction,Protein::1299,0
Durg::412,drug_target_interaction,Protein::1184,0
Durg::174,drug_target_interaction,Protein::1015,0
Durg::518,drug_target_interaction,Protein::636,0
Durg::54,drug_target_interaction,Protein::361,0
Durg::36,drug_target_interaction,Protein::151,0
Durg::253,drug_target_interaction,Protein::573,0
Durg::542,drug_target_interaction,Protein::402,0
Durg::633,drug_target_interaction,Protein::246,0
Durg::392,drug_target_interaction,Protein::1203,0
Durg::301,drug_target_interaction,Protein::288,0
Durg::351,drug_target_interaction,Protein::340,0
Durg::370,drug_target_interaction,Protein::448,0
Durg::561,drug_target_interaction,Protein::496,0
Durg::321,drug_target_interaction,Protein::112,0
Durg::644,drug_target_interaction,Protein::81,0
Durg::63,drug_target_interaction,Protein::98,0
Durg::165,drug_target_interaction,Protein::856,0
Durg::478,drug_target_interaction,Protein::1186,0
Durg::507,drug_target_interaction,Protein::442,0
Durg::15,drug_target_interaction,Protein::927,0
Durg::163,drug_target_interaction,Protein::143,0
Durg::43,drug_target_interaction,Protein::25,0
Durg::579,drug_target_interaction,Protein::121,0
Durg::495,drug_target_interaction,Protein::185,0
Durg::644,drug_target_interaction,Protein::550,0
Durg::520,drug_target_interaction,Protein::364,0
Durg::128,drug_target_interaction,Protein::170,0
Durg::480,drug_target_interaction,Protein::1196,0
Durg::425,drug_target_interaction,Protein::588,0
Durg::137,drug_target_interaction,Protein::589,0
Durg::301,drug_target_interaction,Protein::422,0
Durg::286,drug_target_interaction,Protein::581,0
Durg::602,drug_target_interaction,Protein::225,0
Durg::40,drug_target_interaction,Protein::738,0
Durg::220,drug_target_interaction,Protein::563,0
Durg::308,drug_target_interaction,Protein::1503,0
Durg::441,drug_target_interaction,Protein::327,0
Durg::102,drug_target_interaction,Protein::663,0
Durg::585,drug_target_interaction,Protein::290,0
Durg::254,drug_target_interaction,Protein::1187,0
Durg::226,drug_target_interaction,Protein::1066,0
Durg::651,drug_target_interaction,Protein::916,0
Durg::522,drug_target_interaction,Protein::720,0
Durg::630,drug_target_interaction,Protein::493,0
Durg::437,drug_target_interaction,Protein::1151,0
Durg::265,drug_target_interaction,Protein::1508,0
Durg::100,drug_target_interaction,Protein::694,0
Durg::78,drug_target_interaction,Protein::1502,0
Durg::618,drug_target_interaction,Protein::362,0
Durg::566,drug_target_interaction,Protein::1015,0
Durg::343,drug_target_interaction,Protein::121,0
Durg::380,drug_target_interaction,Protein::419,0
Durg::612,drug_target_interaction,Protein::26,0
Durg::280,drug_target_interaction,Protein::335,0
Durg::359,drug_target_interaction,Protein::1201,0
Durg::327,drug_target_interaction,Protein::1504,0
Durg::52,drug_target_interaction,Protein::194,0
Durg::500,drug_target_interaction,Protein::997,0
Durg::333,drug_target_interaction,Protein::1011,0
Durg::372,drug_target_interaction,Protein::549,0
Durg::628,drug_target_interaction,Protein::1506,0
Durg::254,drug_target_interaction,Protein::470,0
Durg::110,drug_target_interaction,Protein::426,0
Durg::521,drug_target_interaction,Protein::589,0
Durg::696,drug_target_interaction,Protein::1015,0
Durg::667,drug_target_interaction,Protein::127,0
Durg::40,drug_target_interaction,Protein::51,0
Durg::172,drug_target_interaction,Protein::266,0
Durg::247,drug_target_interaction,Protein::302,0
Durg::322,drug_target_interaction,Protein::1162,0
Durg::100,drug_target_interaction,Protein::428,0
Durg::536,drug_target_interaction,Protein::196,0
Durg::240,drug_target_interaction,Protein::1034,0
Durg::265,drug_target_interaction,Protein::366,0
Durg::287,drug_target_interaction,Protein::357,0
Durg::232,drug_target_interaction,Protein::477,0
Durg::549,drug_target_interaction,Protein::139,0
Durg::508,drug_target_interaction,Protein::7,0
Durg::650,drug_target_interaction,Protein::258,0
Durg::34,drug_target_interaction,Protein::422,0
Durg::661,drug_target_interaction,Protein::361,0
Durg::486,drug_target_interaction,Protein::459,0
Durg::311,drug_target_interaction,Protein::374,0
Durg::449,drug_target_interaction,Protein::150,0
Durg::151,drug_target_interaction,Protein::583,0
Durg::366,drug_target_interaction,Protein::98,0
Durg::132,drug_target_interaction,Protein::1186,0
Durg::189,drug_target_interaction,Protein::640,0
Durg::373,drug_target_interaction,Protein::1146,0
Durg::161,drug_target_interaction,Protein::45,0
Durg::428,drug_target_interaction,Protein::290,0
Durg::449,drug_target_interaction,Protein::608,0
Durg::632,drug_target_interaction,Protein::675,0
Durg::654,drug_target_interaction,Protein::563,0
Durg::337,drug_target_interaction,Protein::99,0
Durg::146,drug_target_interaction,Protein::783,0
Durg::543,drug_target_interaction,Protein::108,0
Durg::325,drug_target_interaction,Protein::1175,0
Durg::253,drug_target_interaction,Protein::1010,0
Durg::466,drug_target_interaction,Protein::986,0
Durg::439,drug_target_interaction,Protein::315,0
Durg::468,drug_target_interaction,Protein::707,0
Durg::14,drug_target_interaction,Protein::509,0
Durg::505,drug_target_interaction,Protein::1382,0
Durg::314,drug_target_interaction,Protein::493,0
Durg::548,drug_target_interaction,Protein::1503,0
Durg::528,drug_target_interaction,Protein::223,0
Durg::245,drug_target_interaction,Protein::311,0
Durg::616,drug_target_interaction,Protein::389,0
Durg::12,drug_target_interaction,Protein::515,0
Durg::204,drug_target_interaction,Protein::487,0
Durg::222,drug_target_interaction,Protein::39,0
Durg::526,drug_target_interaction,Protein::248,0
Durg::6,drug_target_interaction,Protein::669,0
Durg::640,drug_target_interaction,Protein::42,0
Durg::159,drug_target_interaction,Protein::28,0
Durg::141,drug_target_interaction,Protein::413,0
Durg::541,drug_target_interaction,Protein::246,0
Durg::100,drug_target_interaction,Protein::160,0
Durg::514,drug_target_interaction,Protein::1162,0
Durg::637,drug_target_interaction,Protein::185,0
Durg::297,drug_target_interaction,Protein::43,0
Durg::64,drug_target_interaction,Protein::263,0
Durg::161,drug_target_interaction,Protein::459,0
Durg::264,drug_target_interaction,Protein::1163,0
Durg::641,drug_target_interaction,Protein::2,0
Durg::393,drug_target_interaction,Protein::486,0
Durg::191,drug_target_interaction,Protein::493,0
Durg::489,drug_target_interaction,Protein::246,0
Durg::506,drug_target_interaction,Protein::78,0
Durg::413,drug_target_interaction,Protein::1179,0
Durg::506,drug_target_interaction,Protein::1029,0
Durg::302,drug_target_interaction,Protein::858,0
Durg::366,drug_target_interaction,Protein::696,0
Durg::500,drug_target_interaction,Protein::1299,0
Durg::133,drug_target_interaction,Protein::1169,0
Durg::10,drug_target_interaction,Protein::427,0
Durg::446,drug_target_interaction,Protein::786,0
Durg::404,drug_target_interaction,Protein::200,0
Durg::345,drug_target_interaction,Protein::509,0
Durg::593,drug_target_interaction,Protein::72,0
Durg::190,drug_target_interaction,Protein::783,0
Durg::202,drug_target_interaction,Protein::681,0
Durg::344,drug_target_interaction,Protein::113,0
Durg::367,drug_target_interaction,Protein::195,0
Durg::572,drug_target_interaction,Protein::614,0
Durg::638,drug_target_interaction,Protein::271,0
Durg::64,drug_target_interaction,Protein::64,0
Durg::378,drug_target_interaction,Protein::426,0
Durg::145,drug_target_interaction,Protein::374,0
Durg::483,drug_target_interaction,Protein::175,0
Durg::171,drug_target_interaction,Protein::326,0
Durg::425,drug_target_interaction,Protein::450,0
Durg::682,drug_target_interaction,Protein::1161,0
Durg::2,drug_target_interaction,Protein::75,0
Durg::505,drug_target_interaction,Protein::1153,0
Durg::707,drug_target_interaction,Protein::78,0
Durg::306,drug_target_interaction,Protein::1066,0
Durg::41,drug_target_interaction,Protein::493,0
Durg::164,drug_target_interaction,Protein::647,0
Durg::549,drug_target_interaction,Protein::1508,0
Durg::57,drug_target_interaction,Protein::694,0
Durg::228,drug_target_interaction,Protein::1139,0
Durg::504,drug_target_interaction,Protein::472,0
Durg::624,drug_target_interaction,Protein::422,0
Durg::631,drug_target_interaction,Protein::237,0
Durg::631,drug_target_interaction,Protein::421,0
Durg::607,drug_target_interaction,Protein::247,0
Durg::639,drug_target_interaction,Protein::1504,0
Durg::236,drug_target_interaction,Protein::243,0
Durg::99,drug_target_interaction,Protein::258,0
Durg::70,drug_target_interaction,Protein::62,0
Durg::279,drug_target_interaction,Protein::84,0
Durg::415,drug_target_interaction,Protein::1184,0
Durg::469,drug_target_interaction,Protein::786,0
Durg::690,drug_target_interaction,Protein::568,0
Durg::202,drug_target_interaction,Protein::291,0
Durg::10,drug_target_interaction,Protein::689,0
Durg::693,drug_target_interaction,Protein::484,0
Durg::132,drug_target_interaction,Protein::1502,0
Durg::602,drug_target_interaction,Protein::26,0
Durg::132,drug_target_interaction,Protein::856,0
Durg::677,drug_target_interaction,Protein::483,0
Durg::300,drug_target_interaction,Protein::984,0
Durg::544,drug_target_interaction,Protein::513,0
Durg::590,drug_target_interaction,Protein::466,0
Durg::396,drug_target_interaction,Protein::64,0
Durg::461,drug_target_interaction,Protein::32,0
Durg::630,drug_target_interaction,Protein::374,0
Durg::185,drug_target_interaction,Protein::302,0
Durg::12,drug_target_interaction,Protein::852,0
Durg::693,drug_target_interaction,Protein::408,0
Durg::656,drug_target_interaction,Protein::101,0
Durg::594,drug_target_interaction,Protein::207,0
Durg::612,drug_target_interaction,Protein::1179,0
Durg::151,drug_target_interaction,Protein::624,0
Durg::234,drug_target_interaction,Protein::201,0
Durg::645,drug_target_interaction,Protein::986,0
Durg::503,drug_target_interaction,Protein::18,0
Durg::363,drug_target_interaction,Protein::614,0
Durg::392,drug_target_interaction,Protein::197,0
Durg::643,drug_target_interaction,Protein::661,0
Durg::270,drug_target_interaction,Protein::312,0
Durg::10,drug_target_interaction,Protein::1170,0
Durg::564,drug_target_interaction,Protein::663,0
Durg::232,drug_target_interaction,Protein::512,0
Durg::97,drug_target_interaction,Protein::402,0
Durg::499,drug_target_interaction,Protein::1202,0
Durg::262,drug_target_interaction,Protein::248,0
Durg::516,drug_target_interaction,Protein::588,0
Durg::151,drug_target_interaction,Protein::940,0
Durg::522,drug_target_interaction,Protein::244,0
Durg::549,drug_target_interaction,Protein::218,0
Durg::536,drug_target_interaction,Protein::271,0
Durg::692,drug_target_interaction,Protein::998,0
Durg::502,drug_target_interaction,Protein::358,0
Durg::225,drug_target_interaction,Protein::654,0
Durg::181,drug_target_interaction,Protein::12,0
Durg::683,drug_target_interaction,Protein::783,0
Durg::221,drug_target_interaction,Protein::546,0
Durg::319,drug_target_interaction,Protein::25,0
Durg::489,drug_target_interaction,Protein::996,0
Durg::86,drug_target_interaction,Protein::1041,0
Durg::429,drug_target_interaction,Protein::737,0
Durg::606,drug_target_interaction,Protein::518,0
Durg::345,drug_target_interaction,Protein::395,0
Durg::421,drug_target_interaction,Protein::435,0
Durg::329,drug_target_interaction,Protein::439,0
Durg::671,drug_target_interaction,Protein::482,0
Durg::594,drug_target_interaction,Protein::924,0
Durg::65,drug_target_interaction,Protein::1162,0
Durg::596,drug_target_interaction,Protein::197,0
Durg::348,drug_target_interaction,Protein::223,0
Durg::94,drug_target_interaction,Protein::717,0
Durg::671,drug_target_interaction,Protein::720,0
Durg::422,drug_target_interaction,Protein::427,0
Durg::131,drug_target_interaction,Protein::155,0
Durg::120,drug_target_interaction,Protein::513,0
Durg::283,drug_target_interaction,Protein::661,0
Durg::503,drug_target_interaction,Protein::90,0
Durg::324,drug_target_interaction,Protein::71,0
Durg::238,drug_target_interaction,Protein::696,0
Durg::707,drug_target_interaction,Protein::248,0
Durg::76,drug_target_interaction,Protein::421,0
Durg::199,drug_target_interaction,Protein::670,0
Durg::205,drug_target_interaction,Protein::359,0
Durg::474,drug_target_interaction,Protein::90,0
Durg::615,drug_target_interaction,Protein::155,0
Durg::684,drug_target_interaction,Protein::484,0
Durg::32,drug_target_interaction,Protein::117,0
Durg::514,drug_target_interaction,Protein::523,0
Durg::595,drug_target_interaction,Protein::6,0
Durg::300,drug_target_interaction,Protein::160,0
Durg::22,drug_target_interaction,Protein::288,0
Durg::409,drug_target_interaction,Protein::218,0
Durg::75,drug_target_interaction,Protein::940,0
Durg::491,drug_target_interaction,Protein::453,0
Durg::618,drug_target_interaction,Protein::401,0
Durg::159,drug_target_interaction,Protein::561,0
Durg::506,drug_target_interaction,Protein::435,0
Durg::408,drug_target_interaction,Protein::1162,0
Durg::603,drug_target_interaction,Protein::127,0
Durg::507,drug_target_interaction,Protein::449,0
Durg::466,drug_target_interaction,Protein::40,0
Durg::382,drug_target_interaction,Protein::296,0
Durg::526,drug_target_interaction,Protein::196,0
Durg::196,drug_target_interaction,Protein::991,0
Durg::66,drug_target_interaction,Protein::1172,0
Durg::298,drug_target_interaction,Protein::26,0
Durg::511,drug_target_interaction,Protein::669,0
Durg::384,drug_target_interaction,Protein::726,0
Durg::700,drug_target_interaction,Protein::71,0
Durg::332,drug_target_interaction,Protein::1160,0
Durg::47,drug_target_interaction,Protein::221,0
Durg::165,drug_target_interaction,Protein::127,0
Durg::498,drug_target_interaction,Protein::453,0
Durg::273,drug_target_interaction,Protein::617,0
Durg::554,drug_target_interaction,Protein::1165,0
Durg::210,drug_target_interaction,Protein::423,0
Durg::381,drug_target_interaction,Protein::101,0
Durg::394,drug_target_interaction,Protein::550,0
Durg::345,drug_target_interaction,Protein::648,0
Durg::632,drug_target_interaction,Protein::472,0
Durg::704,drug_target_interaction,Protein::25,0
Durg::459,drug_target_interaction,Protein::430,0
Durg::443,drug_target_interaction,Protein::998,0
Durg::485,drug_target_interaction,Protein::675,0
Durg::332,drug_target_interaction,Protein::358,0
Durg::345,drug_target_interaction,Protein::727,0
Durg::344,drug_target_interaction,Protein::300,0
Durg::153,drug_target_interaction,Protein::151,0
Durg::57,drug_target_interaction,Protein::1009,0
Durg::446,drug_target_interaction,Protein::549,0
Durg::148,drug_target_interaction,Protein::320,0
Durg::700,drug_target_interaction,Protein::512,0
Durg::57,drug_target_interaction,Protein::290,0
Durg::593,drug_target_interaction,Protein::240,0
Durg::118,drug_target_interaction,Protein::195,0
Durg::592,drug_target_interaction,Protein::164,0
Durg::93,drug_target_interaction,Protein::1502,0
Durg::54,drug_target_interaction,Protein::1186,0
Durg::523,drug_target_interaction,Protein::21,0
Durg::623,drug_target_interaction,Protein::151,0
Durg::4,drug_target_interaction,Protein::546,0
Durg::600,drug_target_interaction,Protein::390,0
Durg::689,drug_target_interaction,Protein::407,0
Durg::571,drug_target_interaction,Protein::487,0
Durg::650,drug_target_interaction,Protein::1006,0
Durg::196,drug_target_interaction,Protein::360,0
Durg::283,drug_target_interaction,Protein::290,0
Durg::477,drug_target_interaction,Protein::117,0
Durg::432,drug_target_interaction,Protein::1172,0
Durg::34,drug_target_interaction,Protein::43,0
Durg::174,drug_target_interaction,Protein::1183,0
Durg::255,drug_target_interaction,Protein::25,0
Durg::168,drug_target_interaction,Protein::527,0
Durg::540,drug_target_interaction,Protein::550,0
Durg::171,drug_target_interaction,Protein::1164,0
Durg::243,drug_target_interaction,Protein::340,0
Durg::172,drug_target_interaction,Protein::1173,0
Durg::633,drug_target_interaction,Protein::654,0
Durg::227,drug_target_interaction,Protein::170,0
Durg::94,drug_target_interaction,Protein::669,0
Durg::614,drug_target_interaction,Protein::642,0
Durg::514,drug_target_interaction,Protein::640,0
Durg::108,drug_target_interaction,Protein::185,0
Durg::14,drug_target_interaction,Protein::483,0
Durg::283,drug_target_interaction,Protein::394,0
Durg::381,drug_target_interaction,Protein::497,0
Durg::543,drug_target_interaction,Protein::1151,0
Durg::576,drug_target_interaction,Protein::300,0
Durg::41,drug_target_interaction,Protein::203,0
Durg::424,drug_target_interaction,Protein::707,0
Durg::413,drug_target_interaction,Protein::225,0
Durg::382,drug_target_interaction,Protein::143,0
Durg::72,drug_target_interaction,Protein::513,0
Durg::580,drug_target_interaction,Protein::610,0
Durg::437,drug_target_interaction,Protein::291,0
Durg::461,drug_target_interaction,Protein::726,0
Durg::552,drug_target_interaction,Protein::42,0
Durg::590,drug_target_interaction,Protein::778,0
Durg::383,drug_target_interaction,Protein::221,0
Durg::137,drug_target_interaction,Protein::380,0
Durg::57,drug_target_interaction,Protein::75,0
Durg::222,drug_target_interaction,Protein::1152,0
Durg::532,drug_target_interaction,Protein::242,0
Durg::13,drug_target_interaction,Protein::261,0
Durg::539,drug_target_interaction,Protein::528,0
Durg::363,drug_target_interaction,Protein::366,0
Durg::654,drug_target_interaction,Protein::243,0
Durg::594,drug_target_interaction,Protein::358,0
Durg::253,drug_target_interaction,Protein::78,0
Durg::60,drug_target_interaction,Protein::170,0
Durg::236,drug_target_interaction,Protein::995,0
Durg::0,drug_target_interaction,Protein::1150,0
Durg::9,drug_target_interaction,Protein::523,0
Durg::634,drug_target_interaction,Protein::328,0
Durg::584,drug_target_interaction,Protein::1139,0
Durg::624,drug_target_interaction,Protein::200,0
Durg::219,drug_target_interaction,Protein::62,0
Durg::357,drug_target_interaction,Protein::689,0
Durg::319,drug_target_interaction,Protein::155,0
Durg::656,drug_target_interaction,Protein::326,0
Durg::36,drug_target_interaction,Protein::495,0
Durg::222,drug_target_interaction,Protein::988,0
Durg::116,drug_target_interaction,Protein::361,0
Durg::269,drug_target_interaction,Protein::1503,0
Durg::662,drug_target_interaction,Protein::400,0
Durg::273,drug_target_interaction,Protein::1006,0
Durg::493,drug_target_interaction,Protein::477,0
Durg::419,drug_target_interaction,Protein::858,0
Durg::455,drug_target_interaction,Protein::1508,0
Durg::54,drug_target_interaction,Protein::208,0
Durg::257,drug_target_interaction,Protein::1160,0
Durg::269,drug_target_interaction,Protein::73,0
Durg::610,drug_target_interaction,Protein::1138,0
Durg::116,drug_target_interaction,Protein::681,0
Durg::242,drug_target_interaction,Protein::264,0
Durg::381,drug_target_interaction,Protein::1153,0
Durg::432,drug_target_interaction,Protein::665,0
Durg::545,drug_target_interaction,Protein::1152,0
Durg::54,drug_target_interaction,Protein::362,0
Durg::0,drug_target_interaction,Protein::1203,0
Durg::158,drug_target_interaction,Protein::346,0
Durg::134,drug_target_interaction,Protein::450,0
Durg::92,drug_target_interaction,Protein::151,0
Durg::14,drug_target_interaction,Protein::10,0
Durg::587,drug_target_interaction,Protein::1508,0
Durg::300,drug_target_interaction,Protein::859,0
Durg::580,drug_target_interaction,Protein::992,0
Durg::462,drug_target_interaction,Protein::513,0
Durg::663,drug_target_interaction,Protein::246,0
Durg::481,drug_target_interaction,Protein::395,0
Durg::281,drug_target_interaction,Protein::994,0
Durg::543,drug_target_interaction,Protein::440,0
Durg::3,drug_target_interaction,Protein::144,0
Durg::86,drug_target_interaction,Protein::151,0
Durg::317,drug_target_interaction,Protein::2,0
Durg::485,drug_target_interaction,Protein::1508,0
Durg::339,drug_target_interaction,Protein::389,0
Durg::163,drug_target_interaction,Protein::146,0
Durg::268,drug_target_interaction,Protein::94,0
Durg::28,drug_target_interaction,Protein::318,0
Durg::86,drug_target_interaction,Protein::1185,0
Durg::321,drug_target_interaction,Protein::402,0
Durg::628,drug_target_interaction,Protein::394,0
Durg::566,drug_target_interaction,Protein::302,0
Durg::544,drug_target_interaction,Protein::737,0
Durg::575,drug_target_interaction,Protein::141,0
Durg::34,drug_target_interaction,Protein::1188,0
Durg::278,drug_target_interaction,Protein::786,0
Durg::590,drug_target_interaction,Protein::218,0
Durg::361,drug_target_interaction,Protein::990,0
Durg::543,drug_target_interaction,Protein::940,0
Durg::412,drug_target_interaction,Protein::663,0
Durg::179,drug_target_interaction,Protein::783,0
Durg::60,drug_target_interaction,Protein::817,0
Durg::222,drug_target_interaction,Protein::709,0
Durg::630,drug_target_interaction,Protein::45,0
Durg::329,drug_target_interaction,Protein::997,0
Durg::245,drug_target_interaction,Protein::120,0
Durg::199,drug_target_interaction,Protein::1381,0
Durg::602,drug_target_interaction,Protein::120,0
Durg::82,drug_target_interaction,Protein::6,0
Durg::445,drug_target_interaction,Protein::19,0
Durg::89,drug_target_interaction,Protein::430,0
Durg::451,drug_target_interaction,Protein::550,0
Durg::63,drug_target_interaction,Protein::1172,0
Durg::644,drug_target_interaction,Protein::786,0
Durg::10,drug_target_interaction,Protein::1503,0
Durg::433,drug_target_interaction,Protein::300,0
Durg::420,drug_target_interaction,Protein::422,0
Durg::240,drug_target_interaction,Protein::1015,0
Durg::176,drug_target_interaction,Protein::1066,0
Durg::30,drug_target_interaction,Protein::669,0
Durg::170,drug_target_interaction,Protein::661,0
Durg::222,drug_target_interaction,Protein::727,0
Durg::118,drug_target_interaction,Protein::530,0
Durg::478,drug_target_interaction,Protein::486,0
Durg::617,drug_target_interaction,Protein::523,0
Durg::118,drug_target_interaction,Protein::561,0
Durg::23,drug_target_interaction,Protein::512,0
Durg::374,drug_target_interaction,Protein::1504,0
Durg::321,drug_target_interaction,Protein::450,0
Durg::617,drug_target_interaction,Protein::509,0
Durg::191,drug_target_interaction,Protein::62,0
Durg::310,drug_target_interaction,Protein::278,0
Durg::291,drug_target_interaction,Protein::134,0
Durg::46,drug_target_interaction,Protein::924,0
Durg::230,drug_target_interaction,Protein::707,0
Durg::489,drug_target_interaction,Protein::194,0
Durg::291,drug_target_interaction,Protein::160,0
Durg::502,drug_target_interaction,Protein::73,0
Durg::158,drug_target_interaction,Protein::605,0
Durg::153,drug_target_interaction,Protein::495,0
Durg::121,drug_target_interaction,Protein::374,0
Durg::190,drug_target_interaction,Protein::430,0
Durg::474,drug_target_interaction,Protein::160,0
Durg::110,drug_target_interaction,Protein::817,0
Durg::252,drug_target_interaction,Protein::1164,0
Durg::367,drug_target_interaction,Protein::1188,0
Durg::28,drug_target_interaction,Protein::621,0
Durg::677,drug_target_interaction,Protein::1015,0
Durg::226,drug_target_interaction,Protein::144,0
Durg::93,drug_target_interaction,Protein::1138,0
Durg::652,drug_target_interaction,Protein::924,0
Durg::576,drug_target_interaction,Protein::1155,0
Durg::165,drug_target_interaction,Protein::786,0
Durg::337,drug_target_interaction,Protein::859,0
Durg::14,drug_target_interaction,Protein::291,0
Durg::432,drug_target_interaction,Protein::509,0
Durg::363,drug_target_interaction,Protein::273,0
Durg::355,drug_target_interaction,Protein::242,0
Durg::592,drug_target_interaction,Protein::62,0
Durg::616,drug_target_interaction,Protein::988,0
Durg::682,drug_target_interaction,Protein::523,0
Durg::354,drug_target_interaction,Protein::71,0
Durg::159,drug_target_interaction,Protein::266,0
Durg::422,drug_target_interaction,Protein::295,0
Durg::588,drug_target_interaction,Protein::530,0
Durg::232,drug_target_interaction,Protein::72,0
Durg::565,drug_target_interaction,Protein::1146,0
Durg::269,drug_target_interaction,Protein::263,0
Durg::597,drug_target_interaction,Protein::538,0
Durg::561,drug_target_interaction,Protein::509,0
Durg::68,drug_target_interaction,Protein::43,0
Durg::92,drug_target_interaction,Protein::439,0
Durg::602,drug_target_interaction,Protein::1060,0
Durg::110,drug_target_interaction,Protein::67,0
Durg::299,drug_target_interaction,Protein::497,0
Durg::483,drug_target_interaction,Protein::654,0
Durg::302,drug_target_interaction,Protein::117,0
Durg::251,drug_target_interaction,Protein::1502,0
Durg::612,drug_target_interaction,Protein::150,0
Durg::82,drug_target_interaction,Protein::310,0
Durg::347,drug_target_interaction,Protein::424,0
Durg::122,drug_target_interaction,Protein::524,0
Durg::321,drug_target_interaction,Protein::288,0
Durg::72,drug_target_interaction,Protein::589,0
Durg::680,drug_target_interaction,Protein::689,0
Durg::354,drug_target_interaction,Protein::742,0
Durg::202,drug_target_interaction,Protein::570,0
Durg::534,drug_target_interaction,Protein::523,0
Durg::550,drug_target_interaction,Protein::1151,0
Durg::265,drug_target_interaction,Protein::487,0
Durg::160,drug_target_interaction,Protein::263,0
Durg::357,drug_target_interaction,Protein::134,0
Durg::450,drug_target_interaction,Protein::592,0
Durg::289,drug_target_interaction,Protein::526,0
Durg::202,drug_target_interaction,Protein::513,0
Durg::110,drug_target_interaction,Protein::442,0
Durg::381,drug_target_interaction,Protein::135,0
Durg::77,drug_target_interaction,Protein::694,0
Durg::678,drug_target_interaction,Protein::997,0
Durg::343,drug_target_interaction,Protein::289,0
Durg::538,drug_target_interaction,Protein::545,0
Durg::458,drug_target_interaction,Protein::418,0
Durg::278,drug_target_interaction,Protein::310,0
Durg::270,drug_target_interaction,Protein::206,0
Durg::11,drug_target_interaction,Protein::514,0
Durg::32,drug_target_interaction,Protein::940,0
Durg::315,drug_target_interaction,Protein::377,0
Durg::611,drug_target_interaction,Protein::546,0
Durg::319,drug_target_interaction,Protein::661,0
Durg::333,drug_target_interaction,Protein::472,0
Durg::130,drug_target_interaction,Protein::717,0
Durg::204,drug_target_interaction,Protein::1508,0
Durg::678,drug_target_interaction,Protein::984,0
Durg::110,drug_target_interaction,Protein::48,0
Durg::224,drug_target_interaction,Protein::1179,0
Durg::219,drug_target_interaction,Protein::1169,0
Durg::112,drug_target_interaction,Protein::570,0
Durg::671,drug_target_interaction,Protein::21,0
Durg::450,drug_target_interaction,Protein::663,0
Durg::333,drug_target_interaction,Protein::19,0
Durg::546,drug_target_interaction,Protein::1172,0
Durg::338,drug_target_interaction,Protein::738,0
Durg::678,drug_target_interaction,Protein::67,0
Durg::271,drug_target_interaction,Protein::989,0
Durg::540,drug_target_interaction,Protein::860,0
Durg::242,drug_target_interaction,Protein::400,0
Durg::377,drug_target_interaction,Protein::931,0
Durg::316,drug_target_interaction,Protein::484,0
Durg::134,drug_target_interaction,Protein::327,0
Durg::476,drug_target_interaction,Protein::295,0
Durg::543,drug_target_interaction,Protein::368,0
Durg::564,drug_target_interaction,Protein::279,0
Durg::410,drug_target_interaction,Protein::860,0
Durg::535,drug_target_interaction,Protein::1504,0
Durg::367,drug_target_interaction,Protein::1160,0
Durg::584,drug_target_interaction,Protein::426,0
Durg::156,drug_target_interaction,Protein::139,0
Durg::704,drug_target_interaction,Protein::426,0
Durg::661,drug_target_interaction,Protein::853,0
Durg::306,drug_target_interaction,Protein::419,0
Durg::329,drug_target_interaction,Protein::40,0
Durg::203,drug_target_interaction,Protein::368,0
Durg::361,drug_target_interaction,Protein::135,0
Durg::90,drug_target_interaction,Protein::248,0
Durg::661,drug_target_interaction,Protein::605,0
Durg::48,drug_target_interaction,Protein::581,0
Durg::436,drug_target_interaction,Protein::390,0
Durg::457,drug_target_interaction,Protein::26,0
Durg::123,drug_target_interaction,Protein::783,0
Durg::602,drug_target_interaction,Protein::583,0
Durg::441,drug_target_interaction,Protein::1055,0
Durg::47,drug_target_interaction,Protein::636,0
Durg::704,drug_target_interaction,Protein::1153,0
Durg::586,drug_target_interaction,Protein::998,0
Durg::6,drug_target_interaction,Protein::505,0
Durg::686,drug_target_interaction,Protein::1010,0
Durg::80,drug_target_interaction,Protein::707,0
Durg::358,drug_target_interaction,Protein::82,0
Durg::668,drug_target_interaction,Protein::675,0
Durg::277,drug_target_interaction,Protein::610,0
Durg::400,drug_target_interaction,Protein::496,0
Durg::420,drug_target_interaction,Protein::185,0
Durg::84,drug_target_interaction,Protein::561,0
Durg::640,drug_target_interaction,Protein::120,0
Durg::253,drug_target_interaction,Protein::197,0
Durg::264,drug_target_interaction,Protein::427,0
Durg::308,drug_target_interaction,Protein::166,0
Durg::540,drug_target_interaction,Protein::621,0
Durg::40,drug_target_interaction,Protein::242,0
Durg::7,drug_target_interaction,Protein::402,0
Durg::31,drug_target_interaction,Protein::428,0
Durg::590,drug_target_interaction,Protein::248,0
Durg::63,drug_target_interaction,Protein::89,0
Durg::671,drug_target_interaction,Protein::138,0
Durg::93,drug_target_interaction,Protein::549,0
Durg::82,drug_target_interaction,Protein::422,0
Durg::214,drug_target_interaction,Protein::856,0
Durg::377,drug_target_interaction,Protein::67,0
Durg::486,drug_target_interaction,Protein::988,0
Durg::268,drug_target_interaction,Protein::1299,0
Durg::466,drug_target_interaction,Protein::263,0
Durg::534,drug_target_interaction,Protein::51,0
Durg::395,drug_target_interaction,Protein::1015,0
Durg::476,drug_target_interaction,Protein::237,0
Durg::203,drug_target_interaction,Protein::286,0
Durg::564,drug_target_interaction,Protein::726,0
Durg::540,drug_target_interaction,Protein::328,0
Durg::348,drug_target_interaction,Protein::1146,0
Durg::423,drug_target_interaction,Protein::149,0
Durg::495,drug_target_interaction,Protein::225,0
Durg::151,drug_target_interaction,Protein::1161,0
Durg::618,drug_target_interaction,Protein::549,0
Durg::684,drug_target_interaction,Protein::1055,0
Durg::428,drug_target_interaction,Protein::1060,0
Durg::468,drug_target_interaction,Protein::1184,0
Durg::543,drug_target_interaction,Protein::778,0
Durg::381,drug_target_interaction,Protein::330,0
Durg::365,drug_target_interaction,Protein::115,0
Durg::222,drug_target_interaction,Protein::637,0
Durg::85,drug_target_interaction,Protein::75,0
Durg::428,drug_target_interaction,Protein::1066,0
Durg::520,drug_target_interaction,Protein::1203,0
Durg::581,drug_target_interaction,Protein::1066,0
Durg::370,drug_target_interaction,Protein::1165,0
Durg::275,drug_target_interaction,Protein::694,0
Durg::545,drug_target_interaction,Protein::989,0
Durg::685,drug_target_interaction,Protein::524,0
Durg::455,drug_target_interaction,Protein::523,0
Durg::88,drug_target_interaction,Protein::295,0
Durg::627,drug_target_interaction,Protein::98,0
Durg::114,drug_target_interaction,Protein::421,0
Durg::32,drug_target_interaction,Protein::995,0
Durg::408,drug_target_interaction,Protein::997,0
Durg::123,drug_target_interaction,Protein::605,0
Durg::315,drug_target_interaction,Protein::610,0
Durg::643,drug_target_interaction,Protein::82,0
Durg::295,drug_target_interaction,Protein::358,0
Durg::397,drug_target_interaction,Protein::43,0
Durg::144,drug_target_interaction,Protein::72,0
Durg::213,drug_target_interaction,Protein::144,0
Durg::102,drug_target_interaction,Protein::218,0
Durg::420,drug_target_interaction,Protein::317,0
Durg::357,drug_target_interaction,Protein::18,0
Durg::524,drug_target_interaction,Protein::689,0
Durg::377,drug_target_interaction,Protein::1139,0
Durg::153,drug_target_interaction,Protein::139,0
Durg::114,drug_target_interaction,Protein::581,0
Durg::682,drug_target_interaction,Protein::994,0
Durg::483,drug_target_interaction,Protein::320,0
Durg::382,drug_target_interaction,Protein::108,0
Durg::234,drug_target_interaction,Protein::448,0
Durg::201,drug_target_interaction,Protein::413,0
Durg::489,drug_target_interaction,Protein::1196,0
Durg::204,drug_target_interaction,Protein::1202,0
Durg::530,drug_target_interaction,Protein::32,0
Durg::459,drug_target_interaction,Protein::814,0
Durg::85,drug_target_interaction,Protein::429,0
Durg::419,drug_target_interaction,Protein::273,0
Durg::632,drug_target_interaction,Protein::240,0
Durg::259,drug_target_interaction,Protein::453,0
Durg::240,drug_target_interaction,Protein::995,0
Durg::349,drug_target_interaction,Protein::773,0
Durg::239,drug_target_interaction,Protein::512,0
Durg::484,drug_target_interaction,Protein::581,0
Durg::260,drug_target_interaction,Protein::302,0
Durg::26,drug_target_interaction,Protein::115,0
Durg::462,drug_target_interaction,Protein::460,0
Durg::610,drug_target_interaction,Protein::642,0
Durg::131,drug_target_interaction,Protein::931,0
Durg::76,drug_target_interaction,Protein::487,0
Durg::595,drug_target_interaction,Protein::1187,0
Durg::143,drug_target_interaction,Protein::472,0
Durg::372,drug_target_interaction,Protein::648,0
Durg::631,drug_target_interaction,Protein::1152,0
Durg::165,drug_target_interaction,Protein::1155,0
Durg::226,drug_target_interaction,Protein::140,0
Durg::80,drug_target_interaction,Protein::856,0
Durg::590,drug_target_interaction,Protein::916,0
Durg::108,drug_target_interaction,Protein::120,0
Durg::222,drug_target_interaction,Protein::389,0
Durg::502,drug_target_interaction,Protein::272,0
Durg::621,drug_target_interaction,Protein::113,0
Durg::507,drug_target_interaction,Protein::561,0
Durg::152,drug_target_interaction,Protein::439,0
Durg::683,drug_target_interaction,Protein::987,0
Durg::439,drug_target_interaction,Protein::988,0
Durg::94,drug_target_interaction,Protein::39,0
Durg::534,drug_target_interaction,Protein::62,0
Durg::15,drug_target_interaction,Protein::588,0
Durg::507,drug_target_interaction,Protein::402,0
Durg::654,drug_target_interaction,Protein::194,0
Durg::461,drug_target_interaction,Protein::78,0
Durg::316,drug_target_interaction,Protein::272,0
Durg::196,drug_target_interaction,Protein::413,0
Durg::240,drug_target_interaction,Protein::654,0
Durg::339,drug_target_interaction,Protein::127,0
Durg::152,drug_target_interaction,Protein::583,0
Durg::76,drug_target_interaction,Protein::335,0
Durg::152,drug_target_interaction,Protein::998,0
Durg::195,drug_target_interaction,Protein::986,0
Durg::448,drug_target_interaction,Protein::1299,0
Durg::335,drug_target_interaction,Protein::312,0
Durg::315,drug_target_interaction,Protein::640,0
Durg::38,drug_target_interaction,Protein::12,0
Durg::694,drug_target_interaction,Protein::62,0
Durg::128,drug_target_interaction,Protein::265,0
Durg::80,drug_target_interaction,Protein::246,0
Durg::306,drug_target_interaction,Protein::360,0
Durg::677,drug_target_interaction,Protein::259,0
Durg::168,drug_target_interaction,Protein::483,0
Durg::196,drug_target_interaction,Protein::916,0
Durg::197,drug_target_interaction,Protein::113,0
Durg::72,drug_target_interaction,Protein::1006,0
Durg::6,drug_target_interaction,Protein::1187,0
Durg::404,drug_target_interaction,Protein::1150,0
Durg::445,drug_target_interaction,Protein::617,0
Durg::431,drug_target_interaction,Protein::681,0
Durg::492,drug_target_interaction,Protein::657,0
Durg::374,drug_target_interaction,Protein::1173,0
Durg::371,drug_target_interaction,Protein::25,0
Durg::219,drug_target_interaction,Protein::646,0
Durg::28,drug_target_interaction,Protein::853,0
Durg::152,drug_target_interaction,Protein::374,0
Durg::172,drug_target_interaction,Protein::203,0
Durg::463,drug_target_interaction,Protein::1152,0
Durg::370,drug_target_interaction,Protein::483,0
Durg::359,drug_target_interaction,Protein::32,0
Durg::364,drug_target_interaction,Protein::127,0
Durg::370,drug_target_interaction,Protein::1160,0
Durg::373,drug_target_interaction,Protein::207,0
Durg::486,drug_target_interaction,Protein::720,0
Durg::82,drug_target_interaction,Protein::395,0
Durg::661,drug_target_interaction,Protein::276,0
Durg::691,drug_target_interaction,Protein::98,0
Durg::167,drug_target_interaction,Protein::360,0
Durg::614,drug_target_interaction,Protein::327,0
Durg::661,drug_target_interaction,Protein::514,0
Durg::472,drug_target_interaction,Protein::484,0
Durg::611,drug_target_interaction,Protein::394,0
Durg::64,drug_target_interaction,Protein::149,0
Durg::63,drug_target_interaction,Protein::484,0
Durg::268,drug_target_interaction,Protein::709,0
Durg::170,drug_target_interaction,Protein::240,0
Durg::111,drug_target_interaction,Protein::439,0
Durg::506,drug_target_interaction,Protein::85,0
Durg::391,drug_target_interaction,Protein::990,0
Durg::508,drug_target_interaction,Protein::295,0
Durg::351,drug_target_interaction,Protein::244,0
Durg::391,drug_target_interaction,Protein::300,0
Durg::286,drug_target_interaction,Protein::1155,0
Durg::154,drug_target_interaction,Protein::13,0
Durg::669,drug_target_interaction,Protein::994,0
Durg::544,drug_target_interaction,Protein::1163,0
Durg::640,drug_target_interaction,Protein::852,0
Durg::278,drug_target_interaction,Protein::1375,0
Durg::437,drug_target_interaction,Protein::424,0
Durg::571,drug_target_interaction,Protein::10,0
Durg::347,drug_target_interaction,Protein::1502,0
Durg::409,drug_target_interaction,Protein::657,0
Durg::255,drug_target_interaction,Protein::273,0
Durg::686,drug_target_interaction,Protein::472,0
Durg::332,drug_target_interaction,Protein::722,0
Durg::391,drug_target_interaction,Protein::993,0
Durg::222,drug_target_interaction,Protein::860,0
Durg::498,drug_target_interaction,Protein::1186,0
Durg::375,drug_target_interaction,Protein::273,0
Durg::496,drug_target_interaction,Protein::448,0
Durg::626,drug_target_interaction,Protein::681,0
Durg::398,drug_target_interaction,Protein::84,0
Durg::640,drug_target_interaction,Protein::592,0
Durg::275,drug_target_interaction,Protein::120,0
Durg::412,drug_target_interaction,Protein::112,0
Durg::575,drug_target_interaction,Protein::62,0
Durg::341,drug_target_interaction,Protein::362,0
Durg::582,drug_target_interaction,Protein::485,0
Durg::451,drug_target_interaction,Protein::613,0
Durg::118,drug_target_interaction,Protein::448,0
Durg::425,drug_target_interaction,Protein::661,0
Durg::680,drug_target_interaction,Protein::1155,0
Durg::337,drug_target_interaction,Protein::42,0
Durg::123,drug_target_interaction,Protein::241,0
Durg::623,drug_target_interaction,Protein::927,0
Durg::206,drug_target_interaction,Protein::505,0
Durg::609,drug_target_interaction,Protein::12,0
Durg::601,drug_target_interaction,Protein::589,0
Durg::222,drug_target_interaction,Protein::430,0
Durg::75,drug_target_interaction,Protein::402,0
Durg::433,drug_target_interaction,Protein::322,0
Durg::233,drug_target_interaction,Protein::1177,0
Durg::458,drug_target_interaction,Protein::12,0
Durg::667,drug_target_interaction,Protein::545,0
Durg::472,drug_target_interaction,Protein::654,0
Durg::597,drug_target_interaction,Protein::269,0
Durg::74,drug_target_interaction,Protein::259,0
Durg::362,drug_target_interaction,Protein::496,0
Durg::675,drug_target_interaction,Protein::523,0
Durg::621,drug_target_interaction,Protein::1164,0
Durg::616,drug_target_interaction,Protein::208,0
Durg::493,drug_target_interaction,Protein::709,0
Durg::381,drug_target_interaction,Protein::449,0
Durg::638,drug_target_interaction,Protein::335,0
Durg::221,drug_target_interaction,Protein::430,0
Durg::384,drug_target_interaction,Protein::164,0
Durg::260,drug_target_interaction,Protein::1186,0
Durg::700,drug_target_interaction,Protein::592,0
Durg::244,drug_target_interaction,Protein::320,0
Durg::675,drug_target_interaction,Protein::495,0
Durg::90,drug_target_interaction,Protein::124,0
Durg::632,drug_target_interaction,Protein::859,0
Durg::410,drug_target_interaction,Protein::143,0
Durg::511,drug_target_interaction,Protein::25,0
Durg::537,drug_target_interaction,Protein::515,0
Durg::42,drug_target_interaction,Protein::6,0
Durg::594,drug_target_interaction,Protein::486,0
Durg::457,drug_target_interaction,Protein::524,0
Durg::167,drug_target_interaction,Protein::860,0
Durg::431,drug_target_interaction,Protein::260,0
Durg::345,drug_target_interaction,Protein::1186,0
Durg::103,drug_target_interaction,Protein::661,0
Durg::112,drug_target_interaction,Protein::34,0
Durg::582,drug_target_interaction,Protein::588,0
Durg::703,drug_target_interaction,Protein::1179,0
Durg::163,drug_target_interaction,Protein::1162,0
Durg::102,drug_target_interaction,Protein::322,0
Durg::365,drug_target_interaction,Protein::745,0
Durg::28,drug_target_interaction,Protein::681,0
Durg::671,drug_target_interaction,Protein::610,0
Durg::262,drug_target_interaction,Protein::665,0
Durg::347,drug_target_interaction,Protein::221,0
Durg::580,drug_target_interaction,Protein::617,0
Durg::287,drug_target_interaction,Protein::726,0
Durg::279,drug_target_interaction,Protein::335,0
Durg::80,drug_target_interaction,Protein::1173,0
Durg::132,drug_target_interaction,Protein::264,0
Durg::160,drug_target_interaction,Protein::208,0
Durg::260,drug_target_interaction,Protein::421,0
Durg::391,drug_target_interaction,Protein::987,0
Durg::503,drug_target_interaction,Protein::636,0
Durg::571,drug_target_interaction,Protein::360,0
Durg::410,drug_target_interaction,Protein::108,0
Durg::372,drug_target_interaction,Protein::13,0
Durg::34,drug_target_interaction,Protein::745,0
Durg::133,drug_target_interaction,Protein::364,0
Durg::303,drug_target_interaction,Protein::1139,0
Durg::586,drug_target_interaction,Protein::744,0
Durg::27,drug_target_interaction,Protein::495,0
Durg::696,drug_target_interaction,Protein::141,0
Durg::572,drug_target_interaction,Protein::181,0
Durg::409,drug_target_interaction,Protein::302,0
Durg::160,drug_target_interaction,Protein::466,0
Durg::594,drug_target_interaction,Protein::1162,0
Durg::624,drug_target_interaction,Protein::931,0
Durg::466,drug_target_interaction,Protein::854,0
Durg::272,drug_target_interaction,Protein::263,0
Durg::485,drug_target_interaction,Protein::295,0
Durg::60,drug_target_interaction,Protein::483,0
Durg::60,drug_target_interaction,Protein::1375,0
Durg::11,drug_target_interaction,Protein::1508,0
Durg::80,drug_target_interaction,Protein::1181,0
Durg::30,drug_target_interaction,Protein::549,0
Durg::437,drug_target_interaction,Protein::1163,0
Durg::631,drug_target_interaction,Protein::166,0
Durg::75,drug_target_interaction,Protein::997,0
Durg::7,drug_target_interaction,Protein::1006,0
Durg::595,drug_target_interaction,Protein::84,0
Durg::612,drug_target_interaction,Protein::515,0
Durg::193,drug_target_interaction,Protein::526,0
Durg::570,drug_target_interaction,Protein::514,0
Durg::451,drug_target_interaction,Protein::694,0
Durg::684,drug_target_interaction,Protein::515,0
Durg::545,drug_target_interaction,Protein::143,0
Durg::546,drug_target_interaction,Protein::319,0
Durg::669,drug_target_interaction,Protein::263,0
Durg::369,drug_target_interaction,Protein::51,0
Durg::554,drug_target_interaction,Protein::998,0
Durg::439,drug_target_interaction,Protein::459,0
Durg::411,drug_target_interaction,Protein::1167,0
Durg::421,drug_target_interaction,Protein::197,0
Durg::544,drug_target_interaction,Protein::322,0
Durg::57,drug_target_interaction,Protein::614,0
Durg::57,drug_target_interaction,Protein::1381,0
Durg::90,drug_target_interaction,Protein::608,0
Durg::523,drug_target_interaction,Protein::1506,0
Durg::302,drug_target_interaction,Protein::244,0
Durg::302,drug_target_interaction,Protein::25,0
Durg::378,drug_target_interaction,Protein::722,0
Durg::597,drug_target_interaction,Protein::181,0
Durg::500,drug_target_interaction,Protein::144,0
Durg::306,drug_target_interaction,Protein::121,0
Durg::262,drug_target_interaction,Protein::1185,0
Durg::2,drug_target_interaction,Protein::124,0
Durg::68,drug_target_interaction,Protein::127,0
Durg::574,drug_target_interaction,Protein::986,0
Durg::133,drug_target_interaction,Protein::402,0
Durg::15,drug_target_interaction,Protein::1066,0
Durg::561,drug_target_interaction,Protein::185,0
Durg::283,drug_target_interaction,Protein::413,0
Durg::10,drug_target_interaction,Protein::265,0
Durg::630,drug_target_interaction,Protein::450,0
Durg::254,drug_target_interaction,Protein::71,0
Durg::483,drug_target_interaction,Protein::149,0
Durg::359,drug_target_interaction,Protein::114,0
Durg::64,drug_target_interaction,Protein::155,0
Durg::524,drug_target_interaction,Protein::497,0
Durg::195,drug_target_interaction,Protein::6,0
Durg::491,drug_target_interaction,Protein::144,0
Durg::136,drug_target_interaction,Protein::264,0
Durg::522,drug_target_interaction,Protein::1060,0
Durg::661,drug_target_interaction,Protein::413,0
Durg::573,drug_target_interaction,Protein::773,0
Durg::138,drug_target_interaction,Protein::426,0
Durg::420,drug_target_interaction,Protein::527,0
Durg::391,drug_target_interaction,Protein::1148,0
Durg::195,drug_target_interaction,Protein::83,0
Durg::570,drug_target_interaction,Protein::466,0
Durg::233,drug_target_interaction,Protein::528,0
Durg::683,drug_target_interaction,Protein::134,0
Durg::454,drug_target_interaction,Protein::570,0
Durg::451,drug_target_interaction,Protein::84,0
Durg::273,drug_target_interaction,Protein::642,0
Durg::69,drug_target_interaction,Protein::853,0
Durg::131,drug_target_interaction,Protein::574,0
Durg::539,drug_target_interaction,Protein::1169,0
Durg::185,drug_target_interaction,Protein::1185,0
Durg::369,drug_target_interaction,Protein::418,0
Durg::398,drug_target_interaction,Protein::194,0
Durg::638,drug_target_interaction,Protein::624,0
Durg::349,drug_target_interaction,Protein::326,0
Durg::240,drug_target_interaction,Protein::1150,0
Durg::411,drug_target_interaction,Protein::223,0
Durg::152,drug_target_interaction,Protein::315,0
Durg::264,drug_target_interaction,Protein::144,0
Durg::597,drug_target_interaction,Protein::986,0
Durg::469,drug_target_interaction,Protein::286,0
Durg::669,drug_target_interaction,Protein::814,0
Durg::491,drug_target_interaction,Protein::232,0
Durg::102,drug_target_interaction,Protein::206,0
Durg::229,drug_target_interaction,Protein::150,0
Durg::366,drug_target_interaction,Protein::574,0
Durg::264,drug_target_interaction,Protein::613,0
Durg::344,drug_target_interaction,Protein::127,0
Durg::108,drug_target_interaction,Protein::783,0
Durg::613,drug_target_interaction,Protein::223,0
Durg::268,drug_target_interaction,Protein::987,0
Durg::622,drug_target_interaction,Protein::998,0
Durg::240,drug_target_interaction,Protein::346,0
Durg::364,drug_target_interaction,Protein::1029,0
Durg::410,drug_target_interaction,Protein::418,0
Durg::536,drug_target_interaction,Protein::569,0
Durg::321,drug_target_interaction,Protein::1504,0
Durg::128,drug_target_interaction,Protein::380,0
Durg::477,drug_target_interaction,Protein::51,0
Durg::278,drug_target_interaction,Protein::394,0
Durg::640,drug_target_interaction,Protein::419,0
Durg::242,drug_target_interaction,Protein::783,0
Durg::11,drug_target_interaction,Protein::637,0
Durg::614,drug_target_interaction,Protein::527,0
Durg::530,drug_target_interaction,Protein::1175,0
Durg::41,drug_target_interaction,Protein::374,0
Durg::330,drug_target_interaction,Protein::84,0
Durg::707,drug_target_interaction,Protein::82,0
Durg::596,drug_target_interaction,Protein::276,0
Durg::702,drug_target_interaction,Protein::318,0
Durg::180,drug_target_interaction,Protein::1169,0
Durg::137,drug_target_interaction,Protein::1009,0
Durg::7,drug_target_interaction,Protein::856,0
Durg::314,drug_target_interaction,Protein::448,0
Durg::312,drug_target_interaction,Protein::1055,0
Durg::409,drug_target_interaction,Protein::247,0
Durg::65,drug_target_interaction,Protein::1175,0
Durg::337,drug_target_interaction,Protein::518,0
Durg::498,drug_target_interaction,Protein::561,0
Durg::565,drug_target_interaction,Protein::240,0
Durg::411,drug_target_interaction,Protein::237,0
Durg::97,drug_target_interaction,Protein::360,0
Durg::281,drug_target_interaction,Protein::661,0
Durg::630,drug_target_interaction,Protein::264,0
Durg::489,drug_target_interaction,Protein::737,0
Durg::506,drug_target_interaction,Protein::208,0
Durg::422,drug_target_interaction,Protein::549,0
Durg::228,drug_target_interaction,Protein::34,0
Durg::22,drug_target_interaction,Protein::570,0
Durg::163,drug_target_interaction,Protein::570,0
Durg::94,drug_target_interaction,Protein::232,0
Durg::118,drug_target_interaction,Protein::73,0
Durg::272,drug_target_interaction,Protein::496,0
Durg::317,drug_target_interaction,Protein::25,0
Durg::203,drug_target_interaction,Protein::326,0
Durg::128,drug_target_interaction,Protein::505,0
Durg::339,drug_target_interaction,Protein::1504,0
Durg::92,drug_target_interaction,Protein::661,0
Durg::550,drug_target_interaction,Protein::984,0
Durg::684,drug_target_interaction,Protein::264,0
Durg::52,drug_target_interaction,Protein::315,0
Durg::86,drug_target_interaction,Protein::589,0
Durg::269,drug_target_interaction,Protein::302,0
Durg::303,drug_target_interaction,Protein::359,0
Durg::526,drug_target_interaction,Protein::240,0
Durg::536,drug_target_interaction,Protein::124,0
Durg::350,drug_target_interaction,Protein::588,0
Durg::211,drug_target_interaction,Protein::150,0
Durg::270,drug_target_interaction,Protein::389,0
Durg::247,drug_target_interaction,Protein::421,0
Durg::227,drug_target_interaction,Protein::744,0
Durg::451,drug_target_interaction,Protein::206,0
Durg::202,drug_target_interaction,Protein::418,0
Durg::259,drug_target_interaction,Protein::89,0
Durg::419,drug_target_interaction,Protein::569,0
Durg::146,drug_target_interaction,Protein::625,0
Durg::466,drug_target_interaction,Protein::589,0
Durg::101,drug_target_interaction,Protein::1153,0
Durg::545,drug_target_interaction,Protein::1177,0
Durg::518,drug_target_interaction,Protein::569,0
Durg::351,drug_target_interaction,Protein::273,0
Durg::148,drug_target_interaction,Protein::89,0
Durg::634,drug_target_interaction,Protein::48,0
Durg::508,drug_target_interaction,Protein::232,0
Durg::100,drug_target_interaction,Protein::654,0
Durg::662,drug_target_interaction,Protein::1139,0
Durg::521,drug_target_interaction,Protein::996,0
Durg::227,drug_target_interaction,Protein::640,0
Durg::479,drug_target_interaction,Protein::221,0
Durg::508,drug_target_interaction,Protein::259,0
Durg::549,drug_target_interaction,Protein::657,0
Durg::650,drug_target_interaction,Protein::60,0
Durg::130,drug_target_interaction,Protein::291,0
Durg::238,drug_target_interaction,Protein::1186,0
Durg::594,drug_target_interaction,Protein::71,0
Durg::118,drug_target_interaction,Protein::14,0
Durg::266,drug_target_interaction,Protein::648,0
Durg::222,drug_target_interaction,Protein::744,0
Durg::210,drug_target_interaction,Protein::927,0
Durg::341,drug_target_interaction,Protein::322,0
Durg::330,drug_target_interaction,Protein::241,0
Durg::703,drug_target_interaction,Protein::1163,0
Durg::549,drug_target_interaction,Protein::440,0
Durg::310,drug_target_interaction,Protein::242,0
Durg::425,drug_target_interaction,Protein::996,0
Durg::228,drug_target_interaction,Protein::181,0
Durg::461,drug_target_interaction,Protein::402,0
Durg::288,drug_target_interaction,Protein::366,0
Durg::239,drug_target_interaction,Protein::12,0
Durg::0,drug_target_interaction,Protein::636,0
Durg::211,drug_target_interaction,Protein::28,0
Durg::325,drug_target_interaction,Protein::427,0
Durg::691,drug_target_interaction,Protein::986,0
Durg::370,drug_target_interaction,Protein::637,0
Durg::335,drug_target_interaction,Protein::295,0
Durg::6,drug_target_interaction,Protein::242,0
Durg::623,drug_target_interaction,Protein::311,0
Durg::97,drug_target_interaction,Protein::121,0
Durg::5,drug_target_interaction,Protein::330,0
Durg::497,drug_target_interaction,Protein::6,0
Durg::50,drug_target_interaction,Protein::648,0
Durg::78,drug_target_interaction,Protein::400,0
Durg::95,drug_target_interaction,Protein::530,0
Durg::362,drug_target_interaction,Protein::470,0
Durg::122,drug_target_interaction,Protein::114,0
Durg::419,drug_target_interaction,Protein::486,0
Durg::191,drug_target_interaction,Protein::526,0
Durg::529,drug_target_interaction,Protein::374,0
Durg::221,drug_target_interaction,Protein::395,0
Durg::123,drug_target_interaction,Protein::773,0
Durg::459,drug_target_interaction,Protein::90,0
Durg::465,drug_target_interaction,Protein::45,0
Durg::76,drug_target_interaction,Protein::625,0
Durg::376,drug_target_interaction,Protein::48,0
Durg::421,drug_target_interaction,Protein::1150,0
Durg::184,drug_target_interaction,Protein::312,0
Durg::92,drug_target_interaction,Protein::359,0
Durg::71,drug_target_interaction,Protein::62,0
Durg::260,drug_target_interaction,Protein::670,0
Durg::536,drug_target_interaction,Protein::361,0
Durg::616,drug_target_interaction,Protein::1038,0
Durg::689,drug_target_interaction,Protein::237,0
Durg::356,drug_target_interaction,Protein::485,0
Durg::565,drug_target_interaction,Protein::1152,0
Durg::419,drug_target_interaction,Protein::266,0
Durg::564,drug_target_interaction,Protein::717,0
Durg::451,drug_target_interaction,Protein::377,0
Durg::13,drug_target_interaction,Protein::78,0
Durg::206,drug_target_interaction,Protein::573,0
Durg::639,drug_target_interaction,Protein::395,0
Durg::476,drug_target_interaction,Protein::31,0
Durg::70,drug_target_interaction,Protein::483,0
Durg::458,drug_target_interaction,Protein::13,0
Durg::286,drug_target_interaction,Protein::127,0
Durg::394,drug_target_interaction,Protein::383,0
Durg::671,drug_target_interaction,Protein::744,0
Durg::238,drug_target_interaction,Protein::296,0
Durg::242,drug_target_interaction,Protein::568,0
Durg::204,drug_target_interaction,Protein::151,0
Durg::506,drug_target_interaction,Protein::550,0
Durg::49,drug_target_interaction,Protein::996,0
Durg::260,drug_target_interaction,Protein::1166,0
Durg::632,drug_target_interaction,Protein::1299,0
Durg::272,drug_target_interaction,Protein::528,0
Durg::224,drug_target_interaction,Protein::817,0
Durg::473,drug_target_interaction,Protein::246,0
Durg::465,drug_target_interaction,Protein::1066,0
Durg::114,drug_target_interaction,Protein::569,0
Durg::539,drug_target_interaction,Protein::39,0
Durg::35,drug_target_interaction,Protein::482,0
Durg::610,drug_target_interaction,Protein::1375,0
Durg::183,drug_target_interaction,Protein::1173,0
Durg::489,drug_target_interaction,Protein::243,0
Durg::265,drug_target_interaction,Protein::497,0
Durg::426,drug_target_interaction,Protein::419,0
Durg::205,drug_target_interaction,Protein::201,0
Durg::484,drug_target_interaction,Protein::207,0
Durg::252,drug_target_interaction,Protein::689,0
Durg::100,drug_target_interaction,Protein::401,0
Durg::329,drug_target_interaction,Protein::39,0
Durg::685,drug_target_interaction,Protein::73,0
Durg::616,drug_target_interaction,Protein::383,0
Durg::221,drug_target_interaction,Protein::515,0
Durg::550,drug_target_interaction,Protein::613,0
Durg::167,drug_target_interaction,Protein::924,0
Durg::110,drug_target_interaction,Protein::472,0
Durg::93,drug_target_interaction,Protein::244,0
Durg::548,drug_target_interaction,Protein::1139,0
Durg::550,drug_target_interaction,Protein::986,0
Durg::396,drug_target_interaction,Protein::745,0
Durg::409,drug_target_interaction,Protein::327,0
Durg::15,drug_target_interaction,Protein::459,0
Durg::561,drug_target_interaction,Protein::581,0
Durg::481,drug_target_interaction,Protein::694,0
Durg::690,drug_target_interaction,Protein::656,0
Durg::543,drug_target_interaction,Protein::271,0
Durg::355,drug_target_interaction,Protein::12,0
Durg::133,drug_target_interaction,Protein::726,0
Durg::680,drug_target_interaction,Protein::1139,0
Durg::375,drug_target_interaction,Protein::142,0
Durg::420,drug_target_interaction,Protein::1161,0
Durg::103,drug_target_interaction,Protein::647,0
Durg::485,drug_target_interaction,Protein::266,0
Durg::152,drug_target_interaction,Protein::273,0
Durg::4,drug_target_interaction,Protein::990,0
Durg::422,drug_target_interaction,Protein::1163,0
Durg::345,drug_target_interaction,Protein::528,0
Durg::599,drug_target_interaction,Protein::1203,0
Durg::108,drug_target_interaction,Protein::1161,0
Durg::486,drug_target_interaction,Protein::640,0
Durg::271,drug_target_interaction,Protein::346,0
Durg::158,drug_target_interaction,Protein::561,0
Durg::287,drug_target_interaction,Protein::550,0
Durg::68,drug_target_interaction,Protein::605,0
Durg::641,drug_target_interaction,Protein::223,0
Durg::404,drug_target_interaction,Protein::1151,0
Durg::188,drug_target_interaction,Protein::421,0
Durg::394,drug_target_interaction,Protein::1170,0
Durg::437,drug_target_interaction,Protein::175,0
Durg::617,drug_target_interaction,Protein::1203,0
Durg::634,drug_target_interaction,Protein::40,0
Durg::80,drug_target_interaction,Protein::1163,0
Durg::419,drug_target_interaction,Protein::84,0
Durg::444,drug_target_interaction,Protein::421,0
Durg::661,drug_target_interaction,Protein::237,0
Durg::95,drug_target_interaction,Protein::1506,0
Durg::278,drug_target_interaction,Protein::71,0
Durg::86,drug_target_interaction,Protein::1139,0
Durg::230,drug_target_interaction,Protein::1015,0
Durg::581,drug_target_interaction,Protein::2,0
Durg::76,drug_target_interaction,Protein::318,0
Durg::23,drug_target_interaction,Protein::223,0
Durg::349,drug_target_interaction,Protein::99,0
Durg::252,drug_target_interaction,Protein::98,0
Durg::333,drug_target_interaction,Protein::513,0
Durg::288,drug_target_interaction,Protein::663,0
Durg::221,drug_target_interaction,Protein::327,0
Durg::662,drug_target_interaction,Protein::248,0
Durg::283,drug_target_interaction,Protein::39,0
Durg::401,drug_target_interaction,Protein::291,0
Durg::20,drug_target_interaction,Protein::319,0
Durg::302,drug_target_interaction,Protein::127,0
Durg::347,drug_target_interaction,Protein::150,0
Durg::603,drug_target_interaction,Protein::720,0
Durg::347,drug_target_interaction,Protein::538,0
Durg::125,drug_target_interaction,Protein::852,0
Durg::11,drug_target_interaction,Protein::424,0
Durg::66,drug_target_interaction,Protein::995,0
Durg::677,drug_target_interaction,Protein::1174,0
Durg::348,drug_target_interaction,Protein::320,0
Durg::118,drug_target_interaction,Protein::461,0
Durg::343,drug_target_interaction,Protein::1000,0
Durg::695,drug_target_interaction,Protein::509,0
Durg::582,drug_target_interaction,Protein::993,0
Durg::164,drug_target_interaction,Protein::82,0
Durg::502,drug_target_interaction,Protein::14,0
Durg::182,drug_target_interaction,Protein::51,0
Durg::424,drug_target_interaction,Protein::610,0
Durg::690,drug_target_interaction,Protein::89,0
Durg::147,drug_target_interaction,Protein::720,0
Durg::584,drug_target_interaction,Protein::460,0
Durg::315,drug_target_interaction,Protein::145,0
Durg::566,drug_target_interaction,Protein::259,0
Durg::110,drug_target_interaction,Protein::527,0
Durg::52,drug_target_interaction,Protein::1160,0
Durg::669,drug_target_interaction,Protein::1060,0
Durg::631,drug_target_interaction,Protein::581,0
Durg::682,drug_target_interaction,Protein::1138,0
Durg::485,drug_target_interaction,Protein::726,0
Durg::190,drug_target_interaction,Protein::183,0
Durg::152,drug_target_interaction,Protein::407,0
Durg::356,drug_target_interaction,Protein::302,0
Durg::377,drug_target_interaction,Protein::617,0
Durg::83,drug_target_interaction,Protein::985,0
Durg::337,drug_target_interaction,Protein::328,0
Durg::584,drug_target_interaction,Protein::390,0
Durg::243,drug_target_interaction,Protein::989,0
Durg::409,drug_target_interaction,Protein::263,0
Durg::364,drug_target_interaction,Protein::1187,0
Durg::693,drug_target_interaction,Protein::421,0
Durg::151,drug_target_interaction,Protein::380,0
Durg::11,drug_target_interaction,Protein::181,0
Durg::549,drug_target_interaction,Protein::12,0
Durg::485,drug_target_interaction,Protein::99,0
Durg::559,drug_target_interaction,Protein::524,0
Durg::474,drug_target_interaction,Protein::858,0
Durg::698,drug_target_interaction,Protein::269,0
Durg::2,drug_target_interaction,Protein::742,0
Durg::65,drug_target_interaction,Protein::496,0
Durg::243,drug_target_interaction,Protein::722,0
Durg::361,drug_target_interaction,Protein::289,0
Durg::68,drug_target_interaction,Protein::206,0
Durg::210,drug_target_interaction,Protein::1169,0
Durg::341,drug_target_interaction,Protein::1009,0
Durg::317,drug_target_interaction,Protein::466,0
Durg::84,drug_target_interaction,Protein::1508,0
Durg::376,drug_target_interaction,Protein::573,0
Durg::463,drug_target_interaction,Protein::859,0
Durg::643,drug_target_interaction,Protein::588,0
Durg::275,drug_target_interaction,Protein::573,0
Durg::621,drug_target_interaction,Protein::786,0
Durg::603,drug_target_interaction,Protein::424,0
Durg::474,drug_target_interaction,Protein::485,0
Durg::276,drug_target_interaction,Protein::924,0
Durg::502,drug_target_interaction,Protein::1186,0
Durg::58,drug_target_interaction,Protein::778,0
Durg::599,drug_target_interaction,Protein::362,0
Durg::638,drug_target_interaction,Protein::108,0
Durg::234,drug_target_interaction,Protein::419,0
Durg::586,drug_target_interaction,Protein::1041,0
Durg::476,drug_target_interaction,Protein::675,0
Durg::357,drug_target_interaction,Protein::482,0
Durg::393,drug_target_interaction,Protein::272,0
Durg::115,drug_target_interaction,Protein::32,0
Durg::480,drug_target_interaction,Protein::389,0
Durg::480,drug_target_interaction,Protein::113,0
Durg::219,drug_target_interaction,Protein::138,0
Durg::694,drug_target_interaction,Protein::442,0
Durg::8,drug_target_interaction,Protein::1181,0
Durg::684,drug_target_interaction,Protein::621,0
Durg::529,drug_target_interaction,Protein::112,0
Durg::135,drug_target_interaction,Protein::1160,0
Durg::514,drug_target_interaction,Protein::460,0
Durg::100,drug_target_interaction,Protein::18,0
Durg::134,drug_target_interaction,Protein::99,0
Durg::592,drug_target_interaction,Protein::309,0
Durg::11,drug_target_interaction,Protein::142,0
Durg::662,drug_target_interaction,Protein::1066,0
Durg::87,drug_target_interaction,Protein::164,0
Durg::26,drug_target_interaction,Protein::1176,0
Durg::202,drug_target_interaction,Protein::145,0
Durg::143,drug_target_interaction,Protein::408,0
Durg::260,drug_target_interaction,Protein::364,0
Durg::221,drug_target_interaction,Protein::778,0
Durg::638,drug_target_interaction,Protein::1176,0
Durg::638,drug_target_interaction,Protein::269,0
Durg::115,drug_target_interaction,Protein::440,0
Durg::590,drug_target_interaction,Protein::135,0
Durg::622,drug_target_interaction,Protein::527,0
Durg::301,drug_target_interaction,Protein::289,0
Durg::147,drug_target_interaction,Protein::279,0
Durg::170,drug_target_interaction,Protein::358,0
Durg::266,drug_target_interaction,Protein::581,0
Durg::480,drug_target_interaction,Protein::318,0
Durg::526,drug_target_interaction,Protein::452,0
Durg::659,drug_target_interaction,Protein::136,0
Durg::606,drug_target_interaction,Protein::783,0
Durg::680,drug_target_interaction,Protein::1006,0
Durg::341,drug_target_interaction,Protein::722,0
Durg::242,drug_target_interaction,Protein::1169,0
Durg::25,drug_target_interaction,Protein::546,0
Durg::227,drug_target_interaction,Protein::360,0
Durg::599,drug_target_interaction,Protein::428,0
Durg::521,drug_target_interaction,Protein::413,0
Durg::622,drug_target_interaction,Protein::271,0
Durg::580,drug_target_interaction,Protein::1375,0
Durg::430,drug_target_interaction,Protein::67,0
Durg::422,drug_target_interaction,Protein::302,0
Durg::349,drug_target_interaction,Protein::669,0
Durg::339,drug_target_interaction,Protein::717,0
Durg::458,drug_target_interaction,Protein::272,0
Durg::31,drug_target_interaction,Protein::83,0
Durg::632,drug_target_interaction,Protein::62,0
Durg::379,drug_target_interaction,Protein::773,0
Durg::225,drug_target_interaction,Protein::259,0
Durg::148,drug_target_interaction,Protein::144,0
Durg::678,drug_target_interaction,Protein::402,0
Durg::170,drug_target_interaction,Protein::136,0
Durg::564,drug_target_interaction,Protein::549,0
Durg::327,drug_target_interaction,Protein::669,0
Durg::511,drug_target_interaction,Protein::1185,0
Durg::30,drug_target_interaction,Protein::12,0
Durg::603,drug_target_interaction,Protein::613,0
Durg::496,drug_target_interaction,Protein::241,0
Durg::601,drug_target_interaction,Protein::545,0
Durg::126,drug_target_interaction,Protein::546,0
Durg::66,drug_target_interaction,Protein::413,0
Durg::260,drug_target_interaction,Protein::987,0
Durg::299,drug_target_interaction,Protein::614,0
Durg::134,drug_target_interaction,Protein::315,0
Durg::692,drug_target_interaction,Protein::1169,0
Durg::574,drug_target_interaction,Protein::1170,0
Durg::593,drug_target_interaction,Protein::605,0
Durg::444,drug_target_interaction,Protein::442,0
Durg::410,drug_target_interaction,Protein::1503,0
Durg::291,drug_target_interaction,Protein::1034,0
Durg::338,drug_target_interaction,Protein::34,0
Durg::582,drug_target_interaction,Protein::144,0
Durg::183,drug_target_interaction,Protein::196,0
Durg::38,drug_target_interaction,Protein::45,0
Durg::543,drug_target_interaction,Protein::435,0
Durg::41,drug_target_interaction,Protein::278,0
Durg::553,drug_target_interaction,Protein::449,0
Durg::498,drug_target_interaction,Protein::717,0
Durg::449,drug_target_interaction,Protein::515,0
Durg::587,drug_target_interaction,Protein::164,0
Durg::300,drug_target_interaction,Protein::12,0
Durg::383,drug_target_interaction,Protein::608,0
Durg::35,drug_target_interaction,Protein::7,0
Durg::343,drug_target_interaction,Protein::12,0
Durg::260,drug_target_interaction,Protein::64,0
Durg::233,drug_target_interaction,Protein::640,0
Durg::84,drug_target_interaction,Protein::916,0
Durg::32,drug_target_interaction,Protein::786,0
Durg::412,drug_target_interaction,Protein::986,0
Durg::507,drug_target_interaction,Protein::1165,0
Durg::16,drug_target_interaction,Protein::1029,0
Durg::503,drug_target_interaction,Protein::326,0
Durg::478,drug_target_interaction,Protein::26,0
Durg::335,drug_target_interaction,Protein::1202,0
Durg::607,drug_target_interaction,Protein::783,0
Durg::275,drug_target_interaction,Protein::89,0
Durg::420,drug_target_interaction,Protein::1172,0
Durg::587,drug_target_interaction,Protein::1299,0
Durg::4,drug_target_interaction,Protein::450,0
Durg::252,drug_target_interaction,Protein::1155,0
Durg::660,drug_target_interaction,Protein::78,0
Durg::549,drug_target_interaction,Protein::1299,0
Durg::407,drug_target_interaction,Protein::1381,0
Durg::314,drug_target_interaction,Protein::428,0
Durg::689,drug_target_interaction,Protein::175,0
Durg::43,drug_target_interaction,Protein::561,0
Durg::57,drug_target_interaction,Protein::1163,0
Durg::590,drug_target_interaction,Protein::640,0
Durg::373,drug_target_interaction,Protein::1506,0
Durg::148,drug_target_interaction,Protein::486,0
Durg::374,drug_target_interaction,Protein::67,0
Durg::344,drug_target_interaction,Protein::485,0
Durg::658,drug_target_interaction,Protein::526,0
Durg::499,drug_target_interaction,Protein::402,0
Durg::214,drug_target_interaction,Protein::112,0
Durg::523,drug_target_interaction,Protein::320,0
Durg::526,drug_target_interaction,Protein::151,0
Durg::325,drug_target_interaction,Protein::433,0
Durg::458,drug_target_interaction,Protein::608,0
Durg::34,drug_target_interaction,Protein::189,0
Durg::455,drug_target_interaction,Protein::1375,0
Durg::496,drug_target_interaction,Protein::817,0
Durg::306,drug_target_interaction,Protein::1187,0
Durg::419,drug_target_interaction,Protein::916,0
Durg::220,drug_target_interaction,Protein::170,0
Durg::499,drug_target_interaction,Protein::317,0
Durg::317,drug_target_interaction,Protein::483,0
Durg::172,drug_target_interaction,Protein::940,0
Durg::312,drug_target_interaction,Protein::737,0
Durg::366,drug_target_interaction,Protein::681,0
Durg::290,drug_target_interaction,Protein::1183,0
Durg::9,drug_target_interaction,Protein::570,0
Durg::222,drug_target_interaction,Protein::448,0
Durg::341,drug_target_interaction,Protein::140,0
Durg::463,drug_target_interaction,Protein::1183,0
Durg::133,drug_target_interaction,Protein::21,0
Durg::374,drug_target_interaction,Protein::860,0
Durg::683,drug_target_interaction,Protein::269,0
Durg::347,drug_target_interaction,Protein::322,0
Durg::516,drug_target_interaction,Protein::916,0
Durg::692,drug_target_interaction,Protein::326,0
Durg::20,drug_target_interaction,Protein::853,0
Durg::511,drug_target_interaction,Protein::279,0
Durg::14,drug_target_interaction,Protein::689,0
Durg::76,drug_target_interaction,Protein::647,0
Durg::134,drug_target_interaction,Protein::681,0
Durg::543,drug_target_interaction,Protein::528,0
Durg::152,drug_target_interaction,Protein::561,0
Durg::448,drug_target_interaction,Protein::636,0
Durg::419,drug_target_interaction,Protein::993,0
Durg::518,drug_target_interaction,Protein::656,0
Durg::42,drug_target_interaction,Protein::1170,0
Durg::609,drug_target_interaction,Protein::589,0
Durg::76,drug_target_interaction,Protein::642,0
Durg::488,drug_target_interaction,Protein::60,0
Durg::569,drug_target_interaction,Protein::266,0
Durg::4,drug_target_interaction,Protein::924,0
Durg::394,drug_target_interaction,Protein::208,0
Durg::253,drug_target_interaction,Protein::361,0
Durg::118,drug_target_interaction,Protein::302,0
Durg::144,drug_target_interaction,Protein::477,0
Durg::395,drug_target_interaction,Protein::170,0
Durg::418,drug_target_interaction,Protein::42,0
Durg::236,drug_target_interaction,Protein::459,0
Durg::677,drug_target_interaction,Protein::722,0
Durg::138,drug_target_interaction,Protein::401,0
Durg::684,drug_target_interaction,Protein::1029,0
Durg::69,drug_target_interaction,Protein::60,0
Durg::30,drug_target_interaction,Protein::998,0
Durg::164,drug_target_interaction,Protein::435,0
Durg::384,drug_target_interaction,Protein::549,0
Durg::189,drug_target_interaction,Protein::429,0
Durg::322,drug_target_interaction,Protein::175,0
Durg::693,drug_target_interaction,Protein::419,0
Durg::370,drug_target_interaction,Protein::814,0
Durg::109,drug_target_interaction,Protein::1009,0
Durg::114,drug_target_interaction,Protein::278,0
Durg::230,drug_target_interaction,Protein::466,0
Durg::626,drug_target_interaction,Protein::101,0
Durg::314,drug_target_interaction,Protein::427,0
Durg::189,drug_target_interaction,Protein::318,0
Durg::269,drug_target_interaction,Protein::206,0
Durg::306,drug_target_interaction,Protein::194,0
Durg::334,drug_target_interaction,Protein::608,0
Durg::214,drug_target_interaction,Protein::286,0
Durg::645,drug_target_interaction,Protein::259,0
Durg::195,drug_target_interaction,Protein::648,0
Durg::480,drug_target_interaction,Protein::296,0
Durg::63,drug_target_interaction,Protein::1148,0
Durg::171,drug_target_interaction,Protein::309,0
Durg::584,drug_target_interaction,Protein::407,0
Durg::400,drug_target_interaction,Protein::987,0
Durg::178,drug_target_interaction,Protein::164,0
Durg::437,drug_target_interaction,Protein::155,0
Durg::480,drug_target_interaction,Protein::527,0
Durg::641,drug_target_interaction,Protein::18,0
Durg::425,drug_target_interaction,Protein::482,0
Durg::302,drug_target_interaction,Protein::1375,0
Durg::618,drug_target_interaction,Protein::608,0
Durg::100,drug_target_interaction,Protein::675,0
Durg::202,drug_target_interaction,Protein::31,0
Durg::2,drug_target_interaction,Protein::1006,0
Durg::61,drug_target_interaction,Protein::453,0
Durg::481,drug_target_interaction,Protein::624,0
Durg::672,drug_target_interaction,Protein::1151,0
Durg::222,drug_target_interaction,Protein::617,0
Durg::396,drug_target_interaction,Protein::461,0
Durg::595,drug_target_interaction,Protein::744,0
Durg::75,drug_target_interaction,Protein::475,0
Durg::472,drug_target_interaction,Protein::135,0
Durg::639,drug_target_interaction,Protein::1155,0
Durg::348,drug_target_interaction,Protein::986,0
Durg::281,drug_target_interaction,Protein::269,0
Durg::23,drug_target_interaction,Protein::73,0
Durg::27,drug_target_interaction,Protein::1174,0
Durg::244,drug_target_interaction,Protein::138,0
Durg::357,drug_target_interaction,Protein::135,0
Durg::193,drug_target_interaction,Protein::276,0
Durg::460,drug_target_interaction,Protein::918,0
Durg::707,drug_target_interaction,Protein::509,0
Durg::238,drug_target_interaction,Protein::588,0
Durg::141,drug_target_interaction,Protein::401,0
Durg::306,drug_target_interaction,Protein::524,0
Durg::507,drug_target_interaction,Protein::244,0
Durg::707,drug_target_interaction,Protein::459,0
Durg::628,drug_target_interaction,Protein::449,0
Durg::700,drug_target_interaction,Protein::1055,0
Durg::154,drug_target_interaction,Protein::98,0
Durg::458,drug_target_interaction,Protein::101,0
Durg::152,drug_target_interaction,Protein::509,0
Durg::286,drug_target_interaction,Protein::440,0
Durg::88,drug_target_interaction,Protein::207,0
Durg::171,drug_target_interaction,Protein::259,0
Durg::131,drug_target_interaction,Protein::259,0
Durg::607,drug_target_interaction,Protein::637,0
Durg::298,drug_target_interaction,Protein::272,0
Durg::535,drug_target_interaction,Protein::25,0
Durg::77,drug_target_interaction,Protein::247,0
Durg::566,drug_target_interaction,Protein::248,0
Durg::369,drug_target_interaction,Protein::512,0
Durg::442,drug_target_interaction,Protein::1150,0
Durg::164,drug_target_interaction,Protein::514,0
Durg::497,drug_target_interaction,Protein::374,0
Durg::309,drug_target_interaction,Protein::263,0
Durg::503,drug_target_interaction,Protein::589,0
Durg::668,drug_target_interaction,Protein::360,0
Durg::100,drug_target_interaction,Protein::117,0
Durg::86,drug_target_interaction,Protein::136,0
Durg::704,drug_target_interaction,Protein::13,0
Durg::291,drug_target_interaction,Protein::617,0
Durg::41,drug_target_interaction,Protein::696,0
Durg::523,drug_target_interaction,Protein::642,0
Durg::539,drug_target_interaction,Protein::83,0
Durg::389,drug_target_interaction,Protein::34,0
Durg::622,drug_target_interaction,Protein::359,0
Durg::127,drug_target_interaction,Protein::1150,0
Durg::134,drug_target_interaction,Protein::422,0
Durg::588,drug_target_interaction,Protein::19,0
Durg::483,drug_target_interaction,Protein::1172,0
Durg::424,drug_target_interaction,Protein::614,0
Durg::86,drug_target_interaction,Protein::309,0
Durg::593,drug_target_interaction,Protein::1202,0
Durg::485,drug_target_interaction,Protein::208,0
Durg::86,drug_target_interaction,Protein::527,0
Durg::220,drug_target_interaction,Protein::1196,0
Durg::431,drug_target_interaction,Protein::200,0
Durg::230,drug_target_interaction,Protein::440,0
Durg::95,drug_target_interaction,Protein::166,0
Durg::134,drug_target_interaction,Protein::605,0
Durg::70,drug_target_interaction,Protein::1146,0
Durg::697,drug_target_interaction,Protein::368,0
Durg::224,drug_target_interaction,Protein::470,0
Durg::404,drug_target_interaction,Protein::225,0
Durg::156,drug_target_interaction,Protein::495,0
Durg::409,drug_target_interaction,Protein::139,0
Durg::194,drug_target_interaction,Protein::486,0
Durg::409,drug_target_interaction,Protein::459,0
Durg::286,drug_target_interaction,Protein::81,0
Durg::429,drug_target_interaction,Protein::709,0
Durg::252,drug_target_interaction,Protein::1188,0
Durg::75,drug_target_interaction,Protein::610,0
Durg::498,drug_target_interaction,Protein::783,0
Durg::626,drug_target_interaction,Protein::989,0
Durg::691,drug_target_interaction,Protein::279,0
Durg::560,drug_target_interaction,Protein::13,0
Durg::180,drug_target_interaction,Protein::83,0
Durg::461,drug_target_interaction,Protein::200,0
Durg::273,drug_target_interaction,Protein::1508,0
Durg::84,drug_target_interaction,Protein::243,0
Durg::516,drug_target_interaction,Protein::636,0
Durg::88,drug_target_interaction,Protein::170,0
Durg::450,drug_target_interaction,Protein::589,0
Durg::314,drug_target_interaction,Protein::669,0
Durg::391,drug_target_interaction,Protein::276,0
Durg::94,drug_target_interaction,Protein::516,0
Durg::611,drug_target_interaction,Protein::859,0
Durg::650,drug_target_interaction,Protein::246,0
Durg::532,drug_target_interaction,Protein::549,0
Durg::380,drug_target_interaction,Protein::995,0
Durg::163,drug_target_interaction,Protein::852,0
Durg::627,drug_target_interaction,Protein::470,0
Durg::518,drug_target_interaction,Protein::550,0
Durg::12,drug_target_interaction,Protein::927,0
Durg::220,drug_target_interaction,Protein::141,0
Durg::643,drug_target_interaction,Protein::360,0
Durg::663,drug_target_interaction,Protein::452,0
Durg::412,drug_target_interaction,Protein::266,0
Durg::47,drug_target_interaction,Protein::423,0
Durg::420,drug_target_interaction,Protein::738,0
Durg::389,drug_target_interaction,Protein::144,0
Durg::310,drug_target_interaction,Protein::554,0
Durg::415,drug_target_interaction,Protein::124,0
Durg::434,drug_target_interaction,Protein::1188,0
Durg::280,drug_target_interaction,Protein::439,0
Durg::394,drug_target_interaction,Protein::538,0
Durg::526,drug_target_interaction,Protein::989,0
Durg::114,drug_target_interaction,Protein::459,0
Durg::561,drug_target_interaction,Protein::495,0
Durg::355,drug_target_interaction,Protein::466,0
Durg::281,drug_target_interaction,Protein::151,0
Durg::391,drug_target_interaction,Protein::247,0
Durg::251,drug_target_interaction,Protein::13,0
Durg::509,drug_target_interaction,Protein::67,0
Durg::293,drug_target_interaction,Protein::987,0
Durg::430,drug_target_interaction,Protein::448,0
Durg::247,drug_target_interaction,Protein::389,0
Durg::690,drug_target_interaction,Protein::1504,0
Durg::219,drug_target_interaction,Protein::550,0
Durg::22,drug_target_interaction,Protein::720,0
Durg::667,drug_target_interaction,Protein::986,0
Durg::582,drug_target_interaction,Protein::1160,0
Durg::437,drug_target_interaction,Protein::7,0
Durg::321,drug_target_interaction,Protein::1151,0
Durg::144,drug_target_interaction,Protein::857,0
Durg::17,drug_target_interaction,Protein::526,0
Durg::69,drug_target_interaction,Protein::12,0
Durg::359,drug_target_interaction,Protein::39,0
Durg::40,drug_target_interaction,Protein::32,0
Durg::232,drug_target_interaction,Protein::85,0
Durg::548,drug_target_interaction,Protein::1375,0
Durg::474,drug_target_interaction,Protein::141,0
Durg::261,drug_target_interaction,Protein::656,0
Durg::454,drug_target_interaction,Protein::361,0
Durg::669,drug_target_interaction,Protein::358,0
Durg::503,drug_target_interaction,Protein::497,0
Durg::335,drug_target_interaction,Protein::197,0
Durg::60,drug_target_interaction,Protein::1174,0
Durg::566,drug_target_interaction,Protein::745,0
Durg::270,drug_target_interaction,Protein::1184,0
Durg::34,drug_target_interaction,Protein::395,0
Durg::188,drug_target_interaction,Protein::940,0
Durg::597,drug_target_interaction,Protein::1179,0
Durg::72,drug_target_interaction,Protein::309,0
Durg::545,drug_target_interaction,Protein::1139,0
Durg::669,drug_target_interaction,Protein::663,0
Durg::78,drug_target_interaction,Protein::435,0
Durg::614,drug_target_interaction,Protein::568,0
Durg::238,drug_target_interaction,Protein::315,0
Durg::535,drug_target_interaction,Protein::665,0
Durg::279,drug_target_interaction,Protein::530,0
Durg::535,drug_target_interaction,Protein::98,0
Durg::291,drug_target_interaction,Protein::1164,0
Durg::406,drug_target_interaction,Protein::922,0
Durg::472,drug_target_interaction,Protein::1299,0
Durg::27,drug_target_interaction,Protein::366,0
Durg::251,drug_target_interaction,Protein::1503,0
Durg::643,drug_target_interaction,Protein::272,0
Durg::398,drug_target_interaction,Protein::424,0
Durg::413,drug_target_interaction,Protein::1202,0
Durg::463,drug_target_interaction,Protein::549,0
Durg::268,drug_target_interaction,Protein::1503,0
Durg::349,drug_target_interaction,Protein::528,0
Durg::214,drug_target_interaction,Protein::495,0
Durg::443,drug_target_interaction,Protein::261,0
Durg::335,drug_target_interaction,Protein::614,0
Durg::491,drug_target_interaction,Protein::145,0
Durg::695,drug_target_interaction,Protein::433,0
Durg::564,drug_target_interaction,Protein::203,0
Durg::686,drug_target_interaction,Protein::31,0
Durg::346,drug_target_interaction,Protein::90,0
Durg::684,drug_target_interaction,Protein::617,0
Durg::78,drug_target_interaction,Protein::605,0
Durg::662,drug_target_interaction,Protein::390,0
Durg::607,drug_target_interaction,Protein::1165,0
Durg::180,drug_target_interaction,Protein::1175,0
Durg::160,drug_target_interaction,Protein::472,0
Durg::572,drug_target_interaction,Protein::1169,0
Durg::535,drug_target_interaction,Protein::309,0
Durg::596,drug_target_interaction,Protein::315,0
Durg::36,drug_target_interaction,Protein::232,0
Durg::242,drug_target_interaction,Protein::124,0
Durg::565,drug_target_interaction,Protein::155,0
Durg::62,drug_target_interaction,Protein::1166,0
Durg::41,drug_target_interaction,Protein::514,0
Durg::244,drug_target_interaction,Protein::994,0
Durg::483,drug_target_interaction,Protein::390,0
Durg::441,drug_target_interaction,Protein::1502,0
Durg::68,drug_target_interaction,Protein::75,0
Durg::303,drug_target_interaction,Protein::366,0
Durg::530,drug_target_interaction,Protein::364,0
Durg::100,drug_target_interaction,Protein::185,0
Durg::203,drug_target_interaction,Protein::707,0
Durg::361,drug_target_interaction,Protein::1202,0
Durg::148,drug_target_interaction,Protein::505,0
Durg::112,drug_target_interaction,Protein::335,0
Durg::165,drug_target_interaction,Protein::1150,0
Durg::217,drug_target_interaction,Protein::1041,0
Durg::180,drug_target_interaction,Protein::150,0
Durg::204,drug_target_interaction,Protein::439,0
Durg::74,drug_target_interaction,Protein::346,0
Durg::401,drug_target_interaction,Protein::786,0
Durg::540,drug_target_interaction,Protein::6,0
Durg::702,drug_target_interaction,Protein::1038,0
Durg::543,drug_target_interaction,Protein::1006,0
Durg::276,drug_target_interaction,Protein::1299,0
Durg::437,drug_target_interaction,Protein::860,0
Durg::599,drug_target_interaction,Protein::1169,0
Durg::626,drug_target_interaction,Protein::483,0
Durg::549,drug_target_interaction,Protein::401,0
Durg::694,drug_target_interaction,Protein::400,0
Durg::484,drug_target_interaction,Protein::64,0
Durg::569,drug_target_interaction,Protein::1202,0
Durg::702,drug_target_interaction,Protein::589,0
Durg::607,drug_target_interaction,Protein::669,0
Durg::557,drug_target_interaction,Protein::26,0
Durg::134,drug_target_interaction,Protein::380,0
Durg::229,drug_target_interaction,Protein::395,0
Durg::146,drug_target_interaction,Protein::7,0
Durg::160,drug_target_interaction,Protein::60,0
Durg::257,drug_target_interaction,Protein::1029,0
Durg::14,drug_target_interaction,Protein::1163,0
Durg::362,drug_target_interaction,Protein::88,0
Durg::126,drug_target_interaction,Protein::360,0
Durg::50,drug_target_interaction,Protein::1022,0
Durg::466,drug_target_interaction,Protein::427,0
Durg::599,drug_target_interaction,Protein::32,0
Durg::70,drug_target_interaction,Protein::665,0
Durg::529,drug_target_interaction,Protein::475,0
Durg::676,drug_target_interaction,Protein::346,0
Durg::130,drug_target_interaction,Protein::588,0
Durg::339,drug_target_interaction,Protein::742,0
Durg::354,drug_target_interaction,Protein::472,0
Durg::662,drug_target_interaction,Protein::155,0
Durg::530,drug_target_interaction,Protein::1185,0
Durg::506,drug_target_interaction,Protein::440,0
Durg::698,drug_target_interaction,Protein::640,0
Durg::7,drug_target_interaction,Protein::581,0
Durg::171,drug_target_interaction,Protein::34,0
Durg::365,drug_target_interaction,Protein::573,0
Durg::408,drug_target_interaction,Protein::28,0
Durg::88,drug_target_interaction,Protein::197,0
Durg::108,drug_target_interaction,Protein::614,0
Durg::103,drug_target_interaction,Protein::428,0
Durg::229,drug_target_interaction,Protein::486,0
Durg::460,drug_target_interaction,Protein::170,0
Durg::120,drug_target_interaction,Protein::155,0
Durg::116,drug_target_interaction,Protein::318,0
Durg::6,drug_target_interaction,Protein::45,0
Durg::587,drug_target_interaction,Protein::605,0
Durg::436,drug_target_interaction,Protein::1177,0
Durg::253,drug_target_interaction,Protein::25,0
Durg::47,drug_target_interaction,Protein::460,0
Durg::49,drug_target_interaction,Protein::1169,0
Durg::579,drug_target_interaction,Protein::32,0
Durg::203,drug_target_interaction,Protein::244,0
Durg::32,drug_target_interaction,Protein::814,0
Durg::685,drug_target_interaction,Protein::142,0
Durg::325,drug_target_interaction,Protein::717,0
Durg::358,drug_target_interaction,Protein::72,0
Durg::48,drug_target_interaction,Protein::317,0
Durg::24,drug_target_interaction,Protein::786,0
Durg::301,drug_target_interaction,Protein::290,0
Durg::167,drug_target_interaction,Protein::196,0
Durg::685,drug_target_interaction,Protein::2,0
Durg::41,drug_target_interaction,Protein::113,0
Durg::373,drug_target_interaction,Protein::647,0
Durg::607,drug_target_interaction,Protein::916,0
Durg::95,drug_target_interaction,Protein::613,0
Durg::250,drug_target_interaction,Protein::992,0
Durg::99,drug_target_interaction,Protein::114,0
Durg::16,drug_target_interaction,Protein::194,0
Durg::286,drug_target_interaction,Protein::1151,0
Durg::407,drug_target_interaction,Protein::613,0
Durg::68,drug_target_interaction,Protein::927,0
Durg::559,drug_target_interaction,Protein::583,0
Durg::188,drug_target_interaction,Protein::1015,0
Durg::548,drug_target_interaction,Protein::635,0
Durg::290,drug_target_interaction,Protein::185,0
Durg::502,drug_target_interaction,Protein::450,0
Durg::485,drug_target_interaction,Protein::1009,0
Durg::595,drug_target_interaction,Protein::1202,0
Durg::370,drug_target_interaction,Protein::144,0
Durg::372,drug_target_interaction,Protein::114,0
Durg::146,drug_target_interaction,Protein::232,0
Durg::36,drug_target_interaction,Protein::1055,0
Durg::495,drug_target_interaction,Protein::101,0
Durg::260,drug_target_interaction,Protein::62,0
Durg::76,drug_target_interaction,Protein::67,0
Durg::520,drug_target_interaction,Protein::482,0
Durg::570,drug_target_interaction,Protein::518,0
Durg::294,drug_target_interaction,Protein::90,0
Durg::404,drug_target_interaction,Protein::318,0
Durg::23,drug_target_interaction,Protein::200,0
Durg::433,drug_target_interaction,Protein::346,0
Durg::358,drug_target_interaction,Protein::84,0
Durg::376,drug_target_interaction,Protein::296,0
Durg::358,drug_target_interaction,Protein::1009,0
Durg::535,drug_target_interaction,Protein::459,0
Durg::69,drug_target_interaction,Protein::527,0
Durg::123,drug_target_interaction,Protein::240,0
Durg::576,drug_target_interaction,Protein::1055,0
Durg::485,drug_target_interaction,Protein::401,0
Durg::694,drug_target_interaction,Protein::258,0
Durg::469,drug_target_interaction,Protein::1179,0
Durg::128,drug_target_interaction,Protein::483,0
Durg::225,drug_target_interaction,Protein::45,0
Durg::300,drug_target_interaction,Protein::223,0
Durg::441,drug_target_interaction,Protein::1183,0
Durg::352,drug_target_interaction,Protein::994,0
Durg::306,drug_target_interaction,Protein::994,0
Durg::611,drug_target_interaction,Protein::738,0
Durg::592,drug_target_interaction,Protein::374,0
Durg::617,drug_target_interaction,Protein::94,0
Durg::250,drug_target_interaction,Protein::530,0
Durg::697,drug_target_interaction,Protein::927,0
Durg::159,drug_target_interaction,Protein::237,0
Durg::507,drug_target_interaction,Protein::19,0
Durg::46,drug_target_interaction,Protein::12,0
Durg::697,drug_target_interaction,Protein::1375,0
Durg::379,drug_target_interaction,Protein::453,0
Durg::197,drug_target_interaction,Protein::143,0
Durg::409,drug_target_interaction,Protein::271,0
Durg::211,drug_target_interaction,Protein::309,0
Durg::574,drug_target_interaction,Protein::477,0
Durg::312,drug_target_interaction,Protein::368,0
Durg::22,drug_target_interaction,Protein::493,0
Durg::233,drug_target_interaction,Protein::123,0
Durg::373,drug_target_interaction,Protein::288,0
Durg::375,drug_target_interaction,Protein::271,0
Durg::36,drug_target_interaction,Protein::545,0
Durg::410,drug_target_interaction,Protein::21,0
Durg::439,drug_target_interaction,Protein::395,0
Durg::652,drug_target_interaction,Protein::563,0
Durg::485,drug_target_interaction,Protein::142,0
Durg::460,drug_target_interaction,Protein::427,0
Durg::599,drug_target_interaction,Protein::581,0
Durg::694,drug_target_interaction,Protein::513,0
Durg::103,drug_target_interaction,Protein::486,0
Durg::651,drug_target_interaction,Protein::271,0
Durg::308,drug_target_interaction,Protein::273,0
Durg::279,drug_target_interaction,Protein::10,0
Durg::229,drug_target_interaction,Protein::448,0
Durg::441,drug_target_interaction,Protein::635,0
Durg::161,drug_target_interaction,Protein::482,0
Durg::560,drug_target_interaction,Protein::366,0
Durg::289,drug_target_interaction,Protein::28,0
Durg::546,drug_target_interaction,Protein::857,0
Durg::624,drug_target_interaction,Protein::466,0
Durg::496,drug_target_interaction,Protein::435,0
Durg::322,drug_target_interaction,Protein::40,0
Durg::350,drug_target_interaction,Protein::514,0
Durg::497,drug_target_interaction,Protein::422,0
Durg::102,drug_target_interaction,Protein::487,0
Durg::180,drug_target_interaction,Protein::121,0
Durg::268,drug_target_interaction,Protein::90,0
Durg::429,drug_target_interaction,Protein::390,0
Durg::405,drug_target_interaction,Protein::927,0
Durg::597,drug_target_interaction,Protein::674,0
Durg::615,drug_target_interaction,Protein::1038,0
Durg::101,drug_target_interaction,Protein::1060,0
Durg::393,drug_target_interaction,Protein::605,0
Durg::609,drug_target_interaction,Protein::778,0
Durg::587,drug_target_interaction,Protein::495,0
Durg::344,drug_target_interaction,Protein::1176,0
Durg::570,drug_target_interaction,Protein::98,0
Durg::74,drug_target_interaction,Protein::993,0
Durg::262,drug_target_interaction,Protein::1201,0
Durg::292,drug_target_interaction,Protein::358,0
Durg::347,drug_target_interaction,Protein::276,0
Durg::395,drug_target_interaction,Protein::472,0
Durg::90,drug_target_interaction,Protein::99,0
Durg::685,drug_target_interaction,Protein::1177,0
Durg::275,drug_target_interaction,Protein::608,0
Durg::520,drug_target_interaction,Protein::513,0
Durg::370,drug_target_interaction,Protein::302,0
Durg::72,drug_target_interaction,Protein::120,0
Durg::27,drug_target_interaction,Protein::85,0
Durg::32,drug_target_interaction,Protein::273,0
Durg::690,drug_target_interaction,Protein::279,0
Durg::245,drug_target_interaction,Protein::1381,0
Durg::329,drug_target_interaction,Protein::1153,0
Durg::115,drug_target_interaction,Protein::472,0
Durg::652,drug_target_interaction,Protein::435,0
Durg::363,drug_target_interaction,Protein::1165,0
Durg::618,drug_target_interaction,Protein::717,0
Durg::463,drug_target_interaction,Protein::670,0
Durg::57,drug_target_interaction,Protein::271,0
Durg::31,drug_target_interaction,Protein::1138,0
Durg::220,drug_target_interaction,Protein::1186,0
Durg::172,drug_target_interaction,Protein::196,0
Durg::143,drug_target_interaction,Protein::1203,0
Durg::658,drug_target_interaction,Protein::260,0
Durg::534,drug_target_interaction,Protein::987,0
Durg::58,drug_target_interaction,Protein::258,0
Durg::476,drug_target_interaction,Protein::430,0
Durg::172,drug_target_interaction,Protein::134,0
Durg::559,drug_target_interaction,Protein::1173,0
Durg::265,drug_target_interaction,Protein::120,0
Durg::654,drug_target_interaction,Protein::1160,0
Durg::58,drug_target_interaction,Protein::709,0
Durg::680,drug_target_interaction,Protein::203,0
Durg::271,drug_target_interaction,Protein::1185,0
Durg::22,drug_target_interaction,Protein::613,0
Durg::622,drug_target_interaction,Protein::550,0
Durg::161,drug_target_interaction,Protein::856,0
Durg::344,drug_target_interaction,Protein::992,0
Durg::281,drug_target_interaction,Protein::120,0
Durg::95,drug_target_interaction,Protein::183,0
Durg::610,drug_target_interaction,Protein::744,0
Durg::175,drug_target_interaction,Protein::296,0
Durg::407,drug_target_interaction,Protein::150,0
Durg::391,drug_target_interaction,Protein::315,0
Durg::194,drug_target_interaction,Protein::1163,0
Durg::332,drug_target_interaction,Protein::1148,0
Durg::621,drug_target_interaction,Protein::25,0
Durg::369,drug_target_interaction,Protein::266,0
Durg::419,drug_target_interaction,Protein::1022,0
Durg::25,drug_target_interaction,Protein::538,0
Durg::700,drug_target_interaction,Protein::21,0
Durg::60,drug_target_interaction,Protein::271,0
Durg::609,drug_target_interaction,Protein::289,0
Durg::471,drug_target_interaction,Protein::1202,0
Durg::322,drug_target_interaction,Protein::271,0
Durg::285,drug_target_interaction,Protein::459,0
Durg::338,drug_target_interaction,Protein::497,0
Durg::228,drug_target_interaction,Protein::546,0
Durg::66,drug_target_interaction,Protein::117,0
Durg::671,drug_target_interaction,Protein::346,0
Durg::462,drug_target_interaction,Protein::155,0
Durg::656,drug_target_interaction,Protein::296,0
Durg::419,drug_target_interaction,Protein::482,0
Durg::659,drug_target_interaction,Protein::395,0
Durg::542,drug_target_interaction,Protein::326,0
Durg::389,drug_target_interaction,Protein::483,0
Durg::484,drug_target_interaction,Protein::1202,0
Durg::381,drug_target_interaction,Protein::318,0
Durg::427,drug_target_interaction,Protein::989,0
Durg::520,drug_target_interaction,Protein::817,0
Durg::396,drug_target_interaction,Protein::260,0
Durg::4,drug_target_interaction,Protein::317,0
Durg::12,drug_target_interaction,Protein::624,0
Durg::540,drug_target_interaction,Protein::1146,0
Durg::324,drug_target_interaction,Protein::513,0
Durg::593,drug_target_interaction,Protein::742,0
Durg::77,drug_target_interaction,Protein::2,0
Durg::5,drug_target_interaction,Protein::995,0
Durg::661,drug_target_interaction,Protein::389,0
Durg::224,drug_target_interaction,Protein::60,0
Durg::354,drug_target_interaction,Protein::1165,0
Durg::102,drug_target_interaction,Protein::155,0
Durg::349,drug_target_interaction,Protein::419,0
Durg::311,drug_target_interaction,Protein::266,0
Durg::671,drug_target_interaction,Protein::259,0
Durg::108,drug_target_interaction,Protein::1381,0
Durg::222,drug_target_interaction,Protein::674,0
Durg::335,drug_target_interaction,Protein::195,0
Durg::684,drug_target_interaction,Protein::320,0
Durg::133,drug_target_interaction,Protein::120,0
Durg::152,drug_target_interaction,Protein::175,0
Durg::288,drug_target_interaction,Protein::1009,0
Durg::667,drug_target_interaction,Protein::727,0
Durg::224,drug_target_interaction,Protein::421,0
Durg::137,drug_target_interaction,Protein::1146,0
Durg::315,drug_target_interaction,Protein::146,0
Durg::22,drug_target_interaction,Protein::515,0
Durg::99,drug_target_interaction,Protein::985,0
Durg::625,drug_target_interaction,Protein::744,0
Durg::273,drug_target_interaction,Protein::42,0
Durg::36,drug_target_interaction,Protein::112,0
Durg::576,drug_target_interaction,Protein::88,0
Durg::415,drug_target_interaction,Protein::1188,0
Durg::339,drug_target_interaction,Protein::1010,0
Durg::52,drug_target_interaction,Protein::985,0
Durg::312,drug_target_interaction,Protein::75,0
Durg::683,drug_target_interaction,Protein::778,0
Durg::78,drug_target_interaction,Protein::1009,0
Durg::156,drug_target_interaction,Protein::2,0
Durg::669,drug_target_interaction,Protein::266,0
Durg::449,drug_target_interaction,Protein::26,0
Durg::325,drug_target_interaction,Protein::989,0
Durg::38,drug_target_interaction,Protein::48,0
Durg::406,drug_target_interaction,Protein::1011,0
Durg::269,drug_target_interaction,Protein::1055,0
Durg::610,drug_target_interaction,Protein::430,0
Durg::455,drug_target_interaction,Protein::424,0
Durg::109,drug_target_interaction,Protein::84,0
Durg::561,drug_target_interaction,Protein::563,0
Durg::285,drug_target_interaction,Protein::142,0
Durg::16,drug_target_interaction,Protein::625,0
Durg::197,drug_target_interaction,Protein::75,0
Durg::301,drug_target_interaction,Protein::665,0
Durg::368,drug_target_interaction,Protein::984,0
Durg::27,drug_target_interaction,Protein::459,0
Durg::260,drug_target_interaction,Protein::98,0
Durg::20,drug_target_interaction,Protein::484,0
Durg::280,drug_target_interaction,Protein::744,0
Durg::473,drug_target_interaction,Protein::524,0
Durg::662,drug_target_interaction,Protein::18,0
Durg::250,drug_target_interaction,Protein::985,0
Durg::38,drug_target_interaction,Protein::10,0
Durg::308,drug_target_interaction,Protein::309,0
Durg::449,drug_target_interaction,Protein::654,0
Durg::329,drug_target_interaction,Protein::428,0
Durg::361,drug_target_interaction,Protein::814,0
Durg::257,drug_target_interaction,Protein::237,0
Durg::24,drug_target_interaction,Protein::1174,0
Durg::570,drug_target_interaction,Protein::311,0
Durg::698,drug_target_interaction,Protein::1177,0
Durg::272,drug_target_interaction,Protein::439,0
Durg::247,drug_target_interaction,Protein::427,0
Durg::2,drug_target_interaction,Protein::569,0
Durg::686,drug_target_interaction,Protein::495,0
Durg::345,drug_target_interaction,Protein::515,0
Durg::220,drug_target_interaction,Protein::1203,0
Durg::22,drug_target_interaction,Protein::315,0
Durg::273,drug_target_interaction,Protein::527,0
Durg::609,drug_target_interaction,Protein::149,0
Durg::128,drug_target_interaction,Protein::377,0
Durg::85,drug_target_interaction,Protein::310,0
Durg::83,drug_target_interaction,Protein::12,0
Durg::34,drug_target_interaction,Protein::485,0
Durg::96,drug_target_interaction,Protein::993,0
Durg::465,drug_target_interaction,Protein::208,0
Durg::41,drug_target_interaction,Protein::1038,0
Durg::140,drug_target_interaction,Protein::60,0
Durg::158,drug_target_interaction,Protein::155,0
Durg::478,drug_target_interaction,Protein::608,0
Durg::86,drug_target_interaction,Protein::497,0
Durg::95,drug_target_interaction,Protein::33,0
Durg::473,drug_target_interaction,Protein::1188,0
Durg::680,drug_target_interaction,Protein::135,0
Durg::354,drug_target_interaction,Protein::528,0
Durg::339,drug_target_interaction,Protein::472,0
Durg::498,drug_target_interaction,Protein::726,0
Durg::337,drug_target_interaction,Protein::720,0
Durg::381,drug_target_interaction,Protein::485,0
Durg::631,drug_target_interaction,Protein::857,0
Durg::463,drug_target_interaction,Protein::485,0
Durg::377,drug_target_interaction,Protein::364,0
Durg::257,drug_target_interaction,Protein::1164,0
Durg::616,drug_target_interaction,Protein::424,0
Durg::178,drug_target_interaction,Protein::851,0
Durg::222,drug_target_interaction,Protein::1000,0
Durg::693,drug_target_interaction,Protein::203,0
Durg::164,drug_target_interaction,Protein::78,0
Durg::662,drug_target_interaction,Protein::106,0
Durg::242,drug_target_interaction,Protein::496,0
Durg::103,drug_target_interaction,Protein::860,0
Durg::252,drug_target_interaction,Protein::243,0
Durg::236,drug_target_interaction,Protein::273,0
Durg::65,drug_target_interaction,Protein::175,0
Durg::503,drug_target_interaction,Protein::114,0
Durg::247,drug_target_interaction,Protein::271,0
Durg::229,drug_target_interaction,Protein::206,0
Durg::375,drug_target_interaction,Protein::817,0
Durg::275,drug_target_interaction,Protein::992,0
Durg::437,drug_target_interaction,Protein::142,0
Durg::65,drug_target_interaction,Protein::207,0
Durg::183,drug_target_interaction,Protein::1009,0
Durg::24,drug_target_interaction,Protein::346,0
Durg::498,drug_target_interaction,Protein::39,0
Durg::475,drug_target_interaction,Protein::430,0
Durg::222,drug_target_interaction,Protein::194,0
Durg::10,drug_target_interaction,Protein::18,0
Durg::376,drug_target_interaction,Protein::487,0
Durg::544,drug_target_interaction,Protein::924,0
Durg::613,drug_target_interaction,Protein::390,0
Durg::588,drug_target_interaction,Protein::312,0
Durg::299,drug_target_interaction,Protein::359,0
Durg::413,drug_target_interaction,Protein::140,0
Durg::526,drug_target_interaction,Protein::383,0
Durg::634,drug_target_interaction,Protein::427,0
Durg::374,drug_target_interaction,Protein::310,0
Durg::306,drug_target_interaction,Protein::439,0
Durg::639,drug_target_interaction,Protein::514,0
Durg::291,drug_target_interaction,Protein::817,0
Durg::573,drug_target_interaction,Protein::124,0
Durg::575,drug_target_interaction,Protein::366,0
Durg::508,drug_target_interaction,Protein::317,0
Durg::130,drug_target_interaction,Protein::440,0
Durg::590,drug_target_interaction,Protein::484,0
Durg::20,drug_target_interaction,Protein::358,0
Durg::242,drug_target_interaction,Protein::625,0
Durg::622,drug_target_interaction,Protein::588,0
Durg::136,drug_target_interaction,Protein::1038,0
Durg::160,drug_target_interaction,Protein::460,0
Durg::345,drug_target_interaction,Protein::487,0
Durg::325,drug_target_interaction,Protein::856,0
Durg::100,drug_target_interaction,Protein::617,0
Durg::253,drug_target_interaction,Protein::817,0
Durg::381,drug_target_interaction,Protein::241,0
Durg::465,drug_target_interaction,Protein::675,0
Durg::288,drug_target_interaction,Protein::232,0
Durg::123,drug_target_interaction,Protein::453,0
Durg::114,drug_target_interaction,Protein::563,0
Durg::409,drug_target_interaction,Protein::636,0
Durg::493,drug_target_interaction,Protein::518,0
Durg::678,drug_target_interaction,Protein::302,0
Durg::31,drug_target_interaction,Protein::272,0
Durg::278,drug_target_interaction,Protein::141,0
Durg::351,drug_target_interaction,Protein::661,0
Durg::363,drug_target_interaction,Protein::985,0
Durg::554,drug_target_interaction,Protein::583,0
Durg::224,drug_target_interaction,Protein::515,0
Durg::680,drug_target_interaction,Protein::140,0
Durg::181,drug_target_interaction,Protein::225,0
Durg::185,drug_target_interaction,Protein::674,0
Durg::281,drug_target_interaction,Protein::647,0
Durg::508,drug_target_interaction,Protein::1146,0
Durg::599,drug_target_interaction,Protein::223,0
Durg::125,drug_target_interaction,Protein::1187,0
Durg::164,drug_target_interaction,Protein::513,0
Durg::31,drug_target_interaction,Protein::145,0
Durg::257,drug_target_interaction,Protein::144,0
Durg::222,drug_target_interaction,Protein::614,0
Durg::22,drug_target_interaction,Protein::1163,0
Durg::398,drug_target_interaction,Protein::621,0
Durg::70,drug_target_interaction,Protein::374,0
Durg::0,drug_target_interaction,Protein::83,0
Durg::615,drug_target_interaction,Protein::726,0
Durg::408,drug_target_interaction,Protein::528,0
Durg::347,drug_target_interaction,Protein::745,0
Durg::181,drug_target_interaction,Protein::288,0
Durg::408,drug_target_interaction,Protein::207,0
Durg::412,drug_target_interaction,Protein::197,0
Durg::61,drug_target_interaction,Protein::427,0
Durg::286,drug_target_interaction,Protein::717,0
Durg::565,drug_target_interaction,Protein::854,0
Durg::520,drug_target_interaction,Protein::73,0
Durg::434,drug_target_interaction,Protein::624,0
Durg::262,drug_target_interaction,Protein::136,0
Durg::662,drug_target_interaction,Protein::624,0
Durg::644,drug_target_interaction,Protein::991,0
Durg::138,drug_target_interaction,Protein::554,0
Durg::163,drug_target_interaction,Protein::524,0
Durg::38,drug_target_interaction,Protein::642,0
Durg::485,drug_target_interaction,Protein::1170,0
Durg::683,drug_target_interaction,Protein::408,0
Durg::455,drug_target_interaction,Protein::64,0
Durg::421,drug_target_interaction,Protein::452,0
Durg::466,drug_target_interaction,Protein::421,0
Durg::312,drug_target_interaction,Protein::745,0
Durg::146,drug_target_interaction,Protein::149,0
Durg::481,drug_target_interaction,Protein::1382,0
Durg::71,drug_target_interaction,Protein::546,0
Durg::43,drug_target_interaction,Protein::924,0
Durg::48,drug_target_interaction,Protein::269,0
Durg::40,drug_target_interaction,Protein::266,0
Durg::252,drug_target_interaction,Protein::675,0
Durg::541,drug_target_interaction,Protein::988,0
Durg::96,drug_target_interaction,Protein::853,0
Durg::281,drug_target_interaction,Protein::856,0
Durg::526,drug_target_interaction,Protein::636,0
Durg::205,drug_target_interaction,Protein::927,0
Durg::388,drug_target_interaction,Protein::45,0
Durg::6,drug_target_interaction,Protein::924,0
Durg::523,drug_target_interaction,Protein::243,0
Durg::47,drug_target_interaction,Protein::569,0
Durg::550,drug_target_interaction,Protein::99,0
Durg::616,drug_target_interaction,Protein::940,0
Durg::407,drug_target_interaction,Protein::395,0
Durg::614,drug_target_interaction,Protein::624,0
Durg::401,drug_target_interaction,Protein::265,0
Durg::690,drug_target_interaction,Protein::39,0
Durg::643,drug_target_interaction,Protein::516,0
Durg::450,drug_target_interaction,Protein::311,0
Durg::491,drug_target_interaction,Protein::300,0
Durg::566,drug_target_interaction,Protein::554,0
Durg::48,drug_target_interaction,Protein::568,0
Durg::345,drug_target_interaction,Protein::21,0
Durg::610,drug_target_interaction,Protein::13,0
Durg::427,drug_target_interaction,Protein::144,0
Durg::425,drug_target_interaction,Protein::1034,0
Durg::242,drug_target_interaction,Protein::786,0
Durg::462,drug_target_interaction,Protein::773,0
Durg::484,drug_target_interaction,Protein::851,0
Durg::697,drug_target_interaction,Protein::993,0
Durg::472,drug_target_interaction,Protein::546,0
Durg::429,drug_target_interaction,Protein::272,0
Durg::609,drug_target_interaction,Protein::121,0
Durg::444,drug_target_interaction,Protein::71,0
Durg::0,drug_target_interaction,Protein::181,0
Durg::532,drug_target_interaction,Protein::637,0
Durg::332,drug_target_interaction,Protein::512,0
Durg::92,drug_target_interaction,Protein::1041,0
Durg::224,drug_target_interaction,Protein::852,0
Durg::343,drug_target_interaction,Protein::98,0
Durg::463,drug_target_interaction,Protein::475,0
Durg::204,drug_target_interaction,Protein::327,0
Durg::600,drug_target_interaction,Protein::681,0
Durg::74,drug_target_interaction,Protein::1151,0
Durg::361,drug_target_interaction,Protein::185,0
Durg::324,drug_target_interaction,Protein::998,0
Durg::303,drug_target_interaction,Protein::243,0
Durg::344,drug_target_interaction,Protein::362,0
Durg::26,drug_target_interaction,Protein::203,0
Durg::199,drug_target_interaction,Protein::362,0
Durg::431,drug_target_interaction,Protein::407,0
Durg::259,drug_target_interaction,Protein::513,0
Durg::154,drug_target_interaction,Protein::424,0
Durg::315,drug_target_interaction,Protein::554,0
Durg::86,drug_target_interaction,Protein::1382,0
Durg::26,drug_target_interaction,Protein::568,0
Durg::348,drug_target_interaction,Protein::696,0
Durg::623,drug_target_interaction,Protein::1299,0
Durg::308,drug_target_interaction,Protein::25,0
Durg::52,drug_target_interaction,Protein::744,0
Durg::404,drug_target_interaction,Protein::1034,0
Durg::445,drug_target_interaction,Protein::852,0
Durg::47,drug_target_interaction,Protein::1508,0
Durg::126,drug_target_interaction,Protein::1508,0
Durg::672,drug_target_interaction,Protein::18,0
Durg::185,drug_target_interaction,Protein::422,0
Durg::332,drug_target_interaction,Protein::854,0
Durg::586,drug_target_interaction,Protein::358,0
Durg::404,drug_target_interaction,Protein::94,0
Durg::437,drug_target_interaction,Protein::67,0
Durg::423,drug_target_interaction,Protein::428,0
Durg::573,drug_target_interaction,Protein::484,0
Durg::424,drug_target_interaction,Protein::244,0
Durg::357,drug_target_interaction,Protein::2,0
Durg::375,drug_target_interaction,Protein::515,0
Durg::130,drug_target_interaction,Protein::581,0
Durg::566,drug_target_interaction,Protein::442,0
Durg::0,drug_target_interaction,Protein::120,0
Durg::446,drug_target_interaction,Protein::124,0
Durg::471,drug_target_interaction,Protein::592,0
Durg::685,drug_target_interaction,Protein::123,0
Durg::607,drug_target_interaction,Protein::82,0
Durg::443,drug_target_interaction,Protein::155,0
Durg::265,drug_target_interaction,Protein::1167,0
Durg::253,drug_target_interaction,Protein::394,0
Durg::77,drug_target_interaction,Protein::149,0
Durg::521,drug_target_interaction,Protein::134,0
Durg::8,drug_target_interaction,Protein::1153,0
Durg::522,drug_target_interaction,Protein::663,0
Durg::374,drug_target_interaction,Protein::240,0
Durg::3,drug_target_interaction,Protein::433,0
Durg::143,drug_target_interaction,Protein::554,0
Durg::609,drug_target_interaction,Protein::854,0
Durg::543,drug_target_interaction,Protein::394,0
Durg::330,drug_target_interaction,Protein::581,0
Durg::660,drug_target_interaction,Protein::665,0
Durg::138,drug_target_interaction,Protein::312,0
Durg::617,drug_target_interaction,Protein::546,0
Durg::300,drug_target_interaction,Protein::1202,0
Durg::93,drug_target_interaction,Protein::319,0
Durg::361,drug_target_interaction,Protein::496,0
Durg::127,drug_target_interaction,Protein::300,0
Durg::425,drug_target_interaction,Protein::279,0
Durg::559,drug_target_interaction,Protein::1375,0
Durg::137,drug_target_interaction,Protein::487,0
Durg::301,drug_target_interaction,Protein::51,0
Durg::252,drug_target_interaction,Protein::997,0
Durg::348,drug_target_interaction,Protein::514,0
Durg::227,drug_target_interaction,Protein::1139,0
Durg::13,drug_target_interaction,Protein::45,0
Durg::622,drug_target_interaction,Protein::1150,0
Durg::5,drug_target_interaction,Protein::608,0
Durg::178,drug_target_interaction,Protein::1165,0
Durg::160,drug_target_interaction,Protein::986,0
Durg::477,drug_target_interaction,Protein::85,0
Durg::427,drug_target_interaction,Protein::18,0
Durg::539,drug_target_interaction,Protein::640,0
Durg::90,drug_target_interaction,Protein::1172,0
Durg::340,drug_target_interaction,Protein::135,0
Durg::676,drug_target_interaction,Protein::1153,0
Durg::483,drug_target_interaction,Protein::135,0
Durg::626,drug_target_interaction,Protein::546,0
Durg::225,drug_target_interaction,Protein::1201,0
Durg::632,drug_target_interaction,Protein::497,0
Durg::22,drug_target_interaction,Protein::466,0
Durg::308,drug_target_interaction,Protein::783,0
Durg::242,drug_target_interaction,Protein::636,0
Durg::379,drug_target_interaction,Protein::90,0
Durg::339,drug_target_interaction,Protein::496,0
Durg::434,drug_target_interaction,Protein::429,0
Durg::221,drug_target_interaction,Protein::669,0
Durg::618,drug_target_interaction,Protein::326,0
Durg::224,drug_target_interaction,Protein::366,0
Durg::590,drug_target_interaction,Protein::394,0
Durg::426,drug_target_interaction,Protein::549,0
Durg::348,drug_target_interaction,Protein::318,0
Durg::175,drug_target_interaction,Protein::817,0
Durg::140,drug_target_interaction,Protein::1506,0
Durg::401,drug_target_interaction,Protein::357,0
Durg::286,drug_target_interaction,Protein::10,0
Durg::585,drug_target_interaction,Protein::568,0
Durg::217,drug_target_interaction,Protein::940,0
Durg::31,drug_target_interaction,Protein::143,0
Durg::683,drug_target_interaction,Protein::496,0
Durg::672,drug_target_interaction,Protein::51,0
Durg::683,drug_target_interaction,Protein::296,0
Durg::189,drug_target_interaction,Protein::1148,0
Durg::185,drug_target_interaction,Protein::407,0
Durg::573,drug_target_interaction,Protein::326,0
Durg::383,drug_target_interaction,Protein::139,0
Durg::458,drug_target_interaction,Protein::246,0
Durg::138,drug_target_interaction,Protein::459,0
Durg::269,drug_target_interaction,Protein::315,0
Durg::114,drug_target_interaction,Protein::164,0
Durg::227,drug_target_interaction,Protein::989,0
Durg::678,drug_target_interaction,Protein::241,0
Durg::569,drug_target_interaction,Protein::497,0
Durg::621,drug_target_interaction,Protein::460,0
Durg::181,drug_target_interaction,Protein::243,0
Durg::484,drug_target_interaction,Protein::40,0
Durg::662,drug_target_interaction,Protein::617,0
Durg::110,drug_target_interaction,Protein::1174,0
Durg::570,drug_target_interaction,Protein::259,0
Durg::279,drug_target_interaction,Protein::402,0
Durg::136,drug_target_interaction,Protein::857,0
Durg::573,drug_target_interaction,Protein::360,0
Durg::450,drug_target_interaction,Protein::636,0
Durg::437,drug_target_interaction,Protein::302,0
Durg::425,drug_target_interaction,Protein::117,0
Durg::17,drug_target_interaction,Protein::1184,0
Durg::678,drug_target_interaction,Protein::1176,0
Durg::219,drug_target_interaction,Protein::422,0
Durg::335,drug_target_interaction,Protein::73,0
Durg::606,drug_target_interaction,Protein::320,0
Durg::126,drug_target_interaction,Protein::1170,0
Durg::560,drug_target_interaction,Protein::439,0
Durg::407,drug_target_interaction,Protein::922,0
Durg::491,drug_target_interaction,Protein::635,0
Durg::477,drug_target_interaction,Protein::271,0
Durg::65,drug_target_interaction,Protein::241,0
Durg::31,drug_target_interaction,Protein::203,0
Durg::359,drug_target_interaction,Protein::1188,0
Durg::261,drug_target_interaction,Protein::383,0
Durg::530,drug_target_interaction,Protein::290,0
Durg::66,drug_target_interaction,Protein::429,0
Durg::445,drug_target_interaction,Protein::291,0
Durg::161,drug_target_interaction,Protein::1164,0
Durg::135,drug_target_interaction,Protein::335,0
Durg::445,drug_target_interaction,Protein::18,0
Durg::570,drug_target_interaction,Protein::573,0
Durg::259,drug_target_interaction,Protein::484,0
Durg::631,drug_target_interaction,Protein::366,0
Durg::306,drug_target_interaction,Protein::117,0
Durg::77,drug_target_interaction,Protein::637,0
Durg::485,drug_target_interaction,Protein::138,0
Durg::295,drug_target_interaction,Protein::1150,0
Durg::293,drug_target_interaction,Protein::346,0
Durg::309,drug_target_interaction,Protein::482,0
Durg::538,drug_target_interaction,Protein::145,0
Durg::28,drug_target_interaction,Protein::435,0
Durg::702,drug_target_interaction,Protein::583,0
Durg::84,drug_target_interaction,Protein::201,0
Durg::573,drug_target_interaction,Protein::206,0
Durg::404,drug_target_interaction,Protein::185,0
Durg::197,drug_target_interaction,Protein::1164,0
Durg::291,drug_target_interaction,Protein::1153,0
Durg::663,drug_target_interaction,Protein::78,0
Durg::114,drug_target_interaction,Protein::1165,0
Durg::662,drug_target_interaction,Protein::675,0
Durg::46,drug_target_interaction,Protein::203,0
Durg::632,drug_target_interaction,Protein::422,0
Durg::123,drug_target_interaction,Protein::42,0
Durg::667,drug_target_interaction,Protein::319,0
Durg::85,drug_target_interaction,Protein::1179,0
Durg::90,drug_target_interaction,Protein::51,0
Durg::409,drug_target_interaction,Protein::6,0
Durg::287,drug_target_interaction,Protein::640,0
Durg::52,drug_target_interaction,Protein::218,0
Durg::64,drug_target_interaction,Protein::10,0
Durg::312,drug_target_interaction,Protein::563,0
Durg::492,drug_target_interaction,Protein::1169,0
Durg::180,drug_target_interaction,Protein::568,0
Durg::101,drug_target_interaction,Protein::605,0
Durg::370,drug_target_interaction,Protein::605,0
Durg::48,drug_target_interaction,Protein::360,0
Durg::514,drug_target_interaction,Protein::418,0
Durg::217,drug_target_interaction,Protein::1504,0
Durg::80,drug_target_interaction,Protein::200,0
Durg::495,drug_target_interaction,Protein::515,0
Durg::494,drug_target_interaction,Protein::142,0
Durg::16,drug_target_interaction,Protein::291,0
Durg::419,drug_target_interaction,Protein::640,0
Durg::520,drug_target_interaction,Protein::1170,0
Durg::622,drug_target_interaction,Protein::995,0
Durg::178,drug_target_interaction,Protein::400,0
Durg::295,drug_target_interaction,Protein::1188,0
Durg::479,drug_target_interaction,Protein::568,0
Durg::365,drug_target_interaction,Protein::326,0
Durg::603,drug_target_interaction,Protein::523,0
Durg::170,drug_target_interaction,Protein::276,0
Durg::442,drug_target_interaction,Protein::592,0
Durg::134,drug_target_interaction,Protein::112,0
Durg::434,drug_target_interaction,Protein::309,0
Durg::64,drug_target_interaction,Protein::696,0
Durg::181,drug_target_interaction,Protein::742,0
Durg::19,drug_target_interaction,Protein::45,0
Durg::484,drug_target_interaction,Protein::518,0
Durg::75,drug_target_interaction,Protein::73,0
Durg::526,drug_target_interaction,Protein::73,0
Durg::145,drug_target_interaction,Protein::263,0
Durg::321,drug_target_interaction,Protein::114,0
Durg::380,drug_target_interaction,Protein::744,0
Durg::319,drug_target_interaction,Protein::164,0
Durg::436,drug_target_interaction,Protein::778,0
Durg::152,drug_target_interaction,Protein::64,0
Durg::659,drug_target_interaction,Protein::513,0
Durg::476,drug_target_interaction,Protein::197,0
Durg::465,drug_target_interaction,Protein::742,0
Durg::451,drug_target_interaction,Protein::984,0
Durg::672,drug_target_interaction,Protein::390,0
Durg::75,drug_target_interaction,Protein::931,0
Durg::165,drug_target_interaction,Protein::71,0
Durg::476,drug_target_interaction,Protein::722,0
Durg::40,drug_target_interaction,Protein::357,0
Durg::361,drug_target_interaction,Protein::258,0
Durg::459,drug_target_interaction,Protein::523,0
Durg::369,drug_target_interaction,Protein::340,0
Durg::481,drug_target_interaction,Protein::123,0
Durg::677,drug_target_interaction,Protein::696,0
Durg::671,drug_target_interaction,Protein::175,0
Durg::236,drug_target_interaction,Protein::88,0
Durg::569,drug_target_interaction,Protein::526,0
Durg::163,drug_target_interaction,Protein::854,0
Durg::339,drug_target_interaction,Protein::309,0
Durg::441,drug_target_interaction,Protein::450,0
Durg::391,drug_target_interaction,Protein::322,0
Durg::480,drug_target_interaction,Protein::360,0
Durg::541,drug_target_interaction,Protein::142,0
Durg::273,drug_target_interaction,Protein::1138,0
Durg::189,drug_target_interaction,Protein::657,0
Durg::74,drug_target_interaction,Protein::995,0
Durg::115,drug_target_interaction,Protein::482,0
Durg::483,drug_target_interaction,Protein::401,0
Durg::526,drug_target_interaction,Protein::90,0
Durg::11,drug_target_interaction,Protein::263,0
Durg::251,drug_target_interaction,Protein::509,0
Durg::663,drug_target_interaction,Protein::485,0
Durg::152,drug_target_interaction,Protein::648,0
Durg::424,drug_target_interaction,Protein::617,0
Durg::101,drug_target_interaction,Protein::31,0
Durg::424,drug_target_interaction,Protein::570,0
Durg::683,drug_target_interaction,Protein::123,0
Durg::557,drug_target_interaction,Protein::1183,0
Durg::285,drug_target_interaction,Protein::527,0
Durg::689,drug_target_interaction,Protein::322,0
Durg::135,drug_target_interaction,Protein::617,0
Durg::65,drug_target_interaction,Protein::646,0
Durg::143,drug_target_interaction,Protein::1034,0
Durg::279,drug_target_interaction,Protein::146,0
Durg::418,drug_target_interaction,Protein::203,0
Durg::475,drug_target_interaction,Protein::317,0
Durg::401,drug_target_interaction,Protein::1163,0
Durg::632,drug_target_interaction,Protein::477,0
Durg::368,drug_target_interaction,Protein::1160,0
Durg::496,drug_target_interaction,Protein::472,0
Durg::465,drug_target_interaction,Protein::429,0
Durg::346,drug_target_interaction,Protein::380,0
Durg::401,drug_target_interaction,Protein::34,0
Durg::40,drug_target_interaction,Protein::1186,0
Durg::366,drug_target_interaction,Protein::278,0
Durg::72,drug_target_interaction,Protein::694,0
Durg::265,drug_target_interaction,Protein::300,0
Durg::640,drug_target_interaction,Protein::377,0
Durg::112,drug_target_interaction,Protein::327,0
Durg::30,drug_target_interaction,Protein::1183,0
Durg::694,drug_target_interaction,Protein::189,0
Durg::152,drug_target_interaction,Protein::295,0
Durg::242,drug_target_interaction,Protein::1170,0
Durg::457,drug_target_interaction,Protein::1503,0
Durg::190,drug_target_interaction,Protein::263,0
Durg::245,drug_target_interaction,Protein::817,0
Durg::684,drug_target_interaction,Protein::200,0
Durg::677,drug_target_interaction,Protein::261,0
Durg::273,drug_target_interaction,Protein::189,0
Durg::111,drug_target_interaction,Protein::483,0
Durg::644,drug_target_interaction,Protein::528,0
Durg::204,drug_target_interaction,Protein::291,0
Durg::292,drug_target_interaction,Protein::625,0
Durg::675,drug_target_interaction,Protein::19,0
Durg::692,drug_target_interaction,Protein::524,0
Durg::254,drug_target_interaction,Protein::34,0
Durg::662,drug_target_interaction,Protein::852,0
Durg::330,drug_target_interaction,Protein::276,0
Durg::504,drug_target_interaction,Protein::851,0
Durg::92,drug_target_interaction,Protein::244,0
Durg::236,drug_target_interaction,Protein::429,0
Durg::522,drug_target_interaction,Protein::545,0
Durg::308,drug_target_interaction,Protein::400,0
Durg::99,drug_target_interaction,Protein::402,0
Durg::570,drug_target_interaction,Protein::271,0
Durg::661,drug_target_interaction,Protein::505,0
Durg::52,drug_target_interaction,Protein::206,0
Durg::27,drug_target_interaction,Protein::328,0
Durg::680,drug_target_interaction,Protein::858,0
Durg::210,drug_target_interaction,Protein::663,0
Durg::225,drug_target_interaction,Protein::237,0
Durg::69,drug_target_interaction,Protein::19,0
Durg::13,drug_target_interaction,Protein::995,0
Durg::147,drug_target_interaction,Protein::996,0
Durg::333,drug_target_interaction,Protein::82,0
Durg::19,drug_target_interaction,Protein::1375,0
Durg::637,drug_target_interaction,Protein::389,0
Durg::633,drug_target_interaction,Protein::264,0
Durg::463,drug_target_interaction,Protein::175,0
Durg::641,drug_target_interaction,Protein::985,0
Durg::319,drug_target_interaction,Protein::665,0
Durg::678,drug_target_interaction,Protein::6,0
Durg::437,drug_target_interaction,Protein::195,0
Durg::522,drug_target_interaction,Protein::81,0
Durg::422,drug_target_interaction,Protein::71,0
Durg::134,drug_target_interaction,Protein::88,0
Durg::511,drug_target_interaction,Protein::1015,0
Durg::287,drug_target_interaction,Protein::206,0
Durg::420,drug_target_interaction,Protein::380,0
Durg::159,drug_target_interaction,Protein::279,0
Durg::431,drug_target_interaction,Protein::505,0
Durg::491,drug_target_interaction,Protein::1179,0
Durg::411,drug_target_interaction,Protein::51,0
Durg::422,drug_target_interaction,Protein::742,0
Durg::400,drug_target_interaction,Protein::43,0
Durg::221,drug_target_interaction,Protein::383,0
Durg::12,drug_target_interaction,Protein::696,0
Durg::421,drug_target_interaction,Protein::146,0
Durg::261,drug_target_interaction,Protein::1163,0
Durg::254,drug_target_interaction,Protein::90,0
Durg::87,drug_target_interaction,Protein::995,0
Durg::498,drug_target_interaction,Protein::1177,0
Durg::160,drug_target_interaction,Protein::64,0
Durg::226,drug_target_interaction,Protein::40,0
Durg::545,drug_target_interaction,Protein::851,0
Durg::292,drug_target_interaction,Protein::484,0
Durg::319,drug_target_interaction,Protein::1153,0
Durg::494,drug_target_interaction,Protein::326,0
Durg::392,drug_target_interaction,Protein::1163,0
Durg::658,drug_target_interaction,Protein::857,0
Durg::597,drug_target_interaction,Protein::88,0
Durg::530,drug_target_interaction,Protein::82,0
Durg::90,drug_target_interaction,Protein::1150,0
Durg::460,drug_target_interaction,Protein::993,0
Durg::291,drug_target_interaction,Protein::654,0
Durg::70,drug_target_interaction,Protein::1180,0
Durg::593,drug_target_interaction,Protein::493,0
Durg::442,drug_target_interaction,Protein::263,0
Durg::19,drug_target_interaction,Protein::516,0
Durg::367,drug_target_interaction,Protein::568,0
Durg::257,drug_target_interaction,Protein::309,0
Durg::455,drug_target_interaction,Protein::709,0
Durg::103,drug_target_interaction,Protein::709,0
Durg::151,drug_target_interaction,Protein::328,0
Durg::584,drug_target_interaction,Protein::786,0
Durg::474,drug_target_interaction,Protein::206,0
Durg::24,drug_target_interaction,Protein::175,0
Durg::579,drug_target_interaction,Protein::442,0
Durg::11,drug_target_interaction,Protein::42,0
Durg::182,drug_target_interaction,Protein::738,0
Durg::294,drug_target_interaction,Protein::300,0
Durg::34,drug_target_interaction,Protein::998,0
Durg::703,drug_target_interaction,Protein::635,0
Durg::468,drug_target_interaction,Protein::916,0
Durg::343,drug_target_interaction,Protein::291,0
Durg::20,drug_target_interaction,Protein::707,0
Durg::376,drug_target_interaction,Protein::383,0
Durg::303,drug_target_interaction,Protein::588,0
Durg::94,drug_target_interaction,Protein::407,0
Durg::378,drug_target_interaction,Protein::1382,0
Durg::30,drug_target_interaction,Protein::426,0
Durg::303,drug_target_interaction,Protein::237,0
Durg::229,drug_target_interaction,Protein::1151,0
Durg::203,drug_target_interaction,Protein::423,0
Durg::446,drug_target_interaction,Protein::727,0
Durg::703,drug_target_interaction,Protein::1502,0
Durg::279,drug_target_interaction,Protein::143,0
Durg::384,drug_target_interaction,Protein::669,0
Durg::639,drug_target_interaction,Protein::493,0
Durg::146,drug_target_interaction,Protein::742,0
Durg::628,drug_target_interaction,Protein::689,0
Durg::357,drug_target_interaction,Protein::218,0
Durg::175,drug_target_interaction,Protein::218,0
Durg::521,drug_target_interaction,Protein::745,0
Durg::12,drug_target_interaction,Protein::694,0
Durg::405,drug_target_interaction,Protein::717,0
Durg::276,drug_target_interaction,Protein::569,0
Durg::260,drug_target_interaction,Protein::40,0
Durg::471,drug_target_interaction,Protein::549,0
Durg::444,drug_target_interaction,Protein::1161,0
Durg::539,drug_target_interaction,Protein::362,0
Durg::15,drug_target_interaction,Protein::32,0
Durg::291,drug_target_interaction,Protein::242,0
Durg::454,drug_target_interaction,Protein::483,0
Durg::203,drug_target_interaction,Protein::85,0
Durg::147,drug_target_interaction,Protein::1029,0
Durg::310,drug_target_interaction,Protein::670,0
Durg::311,drug_target_interaction,Protein::358,0
Durg::373,drug_target_interaction,Protein::1010,0
Durg::471,drug_target_interaction,Protein::135,0
Durg::103,drug_target_interaction,Protein::218,0
Durg::633,drug_target_interaction,Protein::477,0
Durg::421,drug_target_interaction,Protein::300,0
Durg::366,drug_target_interaction,Protein::101,0
Durg::182,drug_target_interaction,Protein::240,0
Durg::611,drug_target_interaction,Protein::418,0
Durg::221,drug_target_interaction,Protein::185,0
Durg::374,drug_target_interaction,Protein::241,0
Durg::489,drug_target_interaction,Protein::1180,0
Durg::75,drug_target_interaction,Protein::1180,0
Durg::451,drug_target_interaction,Protein::266,0
Durg::465,drug_target_interaction,Protein::196,0
Durg::554,drug_target_interaction,Protein::364,0
Durg::582,drug_target_interaction,Protein::402,0
Durg::397,drug_target_interaction,Protein::513,0
Durg::238,drug_target_interaction,Protein::419,0
Durg::322,drug_target_interaction,Protein::636,0
Durg::335,drug_target_interaction,Protein::1187,0
Durg::311,drug_target_interaction,Protein::523,0
Durg::257,drug_target_interaction,Protein::1009,0
Durg::536,drug_target_interaction,Protein::987,0
Durg::644,drug_target_interaction,Protein::189,0
Durg::75,drug_target_interaction,Protein::300,0
Durg::408,drug_target_interaction,Protein::269,0
Durg::389,drug_target_interaction,Protein::661,0
Durg::599,drug_target_interaction,Protein::272,0
Durg::87,drug_target_interaction,Protein::361,0
Durg::57,drug_target_interaction,Protein::279,0
Durg::661,drug_target_interaction,Protein::155,0
Durg::343,drug_target_interaction,Protein::232,0
Durg::587,drug_target_interaction,Protein::261,0
Durg::299,drug_target_interaction,Protein::482,0
Durg::138,drug_target_interaction,Protein::1138,0
Durg::632,drug_target_interaction,Protein::991,0
Durg::363,drug_target_interaction,Protein::196,0
Durg::628,drug_target_interaction,Protein::290,0
Durg::367,drug_target_interaction,Protein::421,0
Durg::445,drug_target_interaction,Protein::430,0
Durg::684,drug_target_interaction,Protein::657,0
Durg::80,drug_target_interaction,Protein::496,0
Durg::170,drug_target_interaction,Protein::271,0
Durg::477,drug_target_interaction,Protein::310,0
Durg::463,drug_target_interaction,Protein::569,0
Durg::444,drug_target_interaction,Protein::135,0
Durg::344,drug_target_interaction,Protein::496,0
Durg::225,drug_target_interaction,Protein::657,0
Durg::48,drug_target_interaction,Protein::859,0
Durg::126,drug_target_interaction,Protein::1138,0
Durg::418,drug_target_interaction,Protein::426,0
Durg::443,drug_target_interaction,Protein::927,0
Durg::437,drug_target_interaction,Protein::737,0
Durg::499,drug_target_interaction,Protein::120,0
Durg::165,drug_target_interaction,Protein::654,0
Durg::262,drug_target_interaction,Protein::114,0
Durg::268,drug_target_interaction,Protein::138,0
Durg::380,drug_target_interaction,Protein::94,0
Durg::262,drug_target_interaction,Protein::786,0
Durg::233,drug_target_interaction,Protein::614,0
Durg::587,drug_target_interaction,Protein::72,0
Durg::0,drug_target_interaction,Protein::1504,0
Durg::334,drug_target_interaction,Protein::75,0
Durg::538,drug_target_interaction,Protein::362,0
Durg::227,drug_target_interaction,Protein::94,0
Durg::484,drug_target_interaction,Protein::427,0
Durg::203,drug_target_interaction,Protein::311,0
Durg::127,drug_target_interaction,Protein::528,0
Durg::622,drug_target_interaction,Protein::194,0
Durg::195,drug_target_interaction,Protein::851,0
Durg::483,drug_target_interaction,Protein::617,0
Durg::378,drug_target_interaction,Protein::248,0
Durg::174,drug_target_interaction,Protein::206,0
Durg::675,drug_target_interaction,Protein::201,0
Durg::273,drug_target_interaction,Protein::335,0
Durg::92,drug_target_interaction,Protein::991,0
Durg::457,drug_target_interaction,Protein::1041,0
Durg::550,drug_target_interaction,Protein::237,0
Durg::446,drug_target_interaction,Protein::408,0
Durg::285,drug_target_interaction,Protein::394,0
Durg::397,drug_target_interaction,Protein::13,0
Durg::199,drug_target_interaction,Protein::707,0
Durg::597,drug_target_interaction,Protein::1504,0
Durg::631,drug_target_interaction,Protein::1172,0
Durg::395,drug_target_interaction,Protein::621,0
Durg::365,drug_target_interaction,Protein::429,0
Durg::613,drug_target_interaction,Protein::1179,0
Durg::35,drug_target_interaction,Protein::296,0
Durg::163,drug_target_interaction,Protein::1188,0
Durg::351,drug_target_interaction,Protein::675,0
Durg::561,drug_target_interaction,Protein::401,0
Durg::3,drug_target_interaction,Protein::1184,0
Durg::201,drug_target_interaction,Protein::1179,0
Durg::205,drug_target_interaction,Protein::661,0
Durg::68,drug_target_interaction,Protein::681,0
Durg::279,drug_target_interaction,Protein::523,0
Durg::283,drug_target_interaction,Protein::145,0
Durg::703,drug_target_interaction,Protein::83,0
Durg::393,drug_target_interaction,Protein::851,0
Durg::638,drug_target_interaction,Protein::366,0
Durg::251,drug_target_interaction,Protein::778,0
Durg::314,drug_target_interaction,Protein::1176,0
Durg::163,drug_target_interaction,Protein::442,0
Durg::314,drug_target_interaction,Protein::1163,0
Durg::692,drug_target_interaction,Protein::362,0
Durg::217,drug_target_interaction,Protein::985,0
Durg::582,drug_target_interaction,Protein::13,0
Durg::174,drug_target_interaction,Protein::1155,0
Durg::243,drug_target_interaction,Protein::327,0
Durg::165,drug_target_interaction,Protein::859,0
Durg::347,drug_target_interaction,Protein::39,0
Durg::260,drug_target_interaction,Protein::592,0
Durg::433,drug_target_interaction,Protein::538,0
Durg::11,drug_target_interaction,Protein::13,0
Durg::180,drug_target_interaction,Protein::240,0
Durg::609,drug_target_interaction,Protein::286,0
Durg::10,drug_target_interaction,Protein::786,0
Durg::300,drug_target_interaction,Protein::389,0
Durg::497,drug_target_interaction,Protein::1203,0
Durg::10,drug_target_interaction,Protein::380,0
Durg::625,drug_target_interaction,Protein::418,0
Durg::275,drug_target_interaction,Protein::244,0
Durg::575,drug_target_interaction,Protein::189,0
Durg::553,drug_target_interaction,Protein::1175,0
Durg::181,drug_target_interaction,Protein::360,0
Durg::540,drug_target_interaction,Protein::1174,0
Durg::201,drug_target_interaction,Protein::28,0
Durg::396,drug_target_interaction,Protein::117,0
Durg::97,drug_target_interaction,Protein::73,0
Durg::355,drug_target_interaction,Protein::121,0
Durg::115,drug_target_interaction,Protein::483,0
Durg::611,drug_target_interaction,Protein::94,0
Durg::88,drug_target_interaction,Protein::208,0
Durg::229,drug_target_interaction,Protein::1299,0
Durg::408,drug_target_interaction,Protein::312,0
Durg::227,drug_target_interaction,Protein::400,0
Durg::471,drug_target_interaction,Protein::670,0
Durg::179,drug_target_interaction,Protein::296,0
Durg::275,drug_target_interaction,Protein::121,0
Durg::332,drug_target_interaction,Protein::408,0
Durg::654,drug_target_interaction,Protein::32,0
Durg::460,drug_target_interaction,Protein::139,0
Durg::675,drug_target_interaction,Protein::624,0
Durg::614,drug_target_interaction,Protein::201,0
Durg::499,drug_target_interaction,Protein::1180,0
Durg::576,drug_target_interaction,Protein::208,0
Durg::412,drug_target_interaction,Protein::309,0
Durg::549,drug_target_interaction,Protein::32,0
Durg::581,drug_target_interaction,Protein::647,0
Durg::257,drug_target_interaction,Protein::985,0
Durg::42,drug_target_interaction,Protein::232,0
Durg::541,drug_target_interaction,Protein::720,0
Durg::566,drug_target_interaction,Protein::993,0
Durg::522,drug_target_interaction,Protein::538,0
Durg::333,drug_target_interaction,Protein::1163,0
Durg::308,drug_target_interaction,Protein::696,0
Durg::122,drug_target_interaction,Protein::722,0
Durg::294,drug_target_interaction,Protein::450,0
Durg::36,drug_target_interaction,Protein::195,0
Durg::644,drug_target_interaction,Protein::482,0
Durg::607,drug_target_interaction,Protein::1138,0
Durg::195,drug_target_interaction,Protein::1382,0
Durg::538,drug_target_interaction,Protein::335,0
Durg::667,drug_target_interaction,Protein::48,0
Durg::153,drug_target_interaction,Protein::340,0
Durg::495,drug_target_interaction,Protein::1060,0
Durg::165,drug_target_interaction,Protein::366,0
Durg::38,drug_target_interaction,Protein::472,0
Durg::291,drug_target_interaction,Protein::67,0
Durg::492,drug_target_interaction,Protein::113,0
Durg::154,drug_target_interaction,Protein::48,0
Durg::232,drug_target_interaction,Protein::261,0
Durg::367,drug_target_interaction,Protein::1172,0
Durg::696,drug_target_interaction,Protein::1184,0
Durg::325,drug_target_interaction,Protein::246,0
Durg::101,drug_target_interaction,Protein::549,0
Durg::366,drug_target_interaction,Protein::1146,0
Durg::493,drug_target_interaction,Protein::984,0
Durg::613,drug_target_interaction,Protein::203,0
Durg::496,drug_target_interaction,Protein::101,0
Durg::449,drug_target_interaction,Protein::513,0
Durg::228,drug_target_interaction,Protein::486,0
Durg::80,drug_target_interaction,Protein::990,0
Durg::380,drug_target_interaction,Protein::124,0
Durg::5,drug_target_interaction,Protein::1508,0
Durg::415,drug_target_interaction,Protein::134,0
Durg::588,drug_target_interaction,Protein::1155,0
Durg::421,drug_target_interaction,Protein::573,0
Durg::700,drug_target_interaction,Protein::745,0
Durg::505,drug_target_interaction,Protein::1165,0
Durg::552,drug_target_interaction,Protein::395,0
Durg::424,drug_target_interaction,Protein::1152,0
Durg::70,drug_target_interaction,Protein::428,0
Durg::398,drug_target_interaction,Protein::1146,0
Durg::686,drug_target_interaction,Protein::1138,0
Durg::692,drug_target_interaction,Protein::996,0
Durg::74,drug_target_interaction,Protein::608,0
Durg::557,drug_target_interaction,Protein::117,0
Durg::171,drug_target_interaction,Protein::1161,0
Durg::2,drug_target_interaction,Protein::998,0
Durg::410,drug_target_interaction,Protein::1186,0
Durg::121,drug_target_interaction,Protein::786,0
Durg::75,drug_target_interaction,Protein::453,0
Durg::210,drug_target_interaction,Protein::1022,0
Durg::691,drug_target_interaction,Protein::1038,0
Durg::251,drug_target_interaction,Protein::311,0
Durg::123,drug_target_interaction,Protein::127,0
Durg::410,drug_target_interaction,Protein::146,0
Durg::146,drug_target_interaction,Protein::364,0
Durg::185,drug_target_interaction,Protein::665,0
Durg::369,drug_target_interaction,Protein::483,0
Durg::599,drug_target_interaction,Protein::984,0
Durg::281,drug_target_interaction,Protein::1155,0
Durg::250,drug_target_interaction,Protein::554,0
Durg::25,drug_target_interaction,Protein::134,0
Durg::110,drug_target_interaction,Protein::563,0
Durg::4,drug_target_interaction,Protein::486,0
Durg::540,drug_target_interaction,Protein::279,0
Durg::696,drug_target_interaction,Protein::328,0
Durg::545,drug_target_interaction,Protein::1015,0
Durg::511,drug_target_interaction,Protein::992,0
Durg::54,drug_target_interaction,Protein::160,0
Durg::122,drug_target_interaction,Protein::851,0
Durg::580,drug_target_interaction,Protein::621,0
Durg::78,drug_target_interaction,Protein::142,0
Durg::369,drug_target_interaction,Protein::526,0
Durg::168,drug_target_interaction,Protein::364,0
Durg::264,drug_target_interaction,Protein::322,0
Durg::599,drug_target_interaction,Protein::1185,0
Durg::148,drug_target_interaction,Protein::269,0
Durg::116,drug_target_interaction,Protein::430,0
Durg::413,drug_target_interaction,Protein::207,0
Durg::4,drug_target_interaction,Protein::570,0
Durg::444,drug_target_interaction,Protein::312,0
Durg::100,drug_target_interaction,Protein::155,0
Durg::491,drug_target_interaction,Protein::225,0
Durg::164,drug_target_interaction,Protein::483,0
Durg::694,drug_target_interaction,Protein::127,0
Durg::269,drug_target_interaction,Protein::358,0
Durg::639,drug_target_interaction,Protein::1038,0
Durg::185,drug_target_interaction,Protein::358,0
Durg::382,drug_target_interaction,Protein::1038,0
Durg::333,drug_target_interaction,Protein::237,0
Durg::483,drug_target_interaction,Protein::164,0
Durg::680,drug_target_interaction,Protein::67,0
Durg::697,drug_target_interaction,Protein::1202,0
Durg::343,drug_target_interaction,Protein::71,0
Durg::245,drug_target_interaction,Protein::242,0
Durg::255,drug_target_interaction,Protein::610,0
Durg::103,drug_target_interaction,Protein::1146,0
Durg::627,drug_target_interaction,Protein::1011,0
Durg::690,drug_target_interaction,Protein::694,0
Durg::658,drug_target_interaction,Protein::195,0
Durg::290,drug_target_interaction,Protein::309,0
Durg::110,drug_target_interaction,Protein::605,0
Durg::116,drug_target_interaction,Protein::524,0
Durg::196,drug_target_interaction,Protein::48,0
Durg::351,drug_target_interaction,Protein::931,0
Durg::141,drug_target_interaction,Protein::185,0
Durg::101,drug_target_interaction,Protein::185,0
Durg::134,drug_target_interaction,Protein::64,0
Durg::625,drug_target_interaction,Protein::648,0
Durg::297,drug_target_interaction,Protein::361,0
Durg::381,drug_target_interaction,Protein::155,0
Durg::592,drug_target_interaction,Protein::853,0
Durg::82,drug_target_interaction,Protein::374,0
Durg::309,drug_target_interaction,Protein::549,0
Durg::19,drug_target_interaction,Protein::624,0
Durg::52,drug_target_interaction,Protein::727,0
Durg::19,drug_target_interaction,Protein::1029,0
Durg::549,drug_target_interaction,Protein::589,0
Durg::586,drug_target_interaction,Protein::106,0
Durg::597,drug_target_interaction,Protein::470,0
Durg::47,drug_target_interaction,Protein::318,0
Durg::281,drug_target_interaction,Protein::400,0
Durg::445,drug_target_interaction,Protein::1155,0
Durg::480,drug_target_interaction,Protein::300,0
Durg::516,drug_target_interaction,Protein::528,0
Durg::167,drug_target_interaction,Protein::1179,0
Durg::574,drug_target_interaction,Protein::361,0
Durg::19,drug_target_interaction,Protein::625,0
Durg::20,drug_target_interaction,Protein::368,0
Durg::214,drug_target_interaction,Protein::273,0
Durg::445,drug_target_interaction,Protein::143,0
Durg::503,drug_target_interaction,Protein::922,0
Durg::592,drug_target_interaction,Protein::311,0
Durg::43,drug_target_interaction,Protein::295,0
Durg::32,drug_target_interaction,Protein::320,0
Durg::268,drug_target_interaction,Protein::290,0
Durg::276,drug_target_interaction,Protein::1022,0
Durg::437,drug_target_interaction,Protein::483,0
Durg::143,drug_target_interaction,Protein::362,0
Durg::400,drug_target_interaction,Protein::554,0
Durg::143,drug_target_interaction,Protein::295,0
Durg::10,drug_target_interaction,Protein::1506,0
Durg::494,drug_target_interaction,Protein::60,0
Durg::616,drug_target_interaction,Protein::554,0
Durg::539,drug_target_interaction,Protein::1504,0
Durg::634,drug_target_interaction,Protein::513,0
Durg::702,drug_target_interaction,Protein::1066,0
Durg::469,drug_target_interaction,Protein::778,0
Durg::612,drug_target_interaction,Protein::642,0
Durg::356,drug_target_interaction,Protein::931,0
Durg::335,drug_target_interaction,Protein::145,0
Durg::327,drug_target_interaction,Protein::247,0
Durg::339,drug_target_interaction,Protein::264,0
Durg::539,drug_target_interaction,Protein::89,0
Durg::183,drug_target_interaction,Protein::550,0
Durg::686,drug_target_interaction,Protein::997,0
Durg::74,drug_target_interaction,Protein::42,0
Durg::478,drug_target_interaction,Protein::28,0
Durg::121,drug_target_interaction,Protein::166,0
Durg::624,drug_target_interaction,Protein::744,0
Durg::616,drug_target_interaction,Protein::669,0
Durg::569,drug_target_interaction,Protein::330,0
Durg::411,drug_target_interaction,Protein::83,0
Durg::400,drug_target_interaction,Protein::1161,0
Durg::614,drug_target_interaction,Protein::64,0
Durg::379,drug_target_interaction,Protein::6,0
Durg::406,drug_target_interaction,Protein::291,0
Durg::8,drug_target_interaction,Protein::19,0
Durg::40,drug_target_interaction,Protein::857,0
Durg::669,drug_target_interaction,Protein::1146,0
Durg::463,drug_target_interaction,Protein::327,0
Durg::158,drug_target_interaction,Protein::14,0
Durg::32,drug_target_interaction,Protein::1202,0
Durg::638,drug_target_interaction,Protein::200,0
Durg::193,drug_target_interaction,Protein::931,0
Durg::89,drug_target_interaction,Protein::605,0
Durg::496,drug_target_interaction,Protein::737,0
Durg::264,drug_target_interaction,Protein::201,0
Durg::7,drug_target_interaction,Protein::621,0
Durg::448,drug_target_interaction,Protein::1180,0
Durg::348,drug_target_interaction,Protein::918,0
Durg::290,drug_target_interaction,Protein::146,0
Durg::474,drug_target_interaction,Protein::241,0
Durg::337,drug_target_interaction,Protein::610,0
Durg::355,drug_target_interaction,Protein::515,0
Durg::108,drug_target_interaction,Protein::273,0
Durg::612,drug_target_interaction,Protein::60,0
Durg::245,drug_target_interaction,Protein::773,0
Durg::380,drug_target_interaction,Protein::470,0
Durg::302,drug_target_interaction,Protein::380,0
Durg::407,drug_target_interaction,Protein::407,0
Durg::465,drug_target_interaction,Protein::563,0
Durg::425,drug_target_interaction,Protein::246,0
Durg::337,drug_target_interaction,Protein::200,0
Durg::413,drug_target_interaction,Protein::1029,0
Durg::685,drug_target_interaction,Protein::377,0
Durg::378,drug_target_interaction,Protein::40,0
Durg::369,drug_target_interaction,Protein::1162,0
Durg::158,drug_target_interaction,Protein::2,0
Durg::597,drug_target_interaction,Protein::340,0
Durg::611,drug_target_interaction,Protein::145,0
Durg::236,drug_target_interaction,Protein::427,0
Durg::205,drug_target_interaction,Protein::1203,0
Durg::3,drug_target_interaction,Protein::486,0
Durg::382,drug_target_interaction,Protein::207,0
Durg::505,drug_target_interaction,Protein::689,0
Durg::439,drug_target_interaction,Protein::1146,0
Durg::176,drug_target_interaction,Protein::1502,0
Durg::379,drug_target_interaction,Protein::512,0
Durg::518,drug_target_interaction,Protein::389,0
Durg::638,drug_target_interaction,Protein::221,0
Durg::451,drug_target_interaction,Protein::1184,0
Durg::299,drug_target_interaction,Protein::364,0
Durg::287,drug_target_interaction,Protein::72,0
Durg::260,drug_target_interaction,Protein::241,0
Durg::651,drug_target_interaction,Protein::263,0
Durg::349,drug_target_interaction,Protein::484,0
Durg::270,drug_target_interaction,Protein::295,0
Durg::677,drug_target_interaction,Protein::996,0
Durg::518,drug_target_interaction,Protein::1164,0
Durg::524,drug_target_interaction,Protein::12,0
Durg::418,drug_target_interaction,Protein::545,0
Durg::11,drug_target_interaction,Protein::986,0
Durg::205,drug_target_interaction,Protein::727,0
Durg::593,drug_target_interaction,Protein::208,0
Durg::340,drug_target_interaction,Protein::271,0
Durg::370,drug_target_interaction,Protein::858,0
Durg::230,drug_target_interaction,Protein::269,0
Durg::232,drug_target_interaction,Protein::259,0
Durg::321,drug_target_interaction,Protein::1382,0
Durg::409,drug_target_interaction,Protein::360,0
Durg::429,drug_target_interaction,Protein::289,0
Durg::23,drug_target_interaction,Protein::1196,0
Durg::400,drug_target_interaction,Protein::7,0
Durg::388,drug_target_interaction,Protein::916,0
Durg::268,drug_target_interaction,Protein::82,0
Durg::190,drug_target_interaction,Protein::1382,0
Durg::599,drug_target_interaction,Protein::360,0
Durg::613,drug_target_interaction,Protein::694,0
Durg::680,drug_target_interaction,Protein::141,0
Durg::621,drug_target_interaction,Protein::207,0
Durg::590,drug_target_interaction,Protein::7,0
Durg::622,drug_target_interaction,Protein::423,0
Durg::471,drug_target_interaction,Protein::738,0
Durg::23,drug_target_interaction,Protein::1186,0
Durg::220,drug_target_interaction,Protein::1162,0
Durg::13,drug_target_interaction,Protein::269,0
Durg::49,drug_target_interaction,Protein::295,0
Durg::419,drug_target_interaction,Protein::1060,0
Durg::344,drug_target_interaction,Protein::60,0
Durg::77,drug_target_interaction,Protein::852,0
Durg::667,drug_target_interaction,Protein::120,0
Durg::682,drug_target_interaction,Protein::25,0
Durg::553,drug_target_interaction,Protein::918,0
Durg::655,drug_target_interaction,Protein::1155,0
Durg::500,drug_target_interaction,Protein::62,0
Durg::229,drug_target_interaction,Protein::269,0
Durg::395,drug_target_interaction,Protein::195,0
Durg::376,drug_target_interaction,Protein::453,0
Durg::6,drug_target_interaction,Protein::200,0
Durg::233,drug_target_interaction,Protein::738,0
Durg::254,drug_target_interaction,Protein::1508,0
Durg::232,drug_target_interaction,Protein::244,0
Durg::475,drug_target_interaction,Protein::380,0
Durg::99,drug_target_interaction,Protein::727,0
Durg::540,drug_target_interaction,Protein::1503,0
Durg::273,drug_target_interaction,Protein::1502,0
Durg::354,drug_target_interaction,Protein::144,0
Durg::460,drug_target_interaction,Protein::720,0
Durg::614,drug_target_interaction,Protein::509,0
Durg::524,drug_target_interaction,Protein::545,0
Durg::167,drug_target_interaction,Protein::854,0
Durg::251,drug_target_interaction,Protein::263,0
Durg::463,drug_target_interaction,Protein::223,0
Durg::680,drug_target_interaction,Protein::722,0
Durg::431,drug_target_interaction,Protein::150,0
Durg::125,drug_target_interaction,Protein::987,0
Durg::299,drug_target_interaction,Protein::195,0
Durg::76,drug_target_interaction,Protein::459,0
Durg::668,drug_target_interaction,Protein::449,0
Durg::412,drug_target_interaction,Protein::106,0
Durg::195,drug_target_interaction,Protein::124,0
Durg::494,drug_target_interaction,Protein::546,0
Durg::338,drug_target_interaction,Protein::288,0
Durg::205,drug_target_interaction,Protein::554,0
Durg::499,drug_target_interaction,Protein::720,0
Durg::275,drug_target_interaction,Protein::368,0
Durg::242,drug_target_interaction,Protein::856,0
Durg::298,drug_target_interaction,Protein::568,0
Durg::329,drug_target_interaction,Protein::259,0
Durg::370,drug_target_interaction,Protein::1203,0
Durg::4,drug_target_interaction,Protein::366,0
Durg::455,drug_target_interaction,Protein::246,0
Durg::358,drug_target_interaction,Protein::1146,0
Durg::52,drug_target_interaction,Protein::82,0
Durg::570,drug_target_interaction,Protein::1015,0
Durg::559,drug_target_interaction,Protein::127,0
Durg::347,drug_target_interaction,Protein::166,0
Durg::442,drug_target_interaction,Protein::346,0
Durg::514,drug_target_interaction,Protein::997,0
Durg::35,drug_target_interaction,Protein::320,0
Durg::457,drug_target_interaction,Protein::1170,0
Durg::607,drug_target_interaction,Protein::453,0
Durg::597,drug_target_interaction,Protein::271,0
Durg::197,drug_target_interaction,Protein::99,0
Durg::434,drug_target_interaction,Protein::207,0
Durg::454,drug_target_interaction,Protein::195,0
Durg::176,drug_target_interaction,Protein::1201,0
Durg::57,drug_target_interaction,Protein::312,0
Durg::586,drug_target_interaction,Protein::290,0
Durg::291,drug_target_interaction,Protein::430,0
Durg::335,drug_target_interaction,Protein::189,0
Durg::75,drug_target_interaction,Protein::617,0
Durg::587,drug_target_interaction,Protein::366,0
Durg::115,drug_target_interaction,Protein::185,0
Durg::413,drug_target_interaction,Protein::851,0
Durg::611,drug_target_interaction,Protein::487,0
Durg::261,drug_target_interaction,Protein::112,0
Durg::128,drug_target_interaction,Protein::991,0
Durg::622,drug_target_interaction,Protein::640,0
Durg::220,drug_target_interaction,Protein::7,0
Durg::232,drug_target_interaction,Protein::569,0
Durg::26,drug_target_interaction,Protein::81,0
Durg::83,drug_target_interaction,Protein::998,0
Durg::415,drug_target_interaction,Protein::518,0
Durg::542,drug_target_interaction,Protein::1184,0
Durg::446,drug_target_interaction,Protein::509,0
Durg::244,drug_target_interaction,Protein::374,0
Durg::483,drug_target_interaction,Protein::207,0
Durg::637,drug_target_interaction,Protein::1167,0
Durg::8,drug_target_interaction,Protein::360,0
Durg::377,drug_target_interaction,Protein::1179,0
Durg::650,drug_target_interaction,Protein::6,0
Durg::672,drug_target_interaction,Protein::669,0
Durg::442,drug_target_interaction,Protein::1161,0
Durg::696,drug_target_interaction,Protein::155,0
Durg::439,drug_target_interaction,Protein::208,0
Durg::225,drug_target_interaction,Protein::515,0
Durg::595,drug_target_interaction,Protein::696,0
Durg::601,drug_target_interaction,Protein::312,0
Durg::484,drug_target_interaction,Protein::1185,0
Durg::508,drug_target_interaction,Protein::995,0
Durg::210,drug_target_interaction,Protein::625,0
Durg::628,drug_target_interaction,Protein::12,0
Durg::544,drug_target_interaction,Protein::136,0
Durg::229,drug_target_interaction,Protein::1034,0
Durg::167,drug_target_interaction,Protein::475,0
Durg::332,drug_target_interaction,Protein::289,0
Durg::476,drug_target_interaction,Protein::459,0
Durg::383,drug_target_interaction,Protein::340,0
Durg::412,drug_target_interaction,Protein::814,0
Durg::702,drug_target_interaction,Protein::1166,0
Durg::210,drug_target_interaction,Protein::380,0
Durg::90,drug_target_interaction,Protein::368,0
Durg::179,drug_target_interaction,Protein::1060,0
Durg::245,drug_target_interaction,Protein::380,0
Durg::54,drug_target_interaction,Protein::922,0
Durg::65,drug_target_interaction,Protein::278,0
Durg::548,drug_target_interaction,Protein::247,0
Durg::76,drug_target_interaction,Protein::206,0
Durg::671,drug_target_interaction,Protein::681,0
Durg::202,drug_target_interaction,Protein::1015,0
Durg::161,drug_target_interaction,Protein::208,0
Durg::239,drug_target_interaction,Protein::1185,0
Durg::528,drug_target_interaction,Protein::742,0
Durg::71,drug_target_interaction,Protein::114,0
Durg::11,drug_target_interaction,Protein::380,0
Durg::493,drug_target_interaction,Protein::360,0
Durg::355,drug_target_interaction,Protein::986,0
Durg::549,drug_target_interaction,Protein::402,0
Durg::651,drug_target_interaction,Protein::717,0
Durg::317,drug_target_interaction,Protein::569,0
Durg::641,drug_target_interaction,Protein::1506,0
Durg::505,drug_target_interaction,Protein::449,0
Durg::269,drug_target_interaction,Protein::1175,0
Durg::16,drug_target_interaction,Protein::495,0
Durg::615,drug_target_interaction,Protein::857,0
Durg::165,drug_target_interaction,Protein::248,0
Durg::682,drug_target_interaction,Protein::136,0
Durg::473,drug_target_interaction,Protein::278,0
Durg::190,drug_target_interaction,Protein::996,0
Durg::110,drug_target_interaction,Protein::707,0
Durg::430,drug_target_interaction,Protein::291,0
Durg::131,drug_target_interaction,Protein::302,0
Durg::460,drug_target_interaction,Protein::727,0
Durg::270,drug_target_interaction,Protein::151,0
Durg::561,drug_target_interaction,Protein::400,0
Durg::268,drug_target_interaction,Protein::43,0
Durg::86,drug_target_interaction,Protein::75,0
Durg::324,drug_target_interaction,Protein::28,0
Durg::669,drug_target_interaction,Protein::783,0
Durg::269,drug_target_interaction,Protein::512,0
Durg::27,drug_target_interaction,Protein::144,0
Durg::199,drug_target_interaction,Protein::1138,0
Durg::302,drug_target_interaction,Protein::608,0
Durg::614,drug_target_interaction,Protein::530,0
Durg::273,drug_target_interaction,Protein::694,0
Durg::449,drug_target_interaction,Protein::419,0
Durg::437,drug_target_interaction,Protein::72,0
Durg::242,drug_target_interaction,Protein::459,0
Durg::135,drug_target_interaction,Protein::62,0
Durg::38,drug_target_interaction,Protein::362,0
Durg::638,drug_target_interaction,Protein::1299,0
Durg::15,drug_target_interaction,Protein::484,0
Durg::335,drug_target_interaction,Protein::647,0
Durg::368,drug_target_interaction,Protein::637,0
Durg::221,drug_target_interaction,Protein::568,0
Durg::319,drug_target_interaction,Protein::377,0
Durg::95,drug_target_interaction,Protein::1186,0
Durg::23,drug_target_interaction,Protein::138,0
Durg::373,drug_target_interaction,Protein::10,0
Durg::339,drug_target_interaction,Protein::346,0
Durg::271,drug_target_interaction,Protein::635,0
Durg::606,drug_target_interaction,Protein::1153,0
Durg::383,drug_target_interaction,Protein::203,0
Durg::394,drug_target_interaction,Protein::1161,0
Durg::236,drug_target_interaction,Protein::13,0
Durg::182,drug_target_interaction,Protein::26,0
Durg::404,drug_target_interaction,Protein::435,0
Durg::565,drug_target_interaction,Protein::288,0
Durg::466,drug_target_interaction,Protein::98,0
Durg::58,drug_target_interaction,Protein::859,0
Durg::260,drug_target_interaction,Protein::7,0
Durg::309,drug_target_interaction,Protein::1502,0
Durg::463,drug_target_interaction,Protein::88,0
Durg::552,drug_target_interaction,Protein::617,0
Durg::506,drug_target_interaction,Protein::368,0
Durg::540,drug_target_interaction,Protein::246,0
Durg::115,drug_target_interaction,Protein::988,0
Durg::174,drug_target_interaction,Protein::143,0
Durg::236,drug_target_interaction,Protein::248,0
Durg::25,drug_target_interaction,Protein::90,0
Durg::680,drug_target_interaction,Protein::45,0
Durg::651,drug_target_interaction,Protein::413,0
Durg::652,drug_target_interaction,Protein::1160,0
Durg::68,drug_target_interaction,Protein::992,0
Durg::553,drug_target_interaction,Protein::1164,0
Durg::34,drug_target_interaction,Protein::73,0
Durg::495,drug_target_interaction,Protein::223,0
Durg::325,drug_target_interaction,Protein::89,0
Durg::655,drug_target_interaction,Protein::366,0
Durg::154,drug_target_interaction,Protein::505,0
Durg::76,drug_target_interaction,Protein::592,0
Durg::23,drug_target_interaction,Protein::505,0
Durg::281,drug_target_interaction,Protein::1146,0
Durg::676,drug_target_interaction,Protein::48,0
Durg::508,drug_target_interaction,Protein::71,0
Durg::634,drug_target_interaction,Protein::1009,0
Durg::372,drug_target_interaction,Protein::605,0
Durg::63,drug_target_interaction,Protein::707,0
Durg::516,drug_target_interaction,Protein::300,0
Durg::71,drug_target_interaction,Protein::550,0
Durg::96,drug_target_interaction,Protein::624,0
Durg::310,drug_target_interaction,Protein::1203,0
Durg::575,drug_target_interaction,Protein::106,0
Durg::685,drug_target_interaction,Protein::1186,0
Durg::582,drug_target_interaction,Protein::990,0
Durg::654,drug_target_interaction,Protein::88,0
Durg::261,drug_target_interaction,Protein::1139,0
Durg::110,drug_target_interaction,Protein::439,0
Durg::234,drug_target_interaction,Protein::483,0
Durg::134,drug_target_interaction,Protein::538,0
Durg::143,drug_target_interaction,Protein::696,0
Durg::261,drug_target_interaction,Protein::33,0
Durg::11,drug_target_interaction,Protein::422,0
Durg::521,drug_target_interaction,Protein::286,0
Durg::599,drug_target_interaction,Protein::857,0
Durg::614,drug_target_interaction,Protein::617,0
Durg::121,drug_target_interaction,Protein::421,0
Durg::432,drug_target_interaction,Protein::608,0
Durg::337,drug_target_interaction,Protein::528,0
Durg::247,drug_target_interaction,Protein::997,0
Durg::560,drug_target_interaction,Protein::312,0
Durg::202,drug_target_interaction,Protein::317,0
Durg::528,drug_target_interaction,Protein::380,0
Durg::380,drug_target_interaction,Protein::466,0
Durg::168,drug_target_interaction,Protein::326,0
Durg::189,drug_target_interaction,Protein::181,0
Durg::707,drug_target_interaction,Protein::120,0
Durg::506,drug_target_interaction,Protein::73,0
Durg::111,drug_target_interaction,Protein::149,0
Durg::27,drug_target_interaction,Protein::6,0
Durg::514,drug_target_interaction,Protein::99,0
Durg::36,drug_target_interaction,Protein::127,0
Durg::621,drug_target_interaction,Protein::208,0
Durg::9,drug_target_interaction,Protein::407,0
Durg::122,drug_target_interaction,Protein::120,0
Durg::462,drug_target_interaction,Protein::175,0
Durg::424,drug_target_interaction,Protein::1151,0
Durg::521,drug_target_interaction,Protein::1170,0
Durg::278,drug_target_interaction,Protein::624,0
Durg::332,drug_target_interaction,Protein::452,0
Durg::36,drug_target_interaction,Protein::166,0
Durg::54,drug_target_interaction,Protein::647,0
Durg::322,drug_target_interaction,Protein::422,0
Durg::632,drug_target_interaction,Protein::513,0
Durg::625,drug_target_interaction,Protein::395,0
Durg::627,drug_target_interaction,Protein::357,0
Durg::174,drug_target_interaction,Protein::320,0
Durg::46,drug_target_interaction,Protein::744,0
Durg::546,drug_target_interaction,Protein::366,0
Durg::82,drug_target_interaction,Protein::138,0
Durg::178,drug_target_interaction,Protein::515,0
Durg::659,drug_target_interaction,Protein::276,0
Durg::100,drug_target_interaction,Protein::1188,0
Durg::644,drug_target_interaction,Protein::1503,0
Durg::362,drug_target_interaction,Protein::984,0
Durg::587,drug_target_interaction,Protein::181,0
Durg::428,drug_target_interaction,Protein::318,0
Durg::595,drug_target_interaction,Protein::108,0
Durg::518,drug_target_interaction,Protein::621,0
Durg::168,drug_target_interaction,Protein::1038,0
Durg::152,drug_target_interaction,Protein::424,0
Durg::599,drug_target_interaction,Protein::1010,0
Durg::442,drug_target_interaction,Protein::482,0
Durg::576,drug_target_interaction,Protein::546,0
Durg::293,drug_target_interaction,Protein::401,0
Durg::678,drug_target_interaction,Protein::64,0
Durg::439,drug_target_interaction,Protein::992,0
Durg::130,drug_target_interaction,Protein::486,0
Durg::471,drug_target_interaction,Protein::992,0
Durg::616,drug_target_interaction,Protein::362,0
Durg::707,drug_target_interaction,Protein::170,0
Durg::254,drug_target_interaction,Protein::319,0
Durg::543,drug_target_interaction,Protein::72,0
Durg::569,drug_target_interaction,Protein::357,0
Durg::600,drug_target_interaction,Protein::117,0
Durg::425,drug_target_interaction,Protein::390,0
Durg::54,drug_target_interaction,Protein::852,0
Durg::277,drug_target_interaction,Protein::223,0
Durg::507,drug_target_interaction,Protein::635,0
Durg::436,drug_target_interaction,Protein::278,0
Durg::367,drug_target_interaction,Protein::1163,0
Durg::339,drug_target_interaction,Protein::648,0
Durg::541,drug_target_interaction,Protein::592,0
Durg::364,drug_target_interaction,Protein::26,0
Durg::58,drug_target_interaction,Protein::166,0
Durg::312,drug_target_interaction,Protein::272,0
Durg::125,drug_target_interaction,Protein::1010,0
Durg::684,drug_target_interaction,Protein::170,0
Durg::631,drug_target_interaction,Protein::482,0
Durg::19,drug_target_interaction,Protein::610,0
Durg::475,drug_target_interaction,Protein::442,0
Durg::412,drug_target_interaction,Protein::1180,0
Durg::406,drug_target_interaction,Protein::241,0
Durg::165,drug_target_interaction,Protein::374,0
Durg::28,drug_target_interaction,Protein::1034,0
Durg::669,drug_target_interaction,Protein::60,0
Durg::251,drug_target_interaction,Protein::75,0
Durg::346,drug_target_interaction,Protein::244,0
Durg::92,drug_target_interaction,Protein::674,0
Durg::698,drug_target_interaction,Protein::1203,0
Durg::466,drug_target_interaction,Protein::67,0
Durg::622,drug_target_interaction,Protein::573,0
Durg::316,drug_target_interaction,Protein::39,0
Durg::700,drug_target_interaction,Protein::1151,0
Durg::120,drug_target_interaction,Protein::486,0
Durg::153,drug_target_interaction,Protein::175,0
Durg::24,drug_target_interaction,Protein::996,0
Durg::511,drug_target_interaction,Protein::853,0
Durg::488,drug_target_interaction,Protein::401,0
Durg::443,drug_target_interaction,Protein::1146,0
Durg::542,drug_target_interaction,Protein::327,0
Durg::481,drug_target_interaction,Protein::368,0
Durg::194,drug_target_interaction,Protein::362,0
Durg::601,drug_target_interaction,Protein::221,0
Durg::276,drug_target_interaction,Protein::106,0
Durg::582,drug_target_interaction,Protein::364,0
Durg::2,drug_target_interaction,Protein::309,0
Durg::7,drug_target_interaction,Protein::2,0
Durg::295,drug_target_interaction,Protein::114,0
Durg::335,drug_target_interaction,Protein::1167,0
Durg::627,drug_target_interaction,Protein::636,0
Durg::30,drug_target_interaction,Protein::276,0
Durg::283,drug_target_interaction,Protein::32,0
Durg::631,drug_target_interaction,Protein::1186,0
Durg::137,drug_target_interaction,Protein::726,0
Durg::176,drug_target_interaction,Protein::1155,0
Durg::585,drug_target_interaction,Protein::1038,0
Durg::570,drug_target_interaction,Protein::439,0
Durg::424,drug_target_interaction,Protein::991,0
Durg::702,drug_target_interaction,Protein::853,0
Durg::309,drug_target_interaction,Protein::1177,0
Durg::366,drug_target_interaction,Protein::817,0
Durg::507,drug_target_interaction,Protein::317,0
Durg::264,drug_target_interaction,Protein::78,0
Durg::662,drug_target_interaction,Protein::990,0
Durg::553,drug_target_interaction,Protein::1150,0
Durg::270,drug_target_interaction,Protein::64,0
Durg::40,drug_target_interaction,Protein::1381,0
Durg::83,drug_target_interaction,Protein::1175,0
Durg::147,drug_target_interaction,Protein::286,0
Durg::151,drug_target_interaction,Protein::289,0
Durg::266,drug_target_interaction,Protein::570,0
Durg::295,drug_target_interaction,Protein::993,0
Durg::600,drug_target_interaction,Protein::78,0
Durg::260,drug_target_interaction,Protein::26,0
Durg::498,drug_target_interaction,Protein::248,0
Durg::405,drug_target_interaction,Protein::340,0
Durg::677,drug_target_interaction,Protein::181,0
Durg::606,drug_target_interaction,Protein::60,0
Durg::494,drug_target_interaction,Protein::859,0
Durg::544,drug_target_interaction,Protein::1187,0
Durg::214,drug_target_interaction,Protein::423,0
Durg::576,drug_target_interaction,Protein::654,0
Durg::12,drug_target_interaction,Protein::670,0
Durg::203,drug_target_interaction,Protein::19,0
Durg::457,drug_target_interaction,Protein::266,0
Durg::429,drug_target_interaction,Protein::88,0
Durg::362,drug_target_interaction,Protein::241,0
Durg::158,drug_target_interaction,Protein::583,0
Durg::93,drug_target_interaction,Protein::28,0
Durg::266,drug_target_interaction,Protein::674,0
Durg::383,drug_target_interaction,Protein::51,0
Durg::407,drug_target_interaction,Protein::1041,0
Durg::210,drug_target_interaction,Protein::477,0
Durg::474,drug_target_interaction,Protein::1167,0
Durg::423,drug_target_interaction,Protein::570,0
Durg::530,drug_target_interaction,Protein::1176,0
Durg::676,drug_target_interaction,Protein::272,0
Durg::317,drug_target_interaction,Protein::916,0
Durg::219,drug_target_interaction,Protein::523,0
Durg::28,drug_target_interaction,Protein::25,0
Durg::334,drug_target_interaction,Protein::1184,0
Durg::379,drug_target_interaction,Protein::14,0
Durg::78,drug_target_interaction,Protein::1375,0
Durg::550,drug_target_interaction,Protein::430,0
Durg::626,drug_target_interaction,Protein::401,0
Durg::662,drug_target_interaction,Protein::642,0
Durg::262,drug_target_interaction,Protein::115,0
Durg::276,drug_target_interaction,Protein::358,0
Durg::333,drug_target_interaction,Protein::278,0
Durg::134,drug_target_interaction,Protein::994,0
Durg::36,drug_target_interaction,Protein::573,0
Durg::97,drug_target_interaction,Protein::617,0
Durg::25,drug_target_interaction,Protein::592,0
Durg::4,drug_target_interaction,Protein::19,0
Durg::228,drug_target_interaction,Protein::856,0
Durg::298,drug_target_interaction,Protein::1164,0
Durg::611,drug_target_interaction,Protein::993,0
Durg::521,drug_target_interaction,Protein::856,0
Durg::338,drug_target_interaction,Protein::986,0
Durg::686,drug_target_interaction,Protein::475,0
Durg::654,drug_target_interaction,Protein::1041,0
Durg::631,drug_target_interaction,Protein::1381,0
Durg::221,drug_target_interaction,Protein::200,0
Durg::672,drug_target_interaction,Protein::291,0
Durg::408,drug_target_interaction,Protein::82,0
Durg::352,drug_target_interaction,Protein::859,0
Durg::661,drug_target_interaction,Protein::383,0
Durg::13,drug_target_interaction,Protein::142,0
Durg::160,drug_target_interaction,Protein::223,0
Durg::359,drug_target_interaction,Protein::311,0
Durg::394,drug_target_interaction,Protein::99,0
Durg::567,drug_target_interaction,Protein::646,0
Durg::424,drug_target_interaction,Protein::1184,0
Durg::102,drug_target_interaction,Protein::1163,0
Durg::471,drug_target_interaction,Protein::247,0
Durg::421,drug_target_interaction,Protein::279,0
Durg::204,drug_target_interaction,Protein::568,0
Durg::617,drug_target_interaction,Protein::72,0
Durg::62,drug_target_interaction,Protein::778,0
Durg::483,drug_target_interaction,Protein::860,0
Durg::538,drug_target_interaction,Protein::121,0
Durg::41,drug_target_interaction,Protein::258,0
Durg::499,drug_target_interaction,Protein::203,0
Durg::388,drug_target_interaction,Protein::144,0
Durg::140,drug_target_interaction,Protein::472,0
Durg::650,drug_target_interaction,Protein::528,0
Durg::383,drug_target_interaction,Protein::665,0
Durg::516,drug_target_interaction,Protein::1203,0
Durg::351,drug_target_interaction,Protein::276,0
Durg::359,drug_target_interaction,Protein::195,0
Durg::36,drug_target_interaction,Protein::993,0
Durg::143,drug_target_interaction,Protein::361,0
Durg::462,drug_target_interaction,Protein::1150,0
Durg::685,drug_target_interaction,Protein::482,0
Durg::27,drug_target_interaction,Protein::513,0
Durg::27,drug_target_interaction,Protein::427,0
Durg::581,drug_target_interaction,Protein::1173,0
Durg::338,drug_target_interaction,Protein::296,0
Durg::671,drug_target_interaction,Protein::327,0
Durg::233,drug_target_interaction,Protein::689,0
Durg::643,drug_target_interaction,Protein::727,0
Durg::509,drug_target_interaction,Protein::34,0
Durg::489,drug_target_interaction,Protein::470,0
Durg::450,drug_target_interaction,Protein::1015,0
Durg::602,drug_target_interaction,Protein::33,0
Durg::48,drug_target_interaction,Protein::994,0
Durg::66,drug_target_interaction,Protein::624,0
Durg::677,drug_target_interaction,Protein::1041,0
Durg::26,drug_target_interaction,Protein::155,0
Durg::35,drug_target_interaction,Protein::675,0
Durg::574,drug_target_interaction,Protein::854,0
Durg::548,drug_target_interaction,Protein::440,0
Durg::502,drug_target_interaction,Protein::120,0
Durg::148,drug_target_interaction,Protein::151,0
Durg::300,drug_target_interaction,Protein::263,0
Durg::146,drug_target_interaction,Protein::433,0
Durg::614,drug_target_interaction,Protein::71,0
Durg::668,drug_target_interaction,Protein::1502,0
Durg::652,drug_target_interaction,Protein::637,0
Durg::508,drug_target_interaction,Protein::450,0
Durg::289,drug_target_interaction,Protein::89,0
Durg::103,drug_target_interaction,Protein::1169,0
Durg::46,drug_target_interaction,Protein::581,0
Durg::614,drug_target_interaction,Protein::518,0
Durg::96,drug_target_interaction,Protein::1508,0
Durg::419,drug_target_interaction,Protein::856,0
Durg::485,drug_target_interaction,Protein::1172,0
Durg::392,drug_target_interaction,Protein::459,0
Durg::77,drug_target_interaction,Protein::1160,0
Durg::474,drug_target_interaction,Protein::475,0
Durg::184,drug_target_interaction,Protein::106,0
Durg::57,drug_target_interaction,Protein::42,0
Durg::362,drug_target_interaction,Protein::924,0
Durg::523,drug_target_interaction,Protein::524,0
Durg::407,drug_target_interaction,Protein::73,0
Durg::511,drug_target_interaction,Protein::1151,0
Durg::576,drug_target_interaction,Protein::85,0
Durg::298,drug_target_interaction,Protein::783,0
Durg::521,drug_target_interaction,Protein::773,0
Durg::126,drug_target_interaction,Protein::286,0
Durg::430,drug_target_interaction,Protein::394,0
Durg::540,drug_target_interaction,Protein::1173,0
Durg::47,drug_target_interaction,Protein::42,0
Durg::204,drug_target_interaction,Protein::311,0
Durg::87,drug_target_interaction,Protein::449,0
Durg::520,drug_target_interaction,Protein::654,0
Durg::672,drug_target_interaction,Protein::13,0
Durg::179,drug_target_interaction,Protein::28,0
Durg::210,drug_target_interaction,Protein::1015,0
Durg::30,drug_target_interaction,Protein::430,0
Durg::60,drug_target_interaction,Protein::258,0
Durg::300,drug_target_interaction,Protein::663,0
Durg::612,drug_target_interaction,Protein::1170,0
Durg::64,drug_target_interaction,Protein::207,0
Durg::671,drug_target_interaction,Protein::389,0
Durg::276,drug_target_interaction,Protein::278,0
Durg::25,drug_target_interaction,Protein::261,0
Durg::285,drug_target_interaction,Protein::26,0
Durg::174,drug_target_interaction,Protein::814,0
Durg::171,drug_target_interaction,Protein::581,0
Durg::643,drug_target_interaction,Protein::89,0
Durg::126,drug_target_interaction,Protein::722,0
Durg::565,drug_target_interaction,Protein::546,0
Durg::356,drug_target_interaction,Protein::1146,0
Durg::100,drug_target_interaction,Protein::647,0
Durg::175,drug_target_interaction,Protein::570,0
Durg::78,drug_target_interaction,Protein::514,0
Durg::524,drug_target_interaction,Protein::484,0
Durg::137,drug_target_interaction,Protein::1196,0
Durg::131,drug_target_interaction,Protein::101,0
Durg::491,drug_target_interaction,Protein::175,0
Durg::412,drug_target_interaction,Protein::390,0
Durg::137,drug_target_interaction,Protein::43,0
Durg::168,drug_target_interaction,Protein::1506,0
Durg::26,drug_target_interaction,Protein::485,0
Durg::520,drug_target_interaction,Protein::101,0
Durg::346,drug_target_interaction,Protein::610,0
Durg::443,drug_target_interaction,Protein::495,0
Durg::535,drug_target_interaction,Protein::1172,0
Durg::277,drug_target_interaction,Protein::390,0
Durg::407,drug_target_interaction,Protein::1503,0
Durg::393,drug_target_interaction,Protein::1175,0
Durg::395,drug_target_interaction,Protein::854,0
Durg::311,drug_target_interaction,Protein::43,0
Durg::571,drug_target_interaction,Protein::486,0
Durg::640,drug_target_interaction,Protein::18,0
Durg::333,drug_target_interaction,Protein::568,0
Durg::181,drug_target_interaction,Protein::1006,0
Durg::427,drug_target_interaction,Protein::60,0
Durg::685,drug_target_interaction,Protein::319,0
Durg::275,drug_target_interaction,Protein::200,0
Durg::26,drug_target_interaction,Protein::1167,0
Durg::481,drug_target_interaction,Protein::657,0
Durg::661,drug_target_interaction,Protein::1041,0
Durg::163,drug_target_interaction,Protein::1146,0
Durg::355,drug_target_interaction,Protein::164,0
Durg::480,drug_target_interaction,Protein::530,0
Durg::499,drug_target_interaction,Protein::196,0
Durg::280,drug_target_interaction,Protein::1196,0
Durg::572,drug_target_interaction,Protein::742,0
Durg::683,drug_target_interaction,Protein::10,0
Durg::102,drug_target_interaction,Protein::717,0
Durg::455,drug_target_interaction,Protein::527,0
Durg::671,drug_target_interaction,Protein::427,0
Durg::593,drug_target_interaction,Protein::709,0
Durg::270,drug_target_interaction,Protein::1181,0
Durg::272,drug_target_interaction,Protein::1173,0
Durg::582,drug_target_interaction,Protein::394,0
Durg::364,drug_target_interaction,Protein::142,0
Durg::380,drug_target_interaction,Protein::279,0
Durg::632,drug_target_interaction,Protein::487,0
Durg::312,drug_target_interaction,Protein::998,0
Durg::46,drug_target_interaction,Protein::689,0
Durg::588,drug_target_interaction,Protein::665,0
Durg::131,drug_target_interaction,Protein::320,0
Durg::423,drug_target_interaction,Protein::225,0
Durg::266,drug_target_interaction,Protein::984,0
Durg::245,drug_target_interaction,Protein::720,0
Durg::694,drug_target_interaction,Protein::745,0
Durg::652,drug_target_interaction,Protein::75,0
Durg::514,drug_target_interaction,Protein::648,0
Durg::650,drug_target_interaction,Protein::452,0
Durg::418,drug_target_interaction,Protein::197,0
Durg::137,drug_target_interaction,Protein::101,0
Durg::561,drug_target_interaction,Protein::395,0
Durg::41,drug_target_interaction,Protein::1172,0
Durg::641,drug_target_interaction,Protein::470,0
Durg::423,drug_target_interaction,Protein::223,0
Durg::511,drug_target_interaction,Protein::264,0
Durg::271,drug_target_interaction,Protein::523,0
Durg::633,drug_target_interaction,Protein::149,0
Durg::446,drug_target_interaction,Protein::1167,0
Durg::585,drug_target_interaction,Protein::538,0
Durg::455,drug_target_interaction,Protein::395,0
Durg::656,drug_target_interaction,Protein::84,0
Durg::671,drug_target_interaction,Protein::1508,0
Durg::138,drug_target_interaction,Protein::242,0
Durg::422,drug_target_interaction,Protein::200,0
Durg::294,drug_target_interaction,Protein::181,0
Durg::582,drug_target_interaction,Protein::856,0
Durg::8,drug_target_interaction,Protein::185,0
Durg::596,drug_target_interaction,Protein::568,0
Durg::468,drug_target_interaction,Protein::2,0
Durg::47,drug_target_interaction,Protein::1151,0
Durg::433,drug_target_interaction,Protein::260,0
Durg::144,drug_target_interaction,Protein::143,0
Durg::63,drug_target_interaction,Protein::64,0
Durg::43,drug_target_interaction,Protein::998,0
Durg::628,drug_target_interaction,Protein::992,0
Durg::20,drug_target_interaction,Protein::450,0
Durg::120,drug_target_interaction,Protein::311,0
Durg::557,drug_target_interaction,Protein::269,0
Durg::283,drug_target_interaction,Protein::51,0
Durg::253,drug_target_interaction,Protein::689,0
Durg::612,drug_target_interaction,Protein::1183,0
Durg::232,drug_target_interaction,Protein::482,0
Durg::264,drug_target_interaction,Protein::610,0
Durg::202,drug_target_interaction,Protein::1375,0
Durg::493,drug_target_interaction,Protein::433,0
Durg::101,drug_target_interaction,Protein::516,0
Durg::552,drug_target_interaction,Protein::518,0
Durg::505,drug_target_interaction,Protein::12,0
Durg::378,drug_target_interaction,Protein::985,0
Durg::507,drug_target_interaction,Protein::524,0
Durg::17,drug_target_interaction,Protein::302,0
Durg::685,drug_target_interaction,Protein::635,0
Durg::597,drug_target_interaction,Protein::1153,0
Durg::217,drug_target_interaction,Protein::995,0
Durg::239,drug_target_interaction,Protein::1180,0
Durg::171,drug_target_interaction,Protein::530,0
Durg::50,drug_target_interaction,Protein::592,0
Durg::548,drug_target_interaction,Protein::482,0
Durg::495,drug_target_interaction,Protein::218,0
Durg::22,drug_target_interaction,Protein::483,0
Durg::314,drug_target_interaction,Protein::6,0
Durg::138,drug_target_interaction,Protein::33,0
Durg::292,drug_target_interaction,Protein::1152,0
Durg::700,drug_target_interaction,Protein::858,0
Durg::340,drug_target_interaction,Protein::509,0
Durg::460,drug_target_interaction,Protein::242,0
Durg::700,drug_target_interaction,Protein::315,0
Durg::325,drug_target_interaction,Protein::694,0
Durg::697,drug_target_interaction,Protein::513,0
Durg::194,drug_target_interaction,Protein::276,0
Durg::287,drug_target_interaction,Protein::657,0
Durg::195,drug_target_interaction,Protein::7,0
Durg::102,drug_target_interaction,Protein::40,0
Durg::546,drug_target_interaction,Protein::260,0
Durg::491,drug_target_interaction,Protein::181,0
Durg::63,drug_target_interaction,Protein::312,0
Durg::26,drug_target_interaction,Protein::773,0
Durg::297,drug_target_interaction,Protein::681,0
Durg::80,drug_target_interaction,Protein::206,0
Durg::172,drug_target_interaction,Protein::278,0
Durg::273,drug_target_interaction,Protein::1009,0
Durg::532,drug_target_interaction,Protein::32,0
Durg::524,drug_target_interaction,Protein::940,0
Durg::78,drug_target_interaction,Protein::426,0
Durg::465,drug_target_interaction,Protein::43,0
Durg::381,drug_target_interaction,Protein::151,0
Durg::265,drug_target_interaction,Protein::90,0
Durg::301,drug_target_interaction,Protein::1177,0
Durg::474,drug_target_interaction,Protein::151,0
Durg::530,drug_target_interaction,Protein::72,0
Durg::656,drug_target_interaction,Protein::422,0
Durg::601,drug_target_interaction,Protein::635,0
Durg::410,drug_target_interaction,Protein::496,0
Durg::690,drug_target_interaction,Protein::614,0
Durg::140,drug_target_interaction,Protein::1183,0
Durg::497,drug_target_interaction,Protein::43,0
Durg::230,drug_target_interaction,Protein::516,0
Durg::309,drug_target_interaction,Protein::1170,0
Durg::285,drug_target_interaction,Protein::581,0
Durg::659,drug_target_interaction,Protein::90,0
Durg::227,drug_target_interaction,Protein::523,0
Durg::615,drug_target_interaction,Protein::574,0
Durg::415,drug_target_interaction,Protein::1041,0
Durg::69,drug_target_interaction,Protein::114,0
Durg::301,drug_target_interaction,Protein::497,0
Durg::283,drug_target_interaction,Protein::545,0
Durg::0,drug_target_interaction,Protein::160,0
Durg::298,drug_target_interaction,Protein::73,0
Durg::468,drug_target_interaction,Protein::778,0
Durg::325,drug_target_interaction,Protein::51,0
Durg::584,drug_target_interaction,Protein::646,0
Durg::82,drug_target_interaction,Protein::366,0
Durg::554,drug_target_interaction,Protein::143,0
Durg::570,drug_target_interaction,Protein::140,0
Durg::41,drug_target_interaction,Protein::106,0
Durg::127,drug_target_interaction,Protein::408,0
Durg::49,drug_target_interaction,Protein::610,0
Durg::700,drug_target_interaction,Protein::459,0
Durg::312,drug_target_interaction,Protein::435,0
Durg::651,drug_target_interaction,Protein::288,0
Durg::613,drug_target_interaction,Protein::120,0
Durg::3,drug_target_interaction,Protein::25,0
Durg::301,drug_target_interaction,Protein::675,0
Durg::221,drug_target_interaction,Protein::114,0
Durg::25,drug_target_interaction,Protein::665,0
Durg::654,drug_target_interaction,Protein::670,0
Durg::595,drug_target_interaction,Protein::263,0
Durg::344,drug_target_interaction,Protein::33,0
Durg::434,drug_target_interaction,Protein::40,0
Durg::214,drug_target_interaction,Protein::1165,0
Durg::695,drug_target_interaction,Protein::608,0
Durg::339,drug_target_interaction,Protein::453,0
Durg::26,drug_target_interaction,Protein::196,0
Durg::418,drug_target_interaction,Protein::477,0
Durg::97,drug_target_interaction,Protein::90,0
Durg::101,drug_target_interaction,Protein::744,0
Durg::13,drug_target_interaction,Protein::413,0
Durg::658,drug_target_interaction,Protein::380,0
Durg::641,drug_target_interaction,Protein::322,0
Durg::476,drug_target_interaction,Protein::151,0
Durg::411,drug_target_interaction,Protein::302,0
Durg::201,drug_target_interaction,Protein::423,0
Durg::521,drug_target_interaction,Protein::51,0
Durg::388,drug_target_interaction,Protein::1153,0
Durg::434,drug_target_interaction,Protein::485,0
Durg::102,drug_target_interaction,Protein::931,0
Durg::639,drug_target_interaction,Protein::45,0
Durg::95,drug_target_interaction,Protein::389,0
Durg::439,drug_target_interaction,Protein::81,0
Durg::239,drug_target_interaction,Protein::1155,0
Durg::565,drug_target_interaction,Protein::244,0
Durg::694,drug_target_interaction,Protein::322,0
Durg::580,drug_target_interaction,Protein::527,0
Durg::429,drug_target_interaction,Protein::243,0
Durg::130,drug_target_interaction,Protein::924,0
Durg::240,drug_target_interaction,Protein::242,0
Durg::436,drug_target_interaction,Protein::389,0
Durg::526,drug_target_interaction,Protein::1202,0
Durg::468,drug_target_interaction,Protein::720,0
Durg::66,drug_target_interaction,Protein::94,0
Durg::518,drug_target_interaction,Protein::783,0
Durg::393,drug_target_interaction,Protein::101,0
Durg::640,drug_target_interaction,Protein::408,0
Durg::168,drug_target_interaction,Protein::453,0
Durg::574,drug_target_interaction,Protein::117,0
Durg::433,drug_target_interaction,Protein::610,0
Durg::484,drug_target_interaction,Protein::62,0
Durg::160,drug_target_interaction,Protein::300,0
Durg::465,drug_target_interaction,Protein::663,0
Durg::84,drug_target_interaction,Protein::509,0
Durg::6,drug_target_interaction,Protein::183,0
Durg::255,drug_target_interaction,Protein::617,0
Durg::205,drug_target_interaction,Protein::625,0
Durg::575,drug_target_interaction,Protein::1170,0
Durg::232,drug_target_interaction,Protein::526,0
Durg::204,drug_target_interaction,Protein::778,0
Durg::291,drug_target_interaction,Protein::987,0
Durg::421,drug_target_interaction,Protein::142,0
Durg::507,drug_target_interaction,Protein::1162,0
Durg::672,drug_target_interaction,Protein::2,0
Durg::508,drug_target_interaction,Protein::515,0
Durg::445,drug_target_interaction,Protein::654,0
Durg::38,drug_target_interaction,Protein::648,0
Durg::61,drug_target_interaction,Protein::394,0
Durg::602,drug_target_interaction,Protein::127,0
Durg::19,drug_target_interaction,Protein::1162,0
Durg::239,drug_target_interaction,Protein::73,0
Durg::448,drug_target_interaction,Protein::854,0
Durg::221,drug_target_interaction,Protein::232,0
Durg::566,drug_target_interaction,Protein::487,0
Durg::610,drug_target_interaction,Protein::1150,0
Durg::74,drug_target_interaction,Protein::120,0
Durg::571,drug_target_interaction,Protein::859,0
Durg::693,drug_target_interaction,Protein::916,0
Durg::19,drug_target_interaction,Protein::470,0
Durg::236,drug_target_interaction,Protein::661,0
Durg::20,drug_target_interaction,Protein::1041,0
Durg::628,drug_target_interaction,Protein::200,0
Durg::128,drug_target_interaction,Protein::423,0
Durg::190,drug_target_interaction,Protein::1038,0
Durg::250,drug_target_interaction,Protein::124,0
Durg::118,drug_target_interaction,Protein::1148,0
Durg::240,drug_target_interaction,Protein::1185,0
Durg::375,drug_target_interaction,Protein::196,0
Durg::322,drug_target_interaction,Protein::322,0
Durg::419,drug_target_interaction,Protein::1183,0
Durg::312,drug_target_interaction,Protein::496,0
Durg::345,drug_target_interaction,Protein::114,0
Durg::634,drug_target_interaction,Protein::738,0
Durg::160,drug_target_interaction,Protein::260,0
Durg::96,drug_target_interaction,Protein::25,0
Durg::94,drug_target_interaction,Protein::689,0
Durg::77,drug_target_interaction,Protein::1011,0
Durg::400,drug_target_interaction,Protein::523,0
Durg::94,drug_target_interaction,Protein::418,0
Durg::319,drug_target_interaction,Protein::357,0
Durg::60,drug_target_interaction,Protein::223,0
Durg::230,drug_target_interaction,Protein::589,0
Durg::690,drug_target_interaction,Protein::588,0
Durg::426,drug_target_interaction,Protein::319,0
Durg::100,drug_target_interaction,Protein::681,0
Durg::376,drug_target_interaction,Protein::221,0
Durg::541,drug_target_interaction,Protein::853,0
Durg::406,drug_target_interaction,Protein::328,0
Durg::14,drug_target_interaction,Protein::856,0
Durg::484,drug_target_interaction,Protein::681,0
Durg::334,drug_target_interaction,Protein::247,0
Durg::365,drug_target_interaction,Protein::258,0
Durg::306,drug_target_interaction,Protein::985,0
Durg::285,drug_target_interaction,Protein::33,0
Durg::560,drug_target_interaction,Protein::94,0
Durg::147,drug_target_interaction,Protein::90,0
Durg::607,drug_target_interaction,Protein::1177,0
Durg::395,drug_target_interaction,Protein::140,0
Durg::94,drug_target_interaction,Protein::139,0
Durg::391,drug_target_interaction,Protein::113,0
Durg::567,drug_target_interaction,Protein::124,0
Durg::593,drug_target_interaction,Protein::264,0
Durg::264,drug_target_interaction,Protein::374,0
Durg::595,drug_target_interaction,Protein::523,0
Durg::697,drug_target_interaction,Protein::402,0
Durg::548,drug_target_interaction,Protein::360,0
Durg::627,drug_target_interaction,Protein::783,0
Durg::445,drug_target_interaction,Protein::42,0
Durg::233,drug_target_interaction,Protein::67,0
Durg::596,drug_target_interaction,Protein::814,0
Durg::71,drug_target_interaction,Protein::663,0
Durg::161,drug_target_interaction,Protein::279,0
Durg::596,drug_target_interaction,Protein::246,0
Durg::702,drug_target_interaction,Protein::413,0
Durg::232,drug_target_interaction,Protein::610,0
Durg::226,drug_target_interaction,Protein::1022,0
Durg::87,drug_target_interaction,Protein::625,0
Durg::109,drug_target_interaction,Protein::858,0
Durg::634,drug_target_interaction,Protein::1175,0
Durg::454,drug_target_interaction,Protein::83,0
Durg::461,drug_target_interaction,Protein::614,0
Durg::57,drug_target_interaction,Protein::194,0
Durg::224,drug_target_interaction,Protein::1173,0
Durg::692,drug_target_interaction,Protein::856,0
Durg::437,drug_target_interaction,Protein::319,0
Durg::380,drug_target_interaction,Protein::241,0
Durg::228,drug_target_interaction,Protein::10,0
Durg::535,drug_target_interaction,Protein::247,0
Durg::250,drug_target_interaction,Protein::1503,0
Durg::337,drug_target_interaction,Protein::295,0
Durg::667,drug_target_interaction,Protein::34,0
Durg::214,drug_target_interaction,Protein::108,0
Durg::669,drug_target_interaction,Protein::581,0
Durg::365,drug_target_interaction,Protein::138,0
Durg::559,drug_target_interaction,Protein::1146,0
Durg::13,drug_target_interaction,Protein::635,0
Durg::371,drug_target_interaction,Protein::264,0
Durg::312,drug_target_interaction,Protein::196,0
Durg::156,drug_target_interaction,Protein::1173,0
Durg::560,drug_target_interaction,Protein::203,0
Durg::236,drug_target_interaction,Protein::987,0
Durg::644,drug_target_interaction,Protein::218,0
Durg::489,drug_target_interaction,Protein::505,0
Durg::144,drug_target_interaction,Protein::400,0
Durg::552,drug_target_interaction,Protein::424,0
Durg::391,drug_target_interaction,Protein::696,0
Durg::238,drug_target_interaction,Protein::514,0
Durg::615,drug_target_interaction,Protein::90,0
Durg::86,drug_target_interaction,Protein::636,0
Durg::475,drug_target_interaction,Protein::113,0
Durg::459,drug_target_interaction,Protein::635,0
Durg::532,drug_target_interaction,Protein::309,0
Durg::115,drug_target_interaction,Protein::429,0
Durg::152,drug_target_interaction,Protein::991,0
Durg::233,drug_target_interaction,Protein::998,0
Durg::434,drug_target_interaction,Protein::164,0
Durg::265,drug_target_interaction,Protein::1175,0
Durg::291,drug_target_interaction,Protein::985,0
Durg::312,drug_target_interaction,Protein::1174,0
Durg::10,drug_target_interaction,Protein::60,0
Durg::214,drug_target_interaction,Protein::989,0
Durg::115,drug_target_interaction,Protein::722,0
Durg::542,drug_target_interaction,Protein::225,0
Durg::651,drug_target_interaction,Protein::636,0
Durg::496,drug_target_interaction,Protein::530,0
Durg::539,drug_target_interaction,Protein::526,0
Durg::584,drug_target_interaction,Protein::430,0
Durg::626,drug_target_interaction,Protein::89,0
Durg::49,drug_target_interaction,Protein::197,0
Durg::663,drug_target_interaction,Protein::243,0
Durg::25,drug_target_interaction,Protein::289,0
Durg::434,drug_target_interaction,Protein::424,0
Durg::624,drug_target_interaction,Protein::1066,0
Durg::338,drug_target_interaction,Protein::1503,0
Durg::493,drug_target_interaction,Protein::738,0
Durg::540,drug_target_interaction,Protein::661,0
Durg::613,drug_target_interaction,Protein::62,0
Durg::524,drug_target_interaction,Protein::614,0
Durg::428,drug_target_interaction,Protein::10,0
Durg::607,drug_target_interaction,Protein::106,0
Durg::406,drug_target_interaction,Protein::359,0
Durg::75,drug_target_interaction,Protein::497,0
Durg::245,drug_target_interaction,Protein::361,0
Durg::692,drug_target_interaction,Protein::90,0
Durg::182,drug_target_interaction,Protein::200,0
Durg::502,drug_target_interaction,Protein::221,0
Durg::54,drug_target_interaction,Protein::927,0
Durg::421,drug_target_interaction,Protein::82,0
Durg::63,drug_target_interaction,Protein::442,0
Durg::90,drug_target_interaction,Protein::1060,0
Durg::95,drug_target_interaction,Protein::26,0
Durg::183,drug_target_interaction,Protein::151,0
Durg::54,drug_target_interaction,Protein::512,0
Durg::427,drug_target_interaction,Protein::400,0
Durg::240,drug_target_interaction,Protein::340,0
Durg::483,drug_target_interaction,Protein::466,0
Durg::264,drug_target_interaction,Protein::346,0
Durg::4,drug_target_interaction,Protein::113,0
Durg::134,drug_target_interaction,Protein::588,0
Durg::567,drug_target_interaction,Protein::322,0
Durg::268,drug_target_interaction,Protein::440,0
Durg::27,drug_target_interaction,Protein::32,0
Durg::199,drug_target_interaction,Protein::569,0
Durg::671,drug_target_interaction,Protein::640,0
Durg::306,drug_target_interaction,Protein::442,0
Durg::277,drug_target_interaction,Protein::646,0
Durg::159,drug_target_interaction,Protein::346,0
Durg::217,drug_target_interaction,Protein::175,0
Durg::638,drug_target_interaction,Protein::259,0
Durg::19,drug_target_interaction,Protein::366,0
Durg::541,drug_target_interaction,Protein::1184,0
Durg::603,drug_target_interaction,Protein::266,0
Durg::299,drug_target_interaction,Protein::856,0
Durg::293,drug_target_interaction,Protein::242,0
Durg::678,drug_target_interaction,Protein::561,0
Durg::444,drug_target_interaction,Protein::726,0
Durg::663,drug_target_interaction,Protein::181,0
Durg::128,drug_target_interaction,Protein::359,0
Durg::247,drug_target_interaction,Protein::71,0
Durg::516,drug_target_interaction,Protein::271,0
Durg::408,drug_target_interaction,Protein::1150,0
Durg::650,drug_target_interaction,Protein::271,0
Durg::174,drug_target_interaction,Protein::81,0
Durg::229,drug_target_interaction,Protein::524,0
Durg::576,drug_target_interaction,Protein::1034,0
Durg::521,drug_target_interaction,Protein::266,0
Durg::459,drug_target_interaction,Protein::124,0
Durg::210,drug_target_interaction,Protein::1184,0
Durg::379,drug_target_interaction,Protein::426,0
Durg::95,drug_target_interaction,Protein::120,0
Durg::49,drug_target_interaction,Protein::181,0
Durg::147,drug_target_interaction,Protein::1160,0
Durg::500,drug_target_interaction,Protein::200,0
Durg::47,drug_target_interaction,Protein::389,0
Durg::612,drug_target_interaction,Protein::696,0
Durg::19,drug_target_interaction,Protein::271,0
Durg::427,drug_target_interaction,Protein::151,0
Durg::298,drug_target_interaction,Protein::390,0
Durg::592,drug_target_interaction,Protein::225,0
Durg::422,drug_target_interaction,Protein::1381,0
Durg::461,drug_target_interaction,Protein::694,0
Durg::175,drug_target_interaction,Protein::60,0
Durg::265,drug_target_interaction,Protein::106,0
Durg::136,drug_target_interaction,Protein::138,0
Durg::43,drug_target_interaction,Protein::18,0
Durg::427,drug_target_interaction,Protein::931,0
Durg::244,drug_target_interaction,Protein::433,0
Durg::171,drug_target_interaction,Protein::380,0
Durg::574,drug_target_interaction,Protein::34,0
Durg::250,drug_target_interaction,Protein::613,0
Durg::6,drug_target_interaction,Protein::67,0
Durg::524,drug_target_interaction,Protein::646,0
Durg::63,drug_target_interaction,Protein::296,0
Durg::441,drug_target_interaction,Protein::64,0
Durg::597,drug_target_interaction,Protein::42,0
Durg::428,drug_target_interaction,Protein::669,0
Durg::65,drug_target_interaction,Protein::94,0
Durg::552,drug_target_interaction,Protein::466,0
Durg::638,drug_target_interaction,Protein::990,0
Durg::278,drug_target_interaction,Protein::98,0
Durg::494,drug_target_interaction,Protein::1152,0
Durg::49,drug_target_interaction,Protein::1183,0
Durg::75,drug_target_interaction,Protein::160,0
Durg::559,drug_target_interaction,Protein::1010,0
Durg::181,drug_target_interaction,Protein::1166,0
Durg::108,drug_target_interaction,Protein::266,0
Durg::560,drug_target_interaction,Protein::364,0
Durg::475,drug_target_interaction,Protein::439,0
Durg::341,drug_target_interaction,Protein::528,0
Durg::381,drug_target_interaction,Protein::273,0
Durg::196,drug_target_interaction,Protein::466,0
Durg::603,drug_target_interaction,Protein::244,0
Durg::349,drug_target_interaction,Protein::1203,0
Durg::334,drug_target_interaction,Protein::996,0
Durg::183,drug_target_interaction,Protein::395,0
Durg::252,drug_target_interaction,Protein::1167,0
Durg::691,drug_target_interaction,Protein::335,0
Durg::371,drug_target_interaction,Protein::266,0
Durg::544,drug_target_interaction,Protein::857,0
Durg::520,drug_target_interaction,Protein::1152,0
Durg::638,drug_target_interaction,Protein::997,0
Durg::25,drug_target_interaction,Protein::143,0
Durg::102,drug_target_interaction,Protein::108,0
Durg::669,drug_target_interaction,Protein::1038,0
Durg::213,drug_target_interaction,Protein::327,0
Durg::671,drug_target_interaction,Protein::221,0
Durg::164,drug_target_interaction,Protein::225,0
Durg::660,drug_target_interaction,Protein::1506,0
Durg::557,drug_target_interaction,Protein::72,0
Durg::251,drug_target_interaction,Protein::817,0
Durg::477,drug_target_interaction,Protein::856,0
Durg::641,drug_target_interaction,Protein::689,0
Durg::160,drug_target_interaction,Protein::669,0
Durg::561,drug_target_interaction,Protein::1151,0
Durg::339,drug_target_interaction,Protein::722,0
Durg::283,drug_target_interaction,Protein::45,0
Durg::529,drug_target_interaction,Protein::493,0
Durg::486,drug_target_interaction,Protein::296,0
Durg::449,drug_target_interaction,Protein::40,0
Durg::31,drug_target_interaction,Protein::430,0
Durg::698,drug_target_interaction,Protein::142,0
Durg::254,drug_target_interaction,Protein::288,0
Durg::217,drug_target_interaction,Protein::143,0
Durg::465,drug_target_interaction,Protein::14,0
Durg::559,drug_target_interaction,Protein::1381,0
Durg::206,drug_target_interaction,Protein::259,0
Durg::128,drug_target_interaction,Protein::1188,0
Durg::497,drug_target_interaction,Protein::656,0
Durg::114,drug_target_interaction,Protein::1010,0
Durg::101,drug_target_interaction,Protein::485,0
Durg::181,drug_target_interaction,Protein::346,0
Durg::178,drug_target_interaction,Protein::1139,0
Durg::151,drug_target_interaction,Protein::106,0
Durg::350,drug_target_interaction,Protein::428,0
Durg::573,drug_target_interaction,Protein::141,0
Durg::329,drug_target_interaction,Protein::1187,0
Durg::640,drug_target_interaction,Protein::516,0
Durg::677,drug_target_interaction,Protein::570,0
Durg::49,drug_target_interaction,Protein::1022,0
Durg::49,drug_target_interaction,Protein::357,0
Durg::344,drug_target_interaction,Protein::1009,0
Durg::631,drug_target_interaction,Protein::42,0
Durg::62,drug_target_interaction,Protein::485,0
Durg::609,drug_target_interaction,Protein::395,0
Durg::286,drug_target_interaction,Protein::661,0
Durg::359,drug_target_interaction,Protein::509,0
Durg::436,drug_target_interaction,Protein::484,0
Durg::659,drug_target_interaction,Protein::1201,0
Durg::75,drug_target_interaction,Protein::648,0
Durg::315,drug_target_interaction,Protein::648,0
Durg::195,drug_target_interaction,Protein::94,0
Durg::622,drug_target_interaction,Protein::195,0
Durg::654,drug_target_interaction,Protein::175,0
Durg::457,drug_target_interaction,Protein::992,0
Durg::424,drug_target_interaction,Protein::241,0
Durg::64,drug_target_interaction,Protein::1160,0
Durg::588,drug_target_interaction,Protein::1167,0
Durg::516,drug_target_interaction,Protein::368,0
Durg::656,drug_target_interaction,Protein::430,0
Durg::132,drug_target_interaction,Protein::997,0
Durg::500,drug_target_interaction,Protein::509,0
Durg::34,drug_target_interaction,Protein::289,0
Durg::164,drug_target_interaction,Protein::853,0
Durg::240,drug_target_interaction,Protein::18,0
Durg::691,drug_target_interaction,Protein::475,0
Durg::374,drug_target_interaction,Protein::448,0
Durg::233,drug_target_interaction,Protein::484,0
Durg::660,drug_target_interaction,Protein::1185,0
Durg::461,drug_target_interaction,Protein::924,0
Durg::255,drug_target_interaction,Protein::509,0
Durg::444,drug_target_interaction,Protein::640,0
Durg::548,drug_target_interaction,Protein::640,0
Durg::613,drug_target_interaction,Protein::459,0
Durg::99,drug_target_interaction,Protein::422,0
Durg::355,drug_target_interaction,Protein::340,0
Durg::172,drug_target_interaction,Protein::43,0
Durg::338,drug_target_interaction,Protein::717,0
Durg::381,drug_target_interaction,Protein::513,0
Durg::499,drug_target_interaction,Protein::654,0
Durg::225,drug_target_interaction,Protein::439,0
Durg::424,drug_target_interaction,Protein::246,0
Durg::686,drug_target_interaction,Protein::241,0
Durg::153,drug_target_interaction,Protein::450,0
Durg::542,drug_target_interaction,Protein::998,0
Durg::498,drug_target_interaction,Protein::196,0
Durg::180,drug_target_interaction,Protein::242,0
Durg::203,drug_target_interaction,Protein::486,0
Durg::89,drug_target_interaction,Protein::720,0
Durg::333,drug_target_interaction,Protein::1180,0
Durg::682,drug_target_interaction,Protein::271,0
Durg::564,drug_target_interaction,Protein::995,0
Durg::548,drug_target_interaction,Protein::138,0
Durg::26,drug_target_interaction,Protein::709,0
Durg::374,drug_target_interaction,Protein::1175,0
Durg::693,drug_target_interaction,Protein::32,0
Durg::677,drug_target_interaction,Protein::2,0
Durg::125,drug_target_interaction,Protein::817,0
Durg::514,drug_target_interaction,Protein::364,0
Durg::272,drug_target_interaction,Protein::681,0
Durg::395,drug_target_interaction,Protein::143,0
Durg::41,drug_target_interaction,Protein::322,0
Durg::78,drug_target_interaction,Protein::144,0
Durg::691,drug_target_interaction,Protein::674,0
Durg::507,drug_target_interaction,Protein::28,0
Durg::401,drug_target_interaction,Protein::6,0
Durg::346,drug_target_interaction,Protein::426,0
Durg::102,drug_target_interaction,Protein::472,0
Durg::601,drug_target_interaction,Protein::860,0
Durg::707,drug_target_interaction,Protein::1041,0
Durg::285,drug_target_interaction,Protein::998,0
Durg::369,drug_target_interaction,Protein::428,0
Durg::457,drug_target_interaction,Protein::364,0
Durg::163,drug_target_interaction,Protein::106,0
Durg::645,drug_target_interaction,Protein::646,0
Durg::314,drug_target_interaction,Protein::1055,0
Durg::299,drug_target_interaction,Protein::75,0
Durg::689,drug_target_interaction,Protein::84,0
Durg::466,drug_target_interaction,Protein::320,0
Durg::180,drug_target_interaction,Protein::160,0
Durg::201,drug_target_interaction,Protein::546,0
Durg::146,drug_target_interaction,Protein::470,0
Durg::606,drug_target_interaction,Protein::1169,0
Durg::432,drug_target_interaction,Protein::232,0
Durg::234,drug_target_interaction,Protein::207,0
Durg::363,drug_target_interaction,Protein::140,0
Durg::696,drug_target_interaction,Protein::1183,0
Durg::695,drug_target_interaction,Protein::486,0
Durg::594,drug_target_interaction,Protein::1375,0
Durg::550,drug_target_interaction,Protein::225,0
Durg::78,drug_target_interaction,Protein::991,0
Durg::474,drug_target_interaction,Protein::360,0
Durg::222,drug_target_interaction,Protein::264,0
Durg::63,drug_target_interaction,Protein::509,0
Durg::588,drug_target_interaction,Protein::423,0
Durg::469,drug_target_interaction,Protein::996,0
Durg::617,drug_target_interaction,Protein::1139,0
Durg::466,drug_target_interaction,Protein::483,0
Durg::389,drug_target_interaction,Protein::569,0
Durg::677,drug_target_interaction,Protein::1167,0
Durg::384,drug_target_interaction,Protein::140,0
Durg::287,drug_target_interaction,Protein::435,0
Durg::639,drug_target_interaction,Protein::189,0
Durg::146,drug_target_interaction,Protein::424,0
Durg::281,drug_target_interaction,Protein::1055,0
Durg::54,drug_target_interaction,Protein::856,0
Durg::228,drug_target_interaction,Protein::854,0
Durg::224,drug_target_interaction,Protein::442,0
Durg::253,drug_target_interaction,Protein::296,0
Durg::168,drug_target_interaction,Protein::605,0
Durg::655,drug_target_interaction,Protein::637,0
Durg::38,drug_target_interaction,Protein::136,0
Durg::99,drug_target_interaction,Protein::140,0
Durg::189,drug_target_interaction,Protein::717,0
Durg::341,drug_target_interaction,Protein::483,0
Durg::508,drug_target_interaction,Protein::998,0
Durg::261,drug_target_interaction,Protein::242,0
Durg::574,drug_target_interaction,Protein::670,0
Durg::654,drug_target_interaction,Protein::624,0
Durg::388,drug_target_interaction,Protein::427,0
Durg::170,drug_target_interaction,Protein::516,0
Durg::570,drug_target_interaction,Protein::424,0
Durg::92,drug_target_interaction,Protein::994,0
Durg::565,drug_target_interaction,Protein::1029,0
Durg::496,drug_target_interaction,Protein::170,0
Durg::23,drug_target_interaction,Protein::694,0
Durg::680,drug_target_interaction,Protein::225,0
Durg::391,drug_target_interaction,Protein::984,0
Durg::393,drug_target_interaction,Protein::149,0
Durg::13,drug_target_interaction,Protein::459,0
Durg::99,drug_target_interaction,Protein::1504,0
Durg::394,drug_target_interaction,Protein::1166,0
Durg::622,drug_target_interaction,Protein::493,0
Durg::46,drug_target_interaction,Protein::486,0
Durg::233,drug_target_interaction,Protein::512,0
Durg::371,drug_target_interaction,Protein::99,0
Durg::164,drug_target_interaction,Protein::1299,0
Durg::690,drug_target_interaction,Protein::1152,0
Durg::317,drug_target_interaction,Protein::335,0
Durg::232,drug_target_interaction,Protein::1188,0
Durg::545,drug_target_interaction,Protein::588,0
Durg::494,drug_target_interaction,Protein::1174,0
Durg::613,drug_target_interaction,Protein::247,0
Durg::344,drug_target_interaction,Protein::117,0
Durg::599,drug_target_interaction,Protein::18,0
Durg::372,drug_target_interaction,Protein::201,0
Durg::685,drug_target_interaction,Protein::51,0
Durg::19,drug_target_interaction,Protein::34,0
Durg::534,drug_target_interaction,Protein::310,0
Durg::445,drug_target_interaction,Protein::413,0
Durg::319,drug_target_interaction,Protein::549,0
Durg::656,drug_target_interaction,Protein::183,0
Durg::71,drug_target_interaction,Protein::1174,0
Durg::367,drug_target_interaction,Protein::1201,0
Durg::259,drug_target_interaction,Protein::442,0
Durg::19,drug_target_interaction,Protein::39,0
Durg::609,drug_target_interaction,Protein::515,0
Durg::655,drug_target_interaction,Protein::260,0
Durg::436,drug_target_interaction,Protein::197,0
Durg::147,drug_target_interaction,Protein::272,0
Durg::703,drug_target_interaction,Protein::922,0
Durg::695,drug_target_interaction,Protein::51,0
Durg::254,drug_target_interaction,Protein::986,0
Durg::695,drug_target_interaction,Protein::1155,0
Durg::93,drug_target_interaction,Protein::987,0
Durg::82,drug_target_interaction,Protein::263,0
Durg::542,drug_target_interaction,Protein::98,0
Durg::374,drug_target_interaction,Protein::423,0
Durg::176,drug_target_interaction,Protein::271,0
Durg::252,drug_target_interaction,Protein::466,0
Durg::552,drug_target_interaction,Protein::528,0
Durg::571,drug_target_interaction,Protein::248,0
Durg::273,drug_target_interaction,Protein::461,0
Durg::357,drug_target_interaction,Protein::295,0
Durg::46,drug_target_interaction,Protein::360,0
Durg::71,drug_target_interaction,Protein::1179,0
Durg::377,drug_target_interaction,Protein::1375,0
Durg::269,drug_target_interaction,Protein::1174,0
Durg::441,drug_target_interaction,Protein::421,0
Durg::346,drug_target_interaction,Protein::991,0
Durg::432,drug_target_interaction,Protein::1029,0
Durg::630,drug_target_interaction,Protein::988,0
Durg::273,drug_target_interaction,Protein::208,0
Durg::409,drug_target_interaction,Protein::340,0
Durg::508,drug_target_interaction,Protein::1188,0
Durg::567,drug_target_interaction,Protein::442,0
Durg::421,drug_target_interaction,Protein::485,0
Durg::109,drug_target_interaction,Protein::589,0
Durg::587,drug_target_interaction,Protein::112,0
Durg::535,drug_target_interaction,Protein::487,0
Durg::266,drug_target_interaction,Protein::1172,0
Durg::292,drug_target_interaction,Protein::1184,0
Durg::9,drug_target_interaction,Protein::34,0
Durg::180,drug_target_interaction,Protein::720,0
Durg::188,drug_target_interaction,Protein::1161,0
Durg::10,drug_target_interaction,Protein::487,0
Durg::542,drug_target_interaction,Protein::383,0
Durg::566,drug_target_interaction,Protein::922,0
Durg::144,drug_target_interaction,Protein::1183,0
Durg::634,drug_target_interaction,Protein::6,0
Durg::698,drug_target_interaction,Protein::614,0
Durg::634,drug_target_interaction,Protein::309,0
Durg::405,drug_target_interaction,Protein::470,0
Durg::535,drug_target_interaction,Protein::401,0
Durg::306,drug_target_interaction,Protein::289,0
Durg::518,drug_target_interaction,Protein::121,0
Durg::593,drug_target_interaction,Protein::40,0
Durg::521,drug_target_interaction,Protein::327,0
Durg::654,drug_target_interaction,Protein::260,0
Durg::23,drug_target_interaction,Protein::470,0
Durg::82,drug_target_interaction,Protein::335,0
Durg::341,drug_target_interaction,Protein::605,0
Durg::176,drug_target_interaction,Protein::518,0
Durg::159,drug_target_interaction,Protein::300,0
Durg::495,drug_target_interaction,Protein::448,0
Durg::645,drug_target_interaction,Protein::82,0
Durg::126,drug_target_interaction,Protein::424,0
Durg::431,drug_target_interaction,Protein::31,0
Durg::348,drug_target_interaction,Protein::317,0
Durg::341,drug_target_interaction,Protein::1000,0
Durg::182,drug_target_interaction,Protein::421,0
Durg::180,drug_target_interaction,Protein::258,0
Durg::195,drug_target_interaction,Protein::778,0
Durg::35,drug_target_interaction,Protein::1167,0
Durg::110,drug_target_interaction,Protein::931,0
Durg::251,drug_target_interaction,Protein::247,0
Durg::616,drug_target_interaction,Protein::197,0
Durg::279,drug_target_interaction,Protein::570,0
Durg::572,drug_target_interaction,Protein::453,0
Durg::409,drug_target_interaction,Protein::73,0
Durg::308,drug_target_interaction,Protein::737,0
Durg::24,drug_target_interaction,Protein::992,0
Durg::652,drug_target_interaction,Protein::2,0
Durg::71,drug_target_interaction,Protein::394,0
Durg::280,drug_target_interaction,Protein::311,0
Durg::514,drug_target_interaction,Protein::1172,0
Durg::211,drug_target_interaction,Protein::290,0
Durg::197,drug_target_interaction,Protein::570,0
Durg::69,drug_target_interaction,Protein::300,0
Durg::395,drug_target_interaction,Protein::657,0
Durg::210,drug_target_interaction,Protein::315,0
Durg::671,drug_target_interaction,Protein::196,0
Durg::550,drug_target_interaction,Protein::528,0
Durg::153,drug_target_interaction,Protein::1151,0
Durg::102,drug_target_interaction,Protein::151,0
Durg::590,drug_target_interaction,Protein::486,0
Durg::698,drug_target_interaction,Protein::852,0
Durg::621,drug_target_interaction,Protein::320,0
Durg::683,drug_target_interaction,Protein::1203,0
Durg::616,drug_target_interaction,Protein::523,0
Durg::660,drug_target_interaction,Protein::674,0
Durg::281,drug_target_interaction,Protein::67,0
Durg::557,drug_target_interaction,Protein::554,0
Durg::579,drug_target_interaction,Protein::160,0
Durg::63,drug_target_interaction,Protein::19,0
Durg::280,drug_target_interaction,Protein::291,0
Durg::181,drug_target_interaction,Protein::327,0
Durg::170,drug_target_interaction,Protein::265,0
Durg::156,drug_target_interaction,Protein::327,0
Durg::93,drug_target_interaction,Protein::81,0
Durg::170,drug_target_interaction,Protein::246,0
Durg::459,drug_target_interaction,Protein::1000,0
Durg::35,drug_target_interaction,Protein::657,0
Durg::641,drug_target_interaction,Protein::514,0
Durg::269,drug_target_interaction,Protein::1146,0
Durg::373,drug_target_interaction,Protein::25,0
Durg::503,drug_target_interaction,Protein::466,0
Durg::144,drug_target_interaction,Protein::514,0
Durg::382,drug_target_interaction,Protein::127,0
Durg::459,drug_target_interaction,Protein::390,0
Durg::321,drug_target_interaction,Protein::141,0
Durg::455,drug_target_interaction,Protein::14,0
Durg::335,drug_target_interaction,Protein::497,0
Durg::62,drug_target_interaction,Protein::138,0
Durg::10,drug_target_interaction,Protein::225,0
Durg::625,drug_target_interaction,Protein::424,0
Durg::145,drug_target_interaction,Protein::1196,0
Durg::630,drug_target_interaction,Protein::814,0
Durg::618,drug_target_interaction,Protein::661,0
Durg::463,drug_target_interaction,Protein::681,0
Durg::505,drug_target_interaction,Protein::89,0
Durg::584,drug_target_interaction,Protein::916,0
Durg::49,drug_target_interaction,Protein::45,0
Durg::65,drug_target_interaction,Protein::1166,0
Durg::365,drug_target_interaction,Protein::486,0
Durg::488,drug_target_interaction,Protein::134,0
Durg::550,drug_target_interaction,Protein::1506,0
Durg::588,drug_target_interaction,Protein::123,0
Durg::102,drug_target_interaction,Protein::1148,0
Durg::506,drug_target_interaction,Protein::1179,0
Durg::364,drug_target_interaction,Protein::854,0
Durg::575,drug_target_interaction,Protein::1164,0
Durg::570,drug_target_interaction,Protein::346,0
Durg::617,drug_target_interaction,Protein::475,0
Durg::250,drug_target_interaction,Protein::328,0
Durg::677,drug_target_interaction,Protein::407,0
Durg::454,drug_target_interaction,Protein::85,0
Durg::182,drug_target_interaction,Protein::302,0
Durg::271,drug_target_interaction,Protein::916,0
Durg::171,drug_target_interaction,Protein::421,0
Durg::214,drug_target_interaction,Protein::995,0
Durg::244,drug_target_interaction,Protein::997,0
Durg::72,drug_target_interaction,Protein::440,0
Durg::592,drug_target_interaction,Protein::6,0
Durg::504,drug_target_interaction,Protein::335,0
Durg::334,drug_target_interaction,Protein::364,0
Durg::383,drug_target_interaction,Protein::1196,0
Durg::413,drug_target_interaction,Protein::263,0
Durg::660,drug_target_interaction,Protein::984,0
Durg::606,drug_target_interaction,Protein::7,0
Durg::427,drug_target_interaction,Protein::773,0
Durg::535,drug_target_interaction,Protein::40,0
Durg::668,drug_target_interaction,Protein::924,0
Durg::573,drug_target_interaction,Protein::647,0
Durg::148,drug_target_interaction,Protein::998,0
Durg::251,drug_target_interaction,Protein::545,0
Durg::279,drug_target_interaction,Protein::605,0
Durg::505,drug_target_interaction,Protein::13,0
Durg::259,drug_target_interaction,Protein::366,0
Durg::36,drug_target_interaction,Protein::335,0
Durg::404,drug_target_interaction,Protein::472,0
Durg::148,drug_target_interaction,Protein::357,0
Durg::264,drug_target_interaction,Protein::460,0
Durg::618,drug_target_interaction,Protein::429,0
Durg::575,drug_target_interaction,Protein::51,0
Durg::586,drug_target_interaction,Protein::453,0
Durg::42,drug_target_interaction,Protein::243,0
Durg::364,drug_target_interaction,Protein::989,0
Durg::112,drug_target_interaction,Protein::88,0
Durg::42,drug_target_interaction,Protein::1164,0
Durg::14,drug_target_interaction,Protein::995,0
Durg::363,drug_target_interaction,Protein::986,0
Durg::506,drug_target_interaction,Protein::636,0
Durg::450,drug_target_interaction,Protein::1000,0
Durg::338,drug_target_interaction,Protein::196,0
Durg::567,drug_target_interaction,Protein::1166,0
Durg::637,drug_target_interaction,Protein::266,0
Durg::404,drug_target_interaction,Protein::1066,0
Durg::561,drug_target_interaction,Protein::13,0
Durg::370,drug_target_interaction,Protein::170,0
Durg::559,drug_target_interaction,Protein::426,0
Durg::409,drug_target_interaction,Protein::452,0
Durg::698,drug_target_interaction,Protein::514,0
Durg::429,drug_target_interaction,Protein::1000,0
Durg::286,drug_target_interaction,Protein::1184,0
Durg::392,drug_target_interaction,Protein::40,0
Durg::308,drug_target_interaction,Protein::514,0
Durg::366,drug_target_interaction,Protein::135,0
Durg::695,drug_target_interaction,Protein::526,0
Durg::167,drug_target_interaction,Protein::114,0
Durg::68,drug_target_interaction,Protein::665,0
Durg::272,drug_target_interaction,Protein::853,0
Durg::540,drug_target_interaction,Protein::340,0
Durg::703,drug_target_interaction,Protein::637,0
Durg::63,drug_target_interaction,Protein::1010,0
Durg::42,drug_target_interaction,Protein::1179,0
Durg::594,drug_target_interaction,Protein::395,0
Durg::471,drug_target_interaction,Protein::814,0
Durg::148,drug_target_interaction,Protein::315,0
Durg::227,drug_target_interaction,Protein::207,0
Durg::357,drug_target_interaction,Protein::852,0
Durg::341,drug_target_interaction,Protein::13,0
Durg::625,drug_target_interaction,Protein::121,0
Durg::144,drug_target_interaction,Protein::320,0
Durg::264,drug_target_interaction,Protein::390,0
Durg::675,drug_target_interaction,Protein::466,0
Durg::424,drug_target_interaction,Protein::665,0
Durg::410,drug_target_interaction,Protein::563,0
Durg::290,drug_target_interaction,Protein::694,0
Durg::441,drug_target_interaction,Protein::13,0
Durg::266,drug_target_interaction,Protein::196,0
Durg::125,drug_target_interaction,Protein::1167,0
Durg::30,drug_target_interaction,Protein::720,0
Durg::54,drug_target_interaction,Protein::144,0
Durg::176,drug_target_interaction,Protein::138,0
Durg::52,drug_target_interaction,Protein::1169,0
Durg::93,drug_target_interaction,Protein::663,0
Durg::271,drug_target_interaction,Protein::51,0
Durg::654,drug_target_interaction,Protein::1000,0
Durg::2,drug_target_interaction,Protein::207,0
Durg::441,drug_target_interaction,Protein::155,0
Durg::537,drug_target_interaction,Protein::538,0
Durg::655,drug_target_interaction,Protein::322,0
Durg::460,drug_target_interaction,Protein::317,0
Durg::346,drug_target_interaction,Protein::243,0
Durg::380,drug_target_interaction,Protein::112,0
Durg::26,drug_target_interaction,Protein::569,0
Durg::232,drug_target_interaction,Protein::459,0
Durg::615,drug_target_interaction,Protein::243,0
Durg::546,drug_target_interaction,Protein::98,0
Durg::77,drug_target_interaction,Protein::208,0
Durg::358,drug_target_interaction,Protein::726,0
Durg::189,drug_target_interaction,Protein::208,0
Durg::379,drug_target_interaction,Protein::408,0
Durg::179,drug_target_interaction,Protein::859,0
Durg::521,drug_target_interaction,Protein::362,0
Durg::404,drug_target_interaction,Protein::295,0
Durg::423,drug_target_interaction,Protein::569,0
Durg::266,drug_target_interaction,Protein::1029,0
Durg::319,drug_target_interaction,Protein::1173,0
Durg::137,drug_target_interaction,Protein::526,0
Durg::694,drug_target_interaction,Protein::85,0
Durg::152,drug_target_interaction,Protein::32,0
Durg::553,drug_target_interaction,Protein::613,0
Durg::492,drug_target_interaction,Protein::151,0
Durg::214,drug_target_interaction,Protein::175,0
Durg::610,drug_target_interaction,Protein::613,0
Durg::349,drug_target_interaction,Protein::605,0
Durg::425,drug_target_interaction,Protein::486,0
Durg::286,drug_target_interaction,Protein::366,0
Durg::168,drug_target_interaction,Protein::745,0
Durg::275,drug_target_interaction,Protein::311,0
Durg::621,drug_target_interaction,Protein::996,0
Durg::110,drug_target_interaction,Protein::289,0
Durg::606,drug_target_interaction,Protein::261,0
Durg::156,drug_target_interaction,Protein::642,0
Durg::206,drug_target_interaction,Protein::448,0
Durg::301,drug_target_interaction,Protein::401,0
Durg::494,drug_target_interaction,Protein::136,0
Durg::3,drug_target_interaction,Protein::1167,0
Durg::493,drug_target_interaction,Protein::127,0
Durg::520,drug_target_interaction,Protein::48,0
Durg::281,drug_target_interaction,Protein::442,0
Durg::28,drug_target_interaction,Protein::309,0
Durg::625,drug_target_interaction,Protein::43,0
Durg::658,drug_target_interaction,Protein::583,0
Durg::93,drug_target_interaction,Protein::675,0
Durg::528,drug_target_interaction,Protein::485,0
Durg::431,drug_target_interaction,Protein::989,0
Durg::165,drug_target_interaction,Protein::62,0
Durg::480,drug_target_interaction,Protein::13,0
Durg::283,drug_target_interaction,Protein::589,0
Durg::350,drug_target_interaction,Protein::1187,0
Durg::283,drug_target_interaction,Protein::322,0
Durg::49,drug_target_interaction,Protein::48,0
Durg::421,drug_target_interaction,Protein::141,0
Durg::196,drug_target_interaction,Protein::1138,0
Durg::423,drug_target_interaction,Protein::613,0
Durg::425,drug_target_interaction,Protein::1187,0
Durg::529,drug_target_interaction,Protein::1506,0
Durg::394,drug_target_interaction,Protein::34,0
Durg::446,drug_target_interaction,Protein::31,0
Durg::409,drug_target_interaction,Protein::26,0
Durg::298,drug_target_interaction,Protein::996,0
Durg::593,drug_target_interaction,Protein::689,0
Durg::522,drug_target_interaction,Protein::621,0
Durg::333,drug_target_interaction,Protein::1299,0
Durg::393,drug_target_interaction,Protein::1155,0
Durg::16,drug_target_interaction,Protein::745,0
Durg::97,drug_target_interaction,Protein::78,0
Durg::516,drug_target_interaction,Protein::151,0
Durg::692,drug_target_interaction,Protein::155,0
Durg::516,drug_target_interaction,Protein::71,0
Durg::585,drug_target_interaction,Protein::459,0
Durg::134,drug_target_interaction,Protein::1299,0
Durg::17,drug_target_interaction,Protein::340,0
Durg::278,drug_target_interaction,Protein::429,0
Durg::419,drug_target_interaction,Protein::1011,0
Durg::159,drug_target_interaction,Protein::139,0
Durg::388,drug_target_interaction,Protein::1162,0
Durg::587,drug_target_interaction,Protein::654,0
Durg::697,drug_target_interaction,Protein::259,0
Durg::431,drug_target_interaction,Protein::449,0
Durg::434,drug_target_interaction,Protein::1152,0
Durg::34,drug_target_interaction,Protein::727,0
Durg::172,drug_target_interaction,Protein::1177,0
Durg::6,drug_target_interaction,Protein::916,0
Durg::549,drug_target_interaction,Protein::647,0
Durg::265,drug_target_interaction,Protein::112,0
Durg::383,drug_target_interaction,Protein::486,0
Durg::32,drug_target_interaction,Protein::636,0
Durg::327,drug_target_interaction,Protein::1203,0
Durg::694,drug_target_interaction,Protein::674,0
Durg::369,drug_target_interaction,Protein::477,0
Durg::101,drug_target_interaction,Protein::1502,0
Durg::459,drug_target_interaction,Protein::538,0
Durg::477,drug_target_interaction,Protein::1009,0
Durg::471,drug_target_interaction,Protein::327,0
Durg::610,drug_target_interaction,Protein::493,0
Durg::459,drug_target_interaction,Protein::524,0
Durg::195,drug_target_interaction,Protein::2,0
Durg::311,drug_target_interaction,Protein::346,0
Durg::393,drug_target_interaction,Protein::1151,0
Durg::443,drug_target_interaction,Protein::276,0
Durg::294,drug_target_interaction,Protein::83,0
Durg::277,drug_target_interaction,Protein::640,0
Durg::522,drug_target_interaction,Protein::449,0
Durg::194,drug_target_interaction,Protein::296,0
Durg::291,drug_target_interaction,Protein::625,0
Durg::357,drug_target_interaction,Protein::640,0
Durg::319,drug_target_interaction,Protein::340,0
Durg::574,drug_target_interaction,Protein::993,0
Durg::273,drug_target_interaction,Protein::859,0
Durg::366,drug_target_interaction,Protein::78,0
Durg::228,drug_target_interaction,Protein::573,0
Durg::370,drug_target_interaction,Protein::422,0
Durg::509,drug_target_interaction,Protein::665,0
Durg::230,drug_target_interaction,Protein::302,0
Durg::309,drug_target_interaction,Protein::83,0
Durg::16,drug_target_interaction,Protein::10,0
Durg::68,drug_target_interaction,Protein::588,0
Durg::426,drug_target_interaction,Protein::189,0
Durg::459,drug_target_interaction,Protein::485,0
Durg::613,drug_target_interaction,Protein::42,0
Durg::363,drug_target_interaction,Protein::486,0
Durg::590,drug_target_interaction,Protein::395,0
Durg::622,drug_target_interaction,Protein::260,0
Durg::116,drug_target_interaction,Protein::319,0
Durg::194,drug_target_interaction,Protein::514,0
Durg::329,drug_target_interaction,Protein::300,0
Durg::655,drug_target_interaction,Protein::856,0
Durg::349,drug_target_interaction,Protein::613,0
Durg::35,drug_target_interaction,Protein::195,0
Durg::698,drug_target_interaction,Protein::985,0
Durg::468,drug_target_interaction,Protein::493,0
Durg::23,drug_target_interaction,Protein::288,0
Durg::462,drug_target_interaction,Protein::518,0
Durg::640,drug_target_interaction,Protein::33,0
Durg::603,drug_target_interaction,Protein::450,0
Durg::152,drug_target_interaction,Protein::14,0
Durg::550,drug_target_interaction,Protein::466,0
Durg::585,drug_target_interaction,Protein::1161,0
Durg::236,drug_target_interaction,Protein::523,0
Durg::66,drug_target_interaction,Protein::327,0
Durg::120,drug_target_interaction,Protein::738,0
Durg::634,drug_target_interaction,Protein::1164,0
Durg::9,drug_target_interaction,Protein::574,0
Durg::523,drug_target_interaction,Protein::428,0
Durg::103,drug_target_interaction,Protein::328,0
Durg::536,drug_target_interaction,Protein::642,0
Durg::413,drug_target_interaction,Protein::859,0
Durg::220,drug_target_interaction,Protein::296,0
Durg::376,drug_target_interaction,Protein::817,0
Durg::110,drug_target_interaction,Protein::661,0
Durg::702,drug_target_interaction,Protein::25,0
Durg::38,drug_target_interaction,Protein::1153,0
Durg::210,drug_target_interaction,Protein::526,0
Durg::202,drug_target_interaction,Protein::309,0
Durg::163,drug_target_interaction,Protein::610,0
Durg::615,drug_target_interaction,Protein::389,0
Durg::418,drug_target_interaction,Protein::1172,0
Durg::356,drug_target_interaction,Protein::123,0
Durg::181,drug_target_interaction,Protein::218,0
Durg::221,drug_target_interaction,Protein::1160,0
Durg::672,drug_target_interaction,Protein::637,0
Durg::123,drug_target_interaction,Protein::1009,0
Durg::613,drug_target_interaction,Protein::1148,0
Durg::224,drug_target_interaction,Protein::358,0
Durg::460,drug_target_interaction,Protein::495,0
Durg::395,drug_target_interaction,Protein::786,0
Durg::384,drug_target_interaction,Protein::526,0
Durg::637,drug_target_interaction,Protein::528,0
Durg::602,drug_target_interaction,Protein::368,0
Durg::450,drug_target_interaction,Protein::60,0
Durg::474,drug_target_interaction,Protein::13,0
Durg::432,drug_target_interaction,Protein::264,0
Durg::682,drug_target_interaction,Protein::1176,0
Durg::432,drug_target_interaction,Protein::530,0
Durg::465,drug_target_interaction,Protein::727,0
Durg::373,drug_target_interaction,Protein::1174,0
Durg::49,drug_target_interaction,Protein::786,0
Durg::371,drug_target_interaction,Protein::1202,0
Durg::502,drug_target_interaction,Protein::312,0
Durg::593,drug_target_interaction,Protein::85,0
Durg::321,drug_target_interaction,Protein::149,0
Durg::655,drug_target_interaction,Protein::340,0
Durg::502,drug_target_interaction,Protein::814,0
Durg::368,drug_target_interaction,Protein::327,0
Durg::324,drug_target_interaction,Protein::568,0
Durg::645,drug_target_interaction,Protein::1148,0
Durg::366,drug_target_interaction,Protein::927,0
Durg::376,drug_target_interaction,Protein::83,0
Durg::392,drug_target_interaction,Protein::142,0
Durg::9,drug_target_interaction,Protein::261,0
Durg::697,drug_target_interaction,Protein::185,0
Durg::319,drug_target_interaction,Protein::413,0
Durg::363,drug_target_interaction,Protein::124,0
Durg::174,drug_target_interaction,Protein::67,0
Durg::441,drug_target_interaction,Protein::985,0
Durg::277,drug_target_interaction,Protein::987,0
Durg::621,drug_target_interaction,Protein::330,0
Durg::366,drug_target_interaction,Protein::407,0
Durg::600,drug_target_interaction,Protein::183,0
Durg::377,drug_target_interaction,Protein::1172,0
Durg::293,drug_target_interaction,Protein::138,0
Durg::596,drug_target_interaction,Protein::1146,0
Durg::656,drug_target_interaction,Protein::1173,0
Durg::573,drug_target_interaction,Protein::340,0
Durg::473,drug_target_interaction,Protein::81,0
Durg::565,drug_target_interaction,Protein::720,0
Durg::88,drug_target_interaction,Protein::78,0
Durg::337,drug_target_interaction,Protein::28,0
Durg::696,drug_target_interaction,Protein::574,0
Durg::71,drug_target_interaction,Protein::1181,0
Durg::704,drug_target_interaction,Protein::99,0
Durg::611,drug_target_interaction,Protein::727,0
Durg::194,drug_target_interaction,Protein::108,0
Durg::243,drug_target_interaction,Protein::783,0
Durg::271,drug_target_interaction,Protein::1034,0
Durg::626,drug_target_interaction,Protein::240,0
Durg::303,drug_target_interaction,Protein::144,0
Durg::535,drug_target_interaction,Protein::663,0
Durg::164,drug_target_interaction,Protein::19,0
Durg::140,drug_target_interaction,Protein::720,0
Durg::309,drug_target_interaction,Protein::470,0
Durg::308,drug_target_interaction,Protein::196,0
Durg::484,drug_target_interaction,Protein::362,0
Durg::545,drug_target_interaction,Protein::654,0
Durg::678,drug_target_interaction,Protein::258,0
Durg::536,drug_target_interaction,Protein::340,0
Durg::473,drug_target_interaction,Protein::675,0
Durg::285,drug_target_interaction,Protein::493,0
Durg::221,drug_target_interaction,Protein::524,0
Durg::592,drug_target_interaction,Protein::389,0
Durg::90,drug_target_interaction,Protein::242,0
Durg::466,drug_target_interaction,Protein::998,0
Durg::31,drug_target_interaction,Protein::244,0
Durg::213,drug_target_interaction,Protein::390,0
Durg::52,drug_target_interaction,Protein::360,0
Durg::146,drug_target_interaction,Protein::635,0
Durg::62,drug_target_interaction,Protein::852,0
Durg::592,drug_target_interaction,Protein::196,0
Durg::90,drug_target_interaction,Protein::12,0
Durg::165,drug_target_interaction,Protein::290,0
Durg::611,drug_target_interaction,Protein::273,0
Durg::311,drug_target_interaction,Protein::854,0
Durg::499,drug_target_interaction,Protein::984,0
Durg::22,drug_target_interaction,Protein::90,0
Durg::565,drug_target_interaction,Protein::669,0
Durg::343,drug_target_interaction,Protein::817,0
Durg::376,drug_target_interaction,Protein::248,0
Durg::526,drug_target_interaction,Protein::993,0
Durg::62,drug_target_interaction,Protein::311,0
Durg::225,drug_target_interaction,Protein::1166,0
Durg::308,drug_target_interaction,Protein::1381,0
Durg::27,drug_target_interaction,Protein::42,0
Durg::272,drug_target_interaction,Protein::924,0
Durg::488,drug_target_interaction,Protein::138,0
Durg::460,drug_target_interaction,Protein::475,0
Durg::410,drug_target_interaction,Protein::617,0
Durg::444,drug_target_interaction,Protein::1011,0
Durg::262,drug_target_interaction,Protein::1155,0
Durg::260,drug_target_interaction,Protein::319,0
Durg::459,drug_target_interaction,Protein::991,0
Durg::434,drug_target_interaction,Protein::453,0
Durg::174,drug_target_interaction,Protein::453,0
Durg::289,drug_target_interaction,Protein::12,0
Durg::30,drug_target_interaction,Protein::439,0
Durg::9,drug_target_interaction,Protein::940,0
Durg::372,drug_target_interaction,Protein::675,0
Durg::95,drug_target_interaction,Protein::377,0
Durg::483,drug_target_interaction,Protein::614,0
Durg::292,drug_target_interaction,Protein::83,0
Durg::651,drug_target_interaction,Protein::1060,0
Durg::185,drug_target_interaction,Protein::279,0
Durg::68,drug_target_interaction,Protein::266,0
Durg::408,drug_target_interaction,Protein::931,0
Durg::504,drug_target_interaction,Protein::200,0
Durg::612,drug_target_interaction,Protein::106,0
Durg::181,drug_target_interaction,Protein::1000,0
Durg::355,drug_target_interaction,Protein::149,0
Durg::559,drug_target_interaction,Protein::83,0
Durg::613,drug_target_interaction,Protein::318,0
Durg::75,drug_target_interaction,Protein::258,0
Durg::301,drug_target_interaction,Protein::859,0
Durg::684,drug_target_interaction,Protein::497,0
Durg::278,drug_target_interaction,Protein::989,0
Durg::58,drug_target_interaction,Protein::43,0
Durg::110,drug_target_interaction,Protein::927,0
Durg::542,drug_target_interaction,Protein::526,0
Durg::509,drug_target_interaction,Protein::98,0
Durg::288,drug_target_interaction,Protein::62,0
Durg::641,drug_target_interaction,Protein::335,0
Durg::707,drug_target_interaction,Protein::203,0
Durg::329,drug_target_interaction,Protein::279,0
Durg::475,drug_target_interaction,Protein::326,0
Durg::118,drug_target_interaction,Protein::984,0
Durg::637,drug_target_interaction,Protein::357,0
Durg::317,drug_target_interaction,Protein::1180,0
Durg::87,drug_target_interaction,Protein::357,0
Durg::120,drug_target_interaction,Protein::51,0
Durg::655,drug_target_interaction,Protein::931,0
Durg::329,drug_target_interaction,Protein::120,0
Durg::379,drug_target_interaction,Protein::296,0
Durg::202,drug_target_interaction,Protein::320,0
Durg::77,drug_target_interaction,Protein::364,0
Durg::41,drug_target_interaction,Protein::656,0
Durg::502,drug_target_interaction,Protein::81,0
Durg::12,drug_target_interaction,Protein::117,0
Durg::65,drug_target_interaction,Protein::272,0
Durg::310,drug_target_interaction,Protein::986,0
Durg::316,drug_target_interaction,Protein::486,0
Durg::283,drug_target_interaction,Protein::817,0
Durg::161,drug_target_interaction,Protein::94,0
Durg::535,drug_target_interaction,Protein::89,0
Durg::251,drug_target_interaction,Protein::273,0
Durg::505,drug_target_interaction,Protein::401,0
Durg::22,drug_target_interaction,Protein::516,0
Durg::354,drug_target_interaction,Protein::1203,0
Durg::465,drug_target_interaction,Protein::263,0
Durg::475,drug_target_interaction,Protein::112,0
Durg::503,drug_target_interaction,Protein::460,0
Durg::667,drug_target_interaction,Protein::1502,0
Durg::289,drug_target_interaction,Protein::32,0
Durg::288,drug_target_interaction,Protein::426,0
Durg::272,drug_target_interaction,Protein::31,0
Durg::606,drug_target_interaction,Protein::561,0
Durg::286,drug_target_interaction,Protein::166,0
Durg::109,drug_target_interaction,Protein::83,0
Durg::595,drug_target_interaction,Protein::717,0
Durg::391,drug_target_interaction,Protein::918,0
Durg::557,drug_target_interaction,Protein::573,0
Durg::190,drug_target_interaction,Protein::853,0
Durg::24,drug_target_interaction,Protein::1299,0
Durg::333,drug_target_interaction,Protein::574,0
Durg::333,drug_target_interaction,Protein::1148,0
Durg::685,drug_target_interaction,Protein::614,0
Durg::10,drug_target_interaction,Protein::164,0
Durg::316,drug_target_interaction,Protein::242,0
Durg::116,drug_target_interaction,Protein::170,0
Durg::92,drug_target_interaction,Protein::738,0
Durg::84,drug_target_interaction,Protein::318,0
Durg::358,drug_target_interaction,Protein::694,0
Durg::593,drug_target_interaction,Protein::737,0
Durg::68,drug_target_interaction,Protein::145,0
Durg::319,drug_target_interaction,Protein::18,0
Durg::432,drug_target_interaction,Protein::654,0
Durg::120,drug_target_interaction,Protein::1066,0
Durg::43,drug_target_interaction,Protein::106,0
Durg::623,drug_target_interaction,Protein::1183,0
Durg::540,drug_target_interaction,Protein::538,0
Durg::321,drug_target_interaction,Protein::62,0
Durg::368,drug_target_interaction,Protein::448,0
Durg::460,drug_target_interaction,Protein::1162,0
Durg::576,drug_target_interaction,Protein::778,0
Durg::599,drug_target_interaction,Protein::101,0
Durg::137,drug_target_interaction,Protein::189,0
Durg::597,drug_target_interaction,Protein::515,0
Durg::650,drug_target_interaction,Protein::497,0
Durg::242,drug_target_interaction,Protein::1508,0
Durg::240,drug_target_interaction,Protein::140,0
Durg::329,drug_target_interaction,Protein::1038,0
Durg::6,drug_target_interaction,Protein::449,0
Durg::367,drug_target_interaction,Protein::151,0
Durg::316,drug_target_interaction,Protein::260,0
Durg::271,drug_target_interaction,Protein::260,0
Durg::224,drug_target_interaction,Protein::151,0
Durg::234,drug_target_interaction,Protein::696,0
Durg::528,drug_target_interaction,Protein::139,0
Durg::48,drug_target_interaction,Protein::450,0
Durg::151,drug_target_interaction,Protein::669,0
Durg::643,drug_target_interaction,Protein::196,0
Durg::377,drug_target_interaction,Protein::475,0
Durg::581,drug_target_interaction,Protein::1299,0
Durg::554,drug_target_interaction,Protein::408,0
Durg::408,drug_target_interaction,Protein::51,0
Durg::540,drug_target_interaction,Protein::75,0
Durg::38,drug_target_interaction,Protein::203,0
Durg::138,drug_target_interaction,Protein::1173,0
Durg::311,drug_target_interaction,Protein::720,0
Durg::550,drug_target_interaction,Protein::1176,0
Durg::628,drug_target_interaction,Protein::164,0
Durg::349,drug_target_interaction,Protein::259,0
Durg::570,drug_target_interaction,Protein::149,0
Durg::65,drug_target_interaction,Protein::340,0
Durg::404,drug_target_interaction,Protein::1186,0
Durg::154,drug_target_interaction,Protein::243,0
Durg::319,drug_target_interaction,Protein::694,0
Durg::30,drug_target_interaction,Protein::561,0
Durg::410,drug_target_interaction,Protein::1138,0
Durg::316,drug_target_interaction,Protein::84,0
Durg::495,drug_target_interaction,Protein::592,0
Durg::601,drug_target_interaction,Protein::366,0
Durg::559,drug_target_interaction,Protein::1148,0
Durg::226,drug_target_interaction,Protein::985,0
Durg::14,drug_target_interaction,Protein::260,0
Durg::334,drug_target_interaction,Protein::317,0
Durg::15,drug_target_interaction,Protein::524,0
Durg::434,drug_target_interaction,Protein::997,0
Durg::63,drug_target_interaction,Protein::361,0
Durg::625,drug_target_interaction,Protein::625,0
Durg::625,drug_target_interaction,Protein::635,0
Durg::593,drug_target_interaction,Protein::1000,0
Durg::217,drug_target_interaction,Protein::81,0
Durg::309,drug_target_interaction,Protein::1161,0
Durg::92,drug_target_interaction,Protein::773,0
Durg::613,drug_target_interaction,Protein::207,0
Durg::459,drug_target_interaction,Protein::1155,0
Durg::618,drug_target_interaction,Protein::1180,0
Durg::651,drug_target_interaction,Protein::448,0
Durg::500,drug_target_interaction,Protein::273,0
Durg::522,drug_target_interaction,Protein::1186,0
Durg::134,drug_target_interaction,Protein::1009,0
Durg::588,drug_target_interaction,Protein::1299,0
Durg::14,drug_target_interaction,Protein::1506,0
Durg::182,drug_target_interaction,Protein::295,0
Durg::286,drug_target_interaction,Protein::1503,0
Durg::667,drug_target_interaction,Protein::814,0
Durg::220,drug_target_interaction,Protein::636,0
Durg::351,drug_target_interaction,Protein::709,0
Durg::260,drug_target_interaction,Protein::1034,0
Durg::389,drug_target_interaction,Protein::1155,0
Durg::69,drug_target_interaction,Protein::402,0
Durg::658,drug_target_interaction,Protein::778,0
Durg::65,drug_target_interaction,Protein::992,0
Durg::694,drug_target_interaction,Protein::150,0
Durg::707,drug_target_interaction,Protein::505,0
Durg::184,drug_target_interaction,Protein::242,0
Durg::371,drug_target_interaction,Protein::675,0
Durg::461,drug_target_interaction,Protein::42,0
Durg::74,drug_target_interaction,Protein::208,0
Durg::540,drug_target_interaction,Protein::987,0
Durg::136,drug_target_interaction,Protein::151,0
Durg::358,drug_target_interaction,Protein::32,0
Durg::130,drug_target_interaction,Protein::311,0
Durg::581,drug_target_interaction,Protein::1010,0
Durg::298,drug_target_interaction,Protein::150,0
Durg::475,drug_target_interaction,Protein::509,0
Durg::80,drug_target_interaction,Protein::143,0
Durg::295,drug_target_interaction,Protein::1183,0
Durg::100,drug_target_interaction,Protein::207,0
Durg::206,drug_target_interaction,Protein::482,0
Durg::122,drug_target_interaction,Protein::931,0
Durg::537,drug_target_interaction,Protein::654,0
Durg::316,drug_target_interaction,Protein::276,0
Durg::377,drug_target_interaction,Protein::1184,0
Durg::252,drug_target_interaction,Protein::189,0
Durg::310,drug_target_interaction,Protein::10,0
Durg::11,drug_target_interaction,Protein::427,0
Durg::424,drug_target_interaction,Protein::429,0
Durg::25,drug_target_interaction,Protein::778,0
Durg::97,drug_target_interaction,Protein::665,0
Durg::538,drug_target_interaction,Protein::991,0
Durg::540,drug_target_interaction,Protein::514,0
Durg::450,drug_target_interaction,Protein::383,0
Durg::28,drug_target_interaction,Protein::34,0
Durg::125,drug_target_interaction,Protein::43,0
Durg::571,drug_target_interaction,Protein::117,0
Durg::534,drug_target_interaction,Protein::279,0
Durg::639,drug_target_interaction,Protein::1196,0
Durg::603,drug_target_interaction,Protein::33,0
Durg::220,drug_target_interaction,Protein::984,0
Durg::692,drug_target_interaction,Protein::624,0
Durg::276,drug_target_interaction,Protein::484,0
Durg::392,drug_target_interaction,Protein::83,0
Durg::601,drug_target_interaction,Protein::588,0
Durg::660,drug_target_interaction,Protein::997,0
Durg::624,drug_target_interaction,Protein::513,0
Durg::545,drug_target_interaction,Protein::419,0
Durg::311,drug_target_interaction,Protein::778,0
Durg::338,drug_target_interaction,Protein::707,0
Durg::114,drug_target_interaction,Protein::669,0
Durg::427,drug_target_interaction,Protein::309,0
Durg::301,drug_target_interaction,Protein::450,0
Durg::58,drug_target_interaction,Protein::248,0
Durg::498,drug_target_interaction,Protein::1381,0
Durg::672,drug_target_interaction,Protein::94,0
Durg::7,drug_target_interaction,Protein::1066,0
Durg::276,drug_target_interaction,Protein::570,0
Durg::420,drug_target_interaction,Protein::195,0
Durg::299,drug_target_interaction,Protein::663,0
Durg::97,drug_target_interaction,Protein::856,0
Durg::2,drug_target_interaction,Protein::918,0
Durg::702,drug_target_interaction,Protein::90,0
Durg::384,drug_target_interaction,Protein::426,0
Durg::576,drug_target_interaction,Protein::998,0
Durg::181,drug_target_interaction,Protein::273,0
Durg::572,drug_target_interaction,Protein::300,0
Durg::344,drug_target_interaction,Protein::1163,0
Durg::368,drug_target_interaction,Protein::717,0
Durg::549,drug_target_interaction,Protein::1138,0
Durg::363,drug_target_interaction,Protein::851,0
Durg::411,drug_target_interaction,Protein::1060,0
Durg::203,drug_target_interaction,Protein::145,0
Durg::292,drug_target_interaction,Protein::34,0
Durg::630,drug_target_interaction,Protein::513,0
Durg::10,drug_target_interaction,Protein::484,0
Durg::624,drug_target_interaction,Protein::621,0
Durg::584,drug_target_interaction,Protein::524,0
Durg::479,drug_target_interaction,Protein::34,0
Durg::476,drug_target_interaction,Protein::34,0
Durg::504,drug_target_interaction,Protein::85,0
Durg::448,drug_target_interaction,Protein::1164,0
Durg::7,drug_target_interaction,Protein::318,0
Durg::78,drug_target_interaction,Protein::1029,0
Durg::327,drug_target_interaction,Protein::485,0
Durg::34,drug_target_interaction,Protein::993,0
Durg::618,drug_target_interaction,Protein::435,0
Durg::297,drug_target_interaction,Protein::113,0
Durg::17,drug_target_interaction,Protein::523,0
Durg::479,drug_target_interaction,Protein::484,0
Durg::691,drug_target_interaction,Protein::40,0
Durg::549,drug_target_interaction,Protein::143,0
Durg::557,drug_target_interaction,Protein::6,0
Durg::703,drug_target_interaction,Protein::221,0
Durg::369,drug_target_interaction,Protein::538,0
Durg::543,drug_target_interaction,Protein::300,0
Durg::317,drug_target_interaction,Protein::1202,0
Durg::475,drug_target_interaction,Protein::34,0
Durg::540,drug_target_interaction,Protein::1183,0
Durg::462,drug_target_interaction,Protein::151,0
Durg::350,drug_target_interaction,Protein::201,0
Durg::17,drug_target_interaction,Protein::1066,0
Durg::477,drug_target_interaction,Protein::665,0
Durg::131,drug_target_interaction,Protein::264,0
Durg::439,drug_target_interaction,Protein::989,0
Durg::136,drug_target_interaction,Protein::144,0
Durg::4,drug_target_interaction,Protein::18,0
Durg::658,drug_target_interaction,Protein::561,0
Durg::359,drug_target_interaction,Protein::1000,0
Durg::75,drug_target_interaction,Protein::383,0
Durg::448,drug_target_interaction,Protein::383,0
Durg::108,drug_target_interaction,Protein::289,0
Durg::497,drug_target_interaction,Protein::123,0
Durg::590,drug_target_interaction,Protein::435,0
Durg::473,drug_target_interaction,Protein::854,0
Durg::111,drug_target_interaction,Protein::1299,0
Durg::289,drug_target_interaction,Protein::453,0
Durg::394,drug_target_interaction,Protein::389,0
Durg::411,drug_target_interaction,Protein::276,0
Durg::60,drug_target_interaction,Protein::374,0
Durg::120,drug_target_interaction,Protein::515,0
Durg::309,drug_target_interaction,Protein::421,0
Durg::400,drug_target_interaction,Protein::166,0
Durg::523,drug_target_interaction,Protein::124,0
Durg::587,drug_target_interaction,Protein::483,0
Durg::373,drug_target_interaction,Protein::654,0
Durg::448,drug_target_interaction,Protein::335,0
Durg::272,drug_target_interaction,Protein::617,0
Durg::7,drug_target_interaction,Protein::574,0
Durg::308,drug_target_interaction,Protein::856,0
Durg::20,drug_target_interaction,Protein::513,0
Durg::534,drug_target_interaction,Protein::181,0
Durg::601,drug_target_interaction,Protein::248,0
Durg::690,drug_target_interaction,Protein::853,0
Durg::489,drug_target_interaction,Protein::319,0
Durg::640,drug_target_interaction,Protein::1152,0
Durg::523,drug_target_interaction,Protein::482,0
Durg::273,drug_target_interaction,Protein::778,0
Durg::289,drug_target_interaction,Protein::484,0
Durg::240,drug_target_interaction,Protein::175,0
Durg::230,drug_target_interaction,Protein::72,0
Durg::607,drug_target_interaction,Protein::310,0
Durg::75,drug_target_interaction,Protein::1504,0
Durg::550,drug_target_interaction,Protein::261,0
Durg::660,drug_target_interaction,Protein::657,0
Durg::221,drug_target_interaction,Protein::1174,0
Durg::392,drug_target_interaction,Protein::88,0
Durg::419,drug_target_interaction,Protein::646,0
Durg::123,drug_target_interaction,Protein::395,0
Durg::544,drug_target_interaction,Protein::617,0
Durg::64,drug_target_interaction,Protein::485,0
Durg::339,drug_target_interaction,Protein::675,0
Durg::521,drug_target_interaction,Protein::320,0
Durg::175,drug_target_interaction,Protein::1180,0
Durg::308,drug_target_interaction,Protein::459,0
Durg::355,drug_target_interaction,Protein::450,0
Durg::214,drug_target_interaction,Protein::509,0
Durg::199,drug_target_interaction,Protein::484,0
Durg::310,drug_target_interaction,Protein::448,0
Durg::145,drug_target_interaction,Protein::675,0
Durg::152,drug_target_interaction,Protein::1151,0
Durg::268,drug_target_interaction,Protein::218,0
Durg::15,drug_target_interaction,Protein::1503,0
Durg::484,drug_target_interaction,Protein::88,0
Durg::660,drug_target_interaction,Protein::408,0
Durg::327,drug_target_interaction,Protein::185,0
Durg::524,drug_target_interaction,Protein::1203,0
Durg::542,drug_target_interaction,Protein::516,0
Durg::676,drug_target_interaction,Protein::617,0
Durg::290,drug_target_interaction,Protein::1055,0
Durg::404,drug_target_interaction,Protein::143,0
Durg::381,drug_target_interaction,Protein::136,0
Durg::590,drug_target_interaction,Protein::1503,0
Durg::164,drug_target_interaction,Protein::1029,0
Durg::31,drug_target_interaction,Protein::1179,0
Durg::145,drug_target_interaction,Protein::88,0
Durg::6,drug_target_interaction,Protein::563,0
Durg::167,drug_target_interaction,Protein::1382,0
Durg::689,drug_target_interaction,Protein::570,0
Durg::475,drug_target_interaction,Protein::617,0
Durg::535,drug_target_interaction,Protein::527,0
Durg::419,drug_target_interaction,Protein::621,0
Durg::675,drug_target_interaction,Protein::496,0
Durg::143,drug_target_interaction,Protein::984,0
Durg::400,drug_target_interaction,Protein::1169,0
Durg::60,drug_target_interaction,Protein::114,0
Durg::369,drug_target_interaction,Protein::320,0
Durg::71,drug_target_interaction,Protein::134,0
Durg::351,drug_target_interaction,Protein::164,0
Durg::433,drug_target_interaction,Protein::120,0
Durg::428,drug_target_interaction,Protein::260,0
Durg::5,drug_target_interaction,Protein::516,0
Durg::8,drug_target_interaction,Protein::526,0
Durg::690,drug_target_interaction,Protein::485,0
Durg::335,drug_target_interaction,Protein::742,0
Durg::160,drug_target_interaction,Protein::1060,0
Durg::340,drug_target_interaction,Protein::1151,0
Durg::454,drug_target_interaction,Protein::389,0
Durg::592,drug_target_interaction,Protein::707,0
Durg::394,drug_target_interaction,Protein::1000,0
Durg::254,drug_target_interaction,Protein::433,0
Durg::60,drug_target_interaction,Protein::924,0
Durg::65,drug_target_interaction,Protein::851,0
Durg::485,drug_target_interaction,Protein::207,0
Durg::133,drug_target_interaction,Protein::1167,0
Durg::575,drug_target_interaction,Protein::592,0
Durg::471,drug_target_interaction,Protein::526,0
Durg::632,drug_target_interaction,Protein::1508,0
Durg::622,drug_target_interaction,Protein::707,0
Durg::692,drug_target_interaction,Protein::783,0
Durg::375,drug_target_interaction,Protein::359,0
Durg::520,drug_target_interaction,Protein::669,0
Durg::3,drug_target_interaction,Protein::374,0
Durg::582,drug_target_interaction,Protein::694,0
Durg::669,drug_target_interaction,Protein::143,0
Durg::380,drug_target_interaction,Protein::1201,0
Durg::694,drug_target_interaction,Protein::146,0
Durg::630,drug_target_interaction,Protein::67,0
Durg::65,drug_target_interaction,Protein::924,0
Durg::372,drug_target_interaction,Protein::40,0
Durg::314,drug_target_interaction,Protein::117,0
Durg::275,drug_target_interaction,Protein::717,0
Durg::229,drug_target_interaction,Protein::430,0
Durg::63,drug_target_interaction,Protein::189,0
Durg::691,drug_target_interaction,Protein::160,0
Durg::289,drug_target_interaction,Protein::289,0
Durg::675,drug_target_interaction,Protein::394,0
Durg::9,drug_target_interaction,Protein::1148,0
Durg::660,drug_target_interaction,Protein::185,0
Durg::23,drug_target_interaction,Protein::242,0
Durg::14,drug_target_interaction,Protein::160,0
Durg::316,drug_target_interaction,Protein::1179,0
Durg::366,drug_target_interaction,Protein::475,0
Durg::232,drug_target_interaction,Protein::82,0
Durg::497,drug_target_interaction,Protein::327,0
Durg::480,drug_target_interaction,Protein::497,0
Durg::0,drug_target_interaction,Protein::550,0
Durg::697,drug_target_interaction,Protein::150,0
Durg::366,drug_target_interaction,Protein::689,0
Durg::41,drug_target_interaction,Protein::196,0
Durg::75,drug_target_interaction,Protein::1502,0
Durg::397,drug_target_interaction,Protein::858,0
Durg::319,drug_target_interaction,Protein::310,0
Durg::588,drug_target_interaction,Protein::997,0
Durg::116,drug_target_interaction,Protein::1174,0
Durg::565,drug_target_interaction,Protein::358,0
Durg::579,drug_target_interaction,Protein::922,0
Durg::448,drug_target_interaction,Protein::1187,0
Durg::31,drug_target_interaction,Protein::589,0
Durg::69,drug_target_interaction,Protein::134,0
Durg::325,drug_target_interaction,Protein::568,0
Durg::611,drug_target_interaction,Protein::401,0
Durg::622,drug_target_interaction,Protein::918,0
Durg::662,drug_target_interaction,Protein::513,0
Durg::516,drug_target_interaction,Protein::21,0
Durg::115,drug_target_interaction,Protein::25,0
Durg::330,drug_target_interaction,Protein::485,0
Durg::115,drug_target_interaction,Protein::475,0
Durg::630,drug_target_interaction,Protein::335,0
Durg::211,drug_target_interaction,Protein::1169,0
Durg::77,drug_target_interaction,Protein::84,0
Durg::656,drug_target_interaction,Protein::993,0
Durg::5,drug_target_interaction,Protein::549,0
Durg::599,drug_target_interaction,Protein::302,0
Durg::359,drug_target_interaction,Protein::106,0
Durg::602,drug_target_interaction,Protein::1139,0
Durg::502,drug_target_interaction,Protein::335,0
Durg::273,drug_target_interaction,Protein::418,0
Durg::22,drug_target_interaction,Protein::358,0
Durg::707,drug_target_interaction,Protein::817,0
Durg::38,drug_target_interaction,Protein::516,0
Durg::384,drug_target_interaction,Protein::514,0
Durg::310,drug_target_interaction,Protein::744,0
Durg::310,drug_target_interaction,Protein::218,0
Durg::439,drug_target_interaction,Protein::175,0
Durg::684,drug_target_interaction,Protein::340,0
Durg::121,drug_target_interaction,Protein::858,0
Durg::707,drug_target_interaction,Protein::744,0
Durg::189,drug_target_interaction,Protein::259,0
Durg::603,drug_target_interaction,Protein::515,0
Durg::376,drug_target_interaction,Protein::613,0
Durg::222,drug_target_interaction,Protein::429,0
Durg::442,drug_target_interaction,Protein::778,0
Durg::675,drug_target_interaction,Protein::62,0
Durg::334,drug_target_interaction,Protein::360,0
Durg::391,drug_target_interaction,Protein::183,0
Durg::702,drug_target_interaction,Protein::509,0
Durg::46,drug_target_interaction,Protein::497,0
Durg::703,drug_target_interaction,Protein::73,0
Durg::494,drug_target_interaction,Protein::261,0
Durg::262,drug_target_interaction,Protein::657,0
Durg::469,drug_target_interaction,Protein::486,0
Durg::421,drug_target_interaction,Protein::207,0
Durg::638,drug_target_interaction,Protein::408,0
Durg::457,drug_target_interaction,Protein::218,0
Durg::57,drug_target_interaction,Protein::1038,0
Durg::552,drug_target_interaction,Protein::786,0
Durg::590,drug_target_interaction,Protein::98,0
Durg::427,drug_target_interaction,Protein::237,0
Durg::19,drug_target_interaction,Protein::48,0
Durg::16,drug_target_interaction,Protein::995,0
Durg::270,drug_target_interaction,Protein::197,0
Durg::667,drug_target_interaction,Protein::1034,0
Durg::222,drug_target_interaction,Protein::997,0
Durg::185,drug_target_interaction,Protein::737,0
Durg::684,drug_target_interaction,Protein::241,0
Durg::330,drug_target_interaction,Protein::1066,0
Durg::14,drug_target_interaction,Protein::694,0
Durg::233,drug_target_interaction,Protein::485,0
Durg::566,drug_target_interaction,Protein::452,0
Durg::430,drug_target_interaction,Protein::368,0
Durg::534,drug_target_interaction,Protein::857,0
Durg::35,drug_target_interaction,Protein::1184,0
Durg::550,drug_target_interaction,Protein::139,0
Durg::138,drug_target_interaction,Protein::689,0
Durg::495,drug_target_interaction,Protein::390,0
Durg::72,drug_target_interaction,Protein::155,0
Durg::20,drug_target_interaction,Protein::123,0
Durg::677,drug_target_interaction,Protein::145,0
Durg::132,drug_target_interaction,Protein::426,0
Durg::630,drug_target_interaction,Protein::561,0
Durg::332,drug_target_interaction,Protein::84,0
Durg::600,drug_target_interaction,Protein::487,0
Durg::76,drug_target_interaction,Protein::123,0
Durg::42,drug_target_interaction,Protein::300,0
Durg::429,drug_target_interaction,Protein::1165,0
Durg::182,drug_target_interaction,Protein::71,0
Durg::509,drug_target_interaction,Protein::486,0
Durg::691,drug_target_interaction,Protein::114,0
Durg::108,drug_target_interaction,Protein::39,0
Durg::132,drug_target_interaction,Protein::1165,0
Durg::500,drug_target_interaction,Protein::1504,0
Durg::287,drug_target_interaction,Protein::1148,0
Durg::355,drug_target_interaction,Protein::286,0
Durg::530,drug_target_interaction,Protein::1164,0
Durg::485,drug_target_interaction,Protein::1162,0
Durg::459,drug_target_interaction,Protein::258,0
Durg::281,drug_target_interaction,Protein::311,0
Durg::442,drug_target_interaction,Protein::994,0
Durg::230,drug_target_interaction,Protein::1163,0
Durg::122,drug_target_interaction,Protein::1506,0
Durg::108,drug_target_interaction,Protein::368,0
Durg::127,drug_target_interaction,Protein::984,0
Durg::350,drug_target_interaction,Protein::581,0
Durg::520,drug_target_interaction,Protein::78,0
Durg::675,drug_target_interaction,Protein::1503,0
Durg::434,drug_target_interaction,Protein::296,0
Durg::561,drug_target_interaction,Protein::32,0
Durg::368,drug_target_interaction,Protein::922,0
Durg::462,drug_target_interaction,Protein::856,0
Durg::676,drug_target_interaction,Protein::318,0
Durg::588,drug_target_interaction,Protein::483,0
Durg::365,drug_target_interaction,Protein::927,0
Durg::236,drug_target_interaction,Protein::28,0
Durg::441,drug_target_interaction,Protein::996,0
Durg::623,drug_target_interaction,Protein::273,0
Durg::595,drug_target_interaction,Protein::264,0
Durg::411,drug_target_interaction,Protein::514,0
Durg::293,drug_target_interaction,Protein::1041,0
Durg::94,drug_target_interaction,Protein::94,0
Durg::5,drug_target_interaction,Protein::1203,0
Durg::355,drug_target_interaction,Protein::592,0
Durg::47,drug_target_interaction,Protein::1196,0
Durg::69,drug_target_interaction,Protein::377,0
Durg::72,drug_target_interaction,Protein::588,0
Durg::528,drug_target_interaction,Protein::265,0
Durg::197,drug_target_interaction,Protein::12,0
Durg::394,drug_target_interaction,Protein::14,0
Durg::338,drug_target_interaction,Protein::64,0
Durg::111,drug_target_interaction,Protein::1164,0
Durg::185,drug_target_interaction,Protein::141,0
Durg::522,drug_target_interaction,Protein::143,0
Durg::472,drug_target_interaction,Protein::276,0
Durg::354,drug_target_interaction,Protein::675,0
Durg::270,drug_target_interaction,Protein::113,0
Durg::606,drug_target_interaction,Protein::994,0
Durg::220,drug_target_interaction,Protein::654,0
Durg::675,drug_target_interaction,Protein::427,0
Durg::31,drug_target_interaction,Protein::390,0
Durg::376,drug_target_interaction,Protein::317,0
Durg::497,drug_target_interaction,Protein::237,0
Durg::11,drug_target_interaction,Protein::318,0
Durg::180,drug_target_interaction,Protein::1006,0
Durg::391,drug_target_interaction,Protein::931,0
Durg::233,drug_target_interaction,Protein::286,0
Durg::312,drug_target_interaction,Protein::423,0
Durg::196,drug_target_interaction,Protein::166,0
Durg::516,drug_target_interaction,Protein::1000,0
Durg::451,drug_target_interaction,Protein::1160,0
Durg::431,drug_target_interaction,Protein::984,0
Durg::229,drug_target_interaction,Protein::1006,0
Durg::549,drug_target_interaction,Protein::286,0
Durg::26,drug_target_interaction,Protein::1151,0
Durg::436,drug_target_interaction,Protein::374,0
Durg::290,drug_target_interaction,Protein::1155,0
Durg::613,drug_target_interaction,Protein::1066,0
Durg::407,drug_target_interaction,Protein::309,0
Durg::617,drug_target_interaction,Protein::421,0
Durg::606,drug_target_interaction,Protein::1504,0
Durg::255,drug_target_interaction,Protein::428,0
Durg::395,drug_target_interaction,Protein::288,0
Durg::572,drug_target_interaction,Protein::461,0
Durg::378,drug_target_interaction,Protein::581,0
Durg::426,drug_target_interaction,Protein::1150,0
Durg::610,drug_target_interaction,Protein::289,0
Durg::86,drug_target_interaction,Protein::389,0
Durg::695,drug_target_interaction,Protein::545,0
Durg::486,drug_target_interaction,Protein::185,0
Durg::459,drug_target_interaction,Protein::150,0
Durg::396,drug_target_interaction,Protein::1184,0
Durg::245,drug_target_interaction,Protein::383,0
Durg::89,drug_target_interaction,Protein::39,0
Durg::285,drug_target_interaction,Protein::135,0
Durg::530,drug_target_interaction,Protein::1009,0
Durg::398,drug_target_interaction,Protein::986,0
Durg::660,drug_target_interaction,Protein::773,0
Durg::689,drug_target_interaction,Protein::1011,0
Durg::95,drug_target_interaction,Protein::1015,0
Durg::384,drug_target_interaction,Protein::1161,0
Durg::172,drug_target_interaction,Protein::985,0
Durg::689,drug_target_interaction,Protein::1138,0
Durg::251,drug_target_interaction,Protein::745,0
Durg::575,drug_target_interaction,Protein::568,0
Durg::444,drug_target_interaction,Protein::931,0
Durg::269,drug_target_interaction,Protein::309,0
Durg::344,drug_target_interaction,Protein::272,0
Durg::290,drug_target_interaction,Protein::442,0
Durg::4,drug_target_interaction,Protein::273,0
Durg::116,drug_target_interaction,Protein::1167,0
Durg::195,drug_target_interaction,Protein::745,0
Durg::698,drug_target_interaction,Protein::940,0
Durg::2,drug_target_interaction,Protein::997,0
Durg::663,drug_target_interaction,Protein::2,0
Durg::492,drug_target_interaction,Protein::581,0
Durg::497,drug_target_interaction,Protein::357,0
Durg::252,drug_target_interaction,Protein::150,0
Durg::272,drug_target_interaction,Protein::39,0
Durg::528,drug_target_interaction,Protein::726,0
Durg::201,drug_target_interaction,Protein::258,0
Durg::570,drug_target_interaction,Protein::430,0
Durg::502,drug_target_interaction,Protein::637,0
Durg::574,drug_target_interaction,Protein::516,0
Durg::184,drug_target_interaction,Protein::428,0
Durg::299,drug_target_interaction,Protein::483,0
Durg::526,drug_target_interaction,Protein::1176,0
Durg::445,drug_target_interaction,Protein::1160,0
Durg::575,drug_target_interaction,Protein::720,0
Durg::380,drug_target_interaction,Protein::518,0
Durg::38,drug_target_interaction,Protein::484,0
Durg::181,drug_target_interaction,Protein::647,0
Durg::651,drug_target_interaction,Protein::135,0
Durg::154,drug_target_interaction,Protein::64,0
Durg::188,drug_target_interaction,Protein::72,0
Durg::9,drug_target_interaction,Protein::194,0
Durg::270,drug_target_interaction,Protein::477,0
Durg::491,drug_target_interaction,Protein::860,0
Durg::334,drug_target_interaction,Protein::1138,0
Durg::457,drug_target_interaction,Protein::232,0
Durg::468,drug_target_interaction,Protein::856,0
Durg::335,drug_target_interaction,Protein::21,0
Durg::660,drug_target_interaction,Protein::423,0
Durg::541,drug_target_interaction,Protein::115,0
Durg::152,drug_target_interaction,Protein::854,0
Durg::373,drug_target_interaction,Protein::189,0
Durg::50,drug_target_interaction,Protein::380,0
Durg::293,drug_target_interaction,Protein::992,0
Durg::131,drug_target_interaction,Protein::738,0
Durg::597,drug_target_interaction,Protein::1184,0
Durg::540,drug_target_interaction,Protein::12,0
Durg::449,drug_target_interaction,Protein::99,0
Durg::179,drug_target_interaction,Protein::449,0
Durg::71,drug_target_interaction,Protein::657,0
Durg::83,drug_target_interaction,Protein::1177,0
Durg::573,drug_target_interaction,Protein::160,0
Durg::630,drug_target_interaction,Protein::1010,0
Durg::62,drug_target_interaction,Protein::998,0
Durg::3,drug_target_interaction,Protein::717,0
Durg::49,drug_target_interaction,Protein::175,0
Durg::211,drug_target_interaction,Protein::1181,0
Durg::224,drug_target_interaction,Protein::33,0
Durg::233,drug_target_interaction,Protein::90,0
Durg::279,drug_target_interaction,Protein::528,0
Durg::40,drug_target_interaction,Protein::1160,0
Durg::110,drug_target_interaction,Protein::98,0
Durg::213,drug_target_interaction,Protein::429,0
Durg::180,drug_target_interaction,Protein::309,0
Durg::257,drug_target_interaction,Protein::418,0
Durg::624,drug_target_interaction,Protein::986,0
Durg::632,drug_target_interaction,Protein::538,0
Durg::432,drug_target_interaction,Protein::773,0
Durg::143,drug_target_interaction,Protein::318,0
Durg::302,drug_target_interaction,Protein::330,0
Durg::363,drug_target_interaction,Protein::291,0
Durg::536,drug_target_interaction,Protein::359,0
Durg::48,drug_target_interaction,Protein::73,0
Durg::13,drug_target_interaction,Protein::482,0
Durg::588,drug_target_interaction,Protein::487,0
Durg::25,drug_target_interaction,Protein::34,0
Durg::61,drug_target_interaction,Protein::1165,0
Durg::480,drug_target_interaction,Protein::1150,0
Durg::94,drug_target_interaction,Protein::88,0
Durg::661,drug_target_interaction,Protein::495,0
Durg::449,drug_target_interaction,Protein::993,0
Durg::415,drug_target_interaction,Protein::859,0
Durg::109,drug_target_interaction,Protein::311,0
Durg::603,drug_target_interaction,Protein::203,0
Durg::6,drug_target_interaction,Protein::335,0
Durg::378,drug_target_interaction,Protein::83,0
Durg::458,drug_target_interaction,Protein::1187,0
Durg::392,drug_target_interaction,Protein::570,0
Durg::174,drug_target_interaction,Protein::661,0
Durg::377,drug_target_interaction,Protein::1161,0
Durg::496,drug_target_interaction,Protein::918,0
Durg::35,drug_target_interaction,Protein::14,0
Durg::47,drug_target_interaction,Protein::106,0
Durg::244,drug_target_interaction,Protein::484,0
Durg::702,drug_target_interaction,Protein::448,0
Durg::205,drug_target_interaction,Protein::613,0
Durg::344,drug_target_interaction,Protein::589,0
Durg::34,drug_target_interaction,Protein::195,0
Durg::348,drug_target_interaction,Protein::459,0
Durg::302,drug_target_interaction,Protein::742,0
Durg::612,drug_target_interaction,Protein::1055,0
Durg::394,drug_target_interaction,Protein::42,0
Durg::439,drug_target_interaction,Protein::25,0
Durg::497,drug_target_interaction,Protein::648,0
Durg::49,drug_target_interaction,Protein::248,0
Durg::656,drug_target_interaction,Protein::545,0
Durg::188,drug_target_interaction,Protein::1169,0
Durg::130,drug_target_interaction,Protein::1148,0
Durg::560,drug_target_interaction,Protein::1022,0
Durg::272,drug_target_interaction,Protein::195,0
Durg::428,drug_target_interaction,Protein::82,0
Durg::549,drug_target_interaction,Protein::276,0
Durg::537,drug_target_interaction,Protein::197,0
Durg::161,drug_target_interaction,Protein::530,0
Durg::52,drug_target_interaction,Protein::440,0
Durg::596,drug_target_interaction,Protein::400,0
Durg::243,drug_target_interaction,Protein::513,0
Durg::444,drug_target_interaction,Protein::696,0
Durg::455,drug_target_interaction,Protein::75,0
Durg::159,drug_target_interaction,Protein::206,0
Durg::690,drug_target_interaction,Protein::1146,0
Durg::134,drug_target_interaction,Protein::1184,0
Durg::450,drug_target_interaction,Protein::1382,0
Durg::64,drug_target_interaction,Protein::459,0
Durg::637,drug_target_interaction,Protein::583,0
Durg::135,drug_target_interaction,Protein::549,0
Durg::28,drug_target_interaction,Protein::927,0
Durg::135,drug_target_interaction,Protein::357,0
Durg::524,drug_target_interaction,Protein::218,0
Durg::585,drug_target_interaction,Protein::21,0
Durg::356,drug_target_interaction,Protein::106,0
Durg::645,drug_target_interaction,Protein::64,0
Durg::4,drug_target_interaction,Protein::449,0
Durg::227,drug_target_interaction,Protein::310,0
Durg::337,drug_target_interaction,Protein::1034,0
Durg::322,drug_target_interaction,Protein::1161,0
Durg::698,drug_target_interaction,Protein::113,0
Durg::279,drug_target_interaction,Protein::144,0
Durg::368,drug_target_interaction,Protein::617,0
Durg::584,drug_target_interaction,Protein::142,0
Durg::557,drug_target_interaction,Protein::196,0
Durg::481,drug_target_interaction,Protein::243,0
Durg::176,drug_target_interaction,Protein::918,0
Durg::518,drug_target_interaction,Protein::98,0
Durg::528,drug_target_interaction,Protein::924,0
Durg::397,drug_target_interaction,Protein::1006,0
Durg::127,drug_target_interaction,Protein::31,0
Durg::534,drug_target_interaction,Protein::418,0
Durg::394,drug_target_interaction,Protein::1202,0
Durg::288,drug_target_interaction,Protein::1175,0
Durg::471,drug_target_interaction,Protein::291,0
Durg::297,drug_target_interaction,Protein::484,0
Durg::590,drug_target_interaction,Protein::608,0
Durg::624,drug_target_interaction,Protein::654,0
Durg::537,drug_target_interaction,Protein::1160,0
Durg::63,drug_target_interaction,Protein::203,0
Durg::539,drug_target_interaction,Protein::64,0
Durg::413,drug_target_interaction,Protein::1150,0
Durg::375,drug_target_interaction,Protein::1163,0
Durg::261,drug_target_interaction,Protein::786,0
Durg::99,drug_target_interaction,Protein::160,0
Durg::601,drug_target_interaction,Protein::328,0
Durg::624,drug_target_interaction,Protein::1160,0
Durg::707,drug_target_interaction,Protein::1163,0
Durg::579,drug_target_interaction,Protein::696,0
Durg::201,drug_target_interaction,Protein::992,0
Durg::285,drug_target_interaction,Protein::64,0
Durg::479,drug_target_interaction,Protein::460,0
Durg::689,drug_target_interaction,Protein::310,0
Durg::689,drug_target_interaction,Protein::617,0
Durg::612,drug_target_interaction,Protein::858,0
Durg::542,drug_target_interaction,Protein::674,0
Durg::264,drug_target_interaction,Protein::922,0
Durg::539,drug_target_interaction,Protein::986,0
Durg::185,drug_target_interaction,Protein::610,0
Durg::543,drug_target_interaction,Protein::296,0
Durg::153,drug_target_interaction,Protein::986,0
Durg::631,drug_target_interaction,Protein::450,0
Durg::185,drug_target_interaction,Protein::83,0
Durg::638,drug_target_interaction,Protein::656,0
Durg::361,drug_target_interaction,Protein::483,0
Durg::145,drug_target_interaction,Protein::727,0
Durg::668,drug_target_interaction,Protein::259,0
Durg::530,drug_target_interaction,Protein::430,0
Durg::565,drug_target_interaction,Protein::359,0
Durg::669,drug_target_interaction,Protein::346,0
Durg::388,drug_target_interaction,Protein::640,0
Durg::226,drug_target_interaction,Protein::279,0
Durg::429,drug_target_interaction,Protein::181,0
Durg::69,drug_target_interaction,Protein::1138,0
Durg::78,drug_target_interaction,Protein::135,0
Durg::499,drug_target_interaction,Protein::26,0
Durg::301,drug_target_interaction,Protein::10,0
Durg::3,drug_target_interaction,Protein::987,0
Durg::669,drug_target_interaction,Protein::181,0
Durg::658,drug_target_interaction,Protein::33,0
Durg::343,drug_target_interaction,Protein::1041,0
Durg::600,drug_target_interaction,Protein::136,0
Durg::393,drug_target_interaction,Protein::709,0
Durg::454,drug_target_interaction,Protein::221,0
Durg::540,drug_target_interaction,Protein::33,0
Durg::189,drug_target_interaction,Protein::346,0
Durg::607,drug_target_interaction,Protein::42,0
Durg::201,drug_target_interaction,Protein::45,0
Durg::677,drug_target_interaction,Protein::419,0
Durg::505,drug_target_interaction,Protein::317,0
Durg::532,drug_target_interaction,Protein::642,0
Durg::64,drug_target_interaction,Protein::495,0
Durg::398,drug_target_interaction,Protein::988,0
Durg::378,drug_target_interaction,Protein::140,0
Durg::523,drug_target_interaction,Protein::225,0
Durg::590,drug_target_interaction,Protein::860,0
Durg::314,drug_target_interaction,Protein::549,0
Durg::151,drug_target_interaction,Protein::317,0
Durg::227,drug_target_interaction,Protein::98,0
Durg::69,drug_target_interaction,Protein::1029,0
Durg::668,drug_target_interaction,Protein::83,0
Durg::422,drug_target_interaction,Protein::927,0
Durg::265,drug_target_interaction,Protein::317,0
Durg::658,drug_target_interaction,Protein::549,0
Durg::283,drug_target_interaction,Protein::402,0
Durg::321,drug_target_interaction,Protein::115,0
Durg::678,drug_target_interaction,Protein::265,0
Durg::160,drug_target_interaction,Protein::113,0
Durg::565,drug_target_interaction,Protein::1176,0
Durg::367,drug_target_interaction,Protein::114,0
Durg::141,drug_target_interaction,Protein::814,0
Durg::612,drug_target_interaction,Protein::364,0
Durg::167,drug_target_interaction,Protein::661,0
Durg::505,drug_target_interaction,Protein::918,0
Durg::90,drug_target_interaction,Protein::185,0
Durg::561,drug_target_interaction,Protein::1187,0
Durg::264,drug_target_interaction,Protein::263,0
Durg::252,drug_target_interaction,Protein::380,0
Durg::571,drug_target_interaction,Protein::1196,0
Durg::428,drug_target_interaction,Protein::1506,0
Durg::534,drug_target_interaction,Protein::276,0
Durg::96,drug_target_interaction,Protein::988,0
Durg::276,drug_target_interaction,Protein::300,0
Durg::566,drug_target_interaction,Protein::421,0
Durg::529,drug_target_interaction,Protein::940,0
Durg::526,drug_target_interaction,Protein::62,0
Durg::290,drug_target_interaction,Protein::389,0
Durg::420,drug_target_interaction,Protein::493,0
Durg::369,drug_target_interaction,Protein::1503,0
Durg::358,drug_target_interaction,Protein::196,0
Durg::534,drug_target_interaction,Protein::261,0
Durg::393,drug_target_interaction,Protein::483,0
Durg::441,drug_target_interaction,Protein::986,0
Durg::492,drug_target_interaction,Protein::1506,0
Durg::571,drug_target_interaction,Protein::727,0
Durg::57,drug_target_interaction,Protein::32,0
Durg::88,drug_target_interaction,Protein::1166,0
Durg::112,drug_target_interaction,Protein::773,0
Durg::112,drug_target_interaction,Protein::32,0
Durg::544,drug_target_interaction,Protein::134,0
Durg::219,drug_target_interaction,Protein::1010,0
Durg::489,drug_target_interaction,Protein::427,0
Durg::317,drug_target_interaction,Protein::265,0
Durg::528,drug_target_interaction,Protein::112,0
Durg::344,drug_target_interaction,Protein::1382,0
Durg::428,drug_target_interaction,Protein::589,0
Durg::191,drug_target_interaction,Protein::64,0
Durg::544,drug_target_interaction,Protein::647,0
Durg::698,drug_target_interaction,Protein::642,0
Durg::264,drug_target_interaction,Protein::223,0
Durg::448,drug_target_interaction,Protein::1201,0
Durg::384,drug_target_interaction,Protein::85,0
Durg::148,drug_target_interaction,Protein::624,0
Durg::4,drug_target_interaction,Protein::717,0
Durg::309,drug_target_interaction,Protein::814,0
Durg::469,drug_target_interaction,Protein::709,0
Durg::609,drug_target_interaction,Protein::62,0
Durg::286,drug_target_interaction,Protein::1506,0
Durg::163,drug_target_interaction,Protein::515,0
Durg::356,drug_target_interaction,Protein::89,0
Durg::265,drug_target_interaction,Protein::994,0
Durg::358,drug_target_interaction,Protein::183,0
Durg::382,drug_target_interaction,Protein::1066,0
Durg::334,drug_target_interaction,Protein::483,0
Durg::667,drug_target_interaction,Protein::362,0
Durg::283,drug_target_interaction,Protein::196,0
Durg::389,drug_target_interaction,Protein::1506,0
Durg::84,drug_target_interaction,Protein::773,0
Durg::449,drug_target_interaction,Protein::75,0
Durg::230,drug_target_interaction,Protein::514,0
Durg::355,drug_target_interaction,Protein::271,0
Durg::529,drug_target_interaction,Protein::380,0
Durg::669,drug_target_interaction,Protein::538,0
Durg::460,drug_target_interaction,Protein::726,0
Durg::127,drug_target_interaction,Protein::1038,0
Durg::344,drug_target_interaction,Protein::13,0
Durg::49,drug_target_interaction,Protein::196,0
Durg::498,drug_target_interaction,Protein::1382,0
Durg::602,drug_target_interaction,Protein::669,0
Durg::685,drug_target_interaction,Protein::85,0
Durg::295,drug_target_interaction,Protein::523,0
Durg::618,drug_target_interaction,Protein::259,0
Durg::522,drug_target_interaction,Protein::248,0
Durg::669,drug_target_interaction,Protein::1181,0
Durg::659,drug_target_interaction,Protein::783,0
Durg::24,drug_target_interaction,Protein::636,0
Durg::616,drug_target_interaction,Protein::335,0
Durg::596,drug_target_interaction,Protein::483,0
Durg::540,drug_target_interaction,Protein::1166,0
Durg::242,drug_target_interaction,Protein::670,0
Durg::283,drug_target_interaction,Protein::518,0
Durg::301,drug_target_interaction,Protein::266,0
Durg::540,drug_target_interaction,Protein::773,0
Durg::496,drug_target_interaction,Protein::1504,0
Durg::286,drug_target_interaction,Protein::1066,0
Durg::350,drug_target_interaction,Protein::366,0
Durg::671,drug_target_interaction,Protein::359,0
Durg::524,drug_target_interaction,Protein::150,0
Durg::707,drug_target_interaction,Protein::987,0
Durg::87,drug_target_interaction,Protein::320,0
Durg::407,drug_target_interaction,Protein::290,0
Durg::516,drug_target_interaction,Protein::1381,0
Durg::46,drug_target_interaction,Protein::99,0
Durg::43,drug_target_interaction,Protein::402,0
Durg::363,drug_target_interaction,Protein::340,0
Durg::419,drug_target_interaction,Protein::995,0
Durg::538,drug_target_interaction,Protein::248,0
Durg::621,drug_target_interaction,Protein::1150,0
Durg::271,drug_target_interaction,Protein::10,0
Durg::423,drug_target_interaction,Protein::922,0
Durg::103,drug_target_interaction,Protein::482,0
Durg::579,drug_target_interaction,Protein::997,0
Durg::221,drug_target_interaction,Protein::1041,0
Durg::607,drug_target_interaction,Protein::675,0
Durg::10,drug_target_interaction,Protein::196,0
Durg::412,drug_target_interaction,Protein::988,0
Durg::32,drug_target_interaction,Protein::1029,0
Durg::233,drug_target_interaction,Protein::1015,0
Durg::206,drug_target_interaction,Protein::1375,0
Durg::89,drug_target_interaction,Protein::1146,0
Durg::87,drug_target_interaction,Protein::1183,0
Durg::126,drug_target_interaction,Protein::377,0
Durg::329,drug_target_interaction,Protein::124,0
Durg::410,drug_target_interaction,Protein::727,0
Durg::338,drug_target_interaction,Protein::1170,0
Durg::193,drug_target_interaction,Protein::340,0
Durg::458,drug_target_interaction,Protein::1165,0
Durg::392,drug_target_interaction,Protein::722,0
Durg::47,drug_target_interaction,Protein::203,0
Durg::424,drug_target_interaction,Protein::568,0
Durg::495,drug_target_interaction,Protein::134,0
Durg::141,drug_target_interaction,Protein::383,0
Durg::131,drug_target_interaction,Protein::195,0
Durg::46,drug_target_interaction,Protein::75,0
Durg::68,drug_target_interaction,Protein::986,0
Durg::227,drug_target_interaction,Protein::134,0
Durg::23,drug_target_interaction,Protein::993,0
Durg::542,drug_target_interaction,Protein::127,0
Durg::633,drug_target_interaction,Protein::123,0
Durg::650,drug_target_interaction,Protein::377,0
Durg::15,drug_target_interaction,Protein::1148,0
Durg::291,drug_target_interaction,Protein::1165,0
Durg::32,drug_target_interaction,Protein::407,0
Durg::350,drug_target_interaction,Protein::248,0
Durg::524,drug_target_interaction,Protein::493,0
Durg::315,drug_target_interaction,Protein::288,0
Durg::144,drug_target_interaction,Protein::1504,0
Durg::122,drug_target_interaction,Protein::401,0
Durg::614,drug_target_interaction,Protein::1186,0
Durg::47,drug_target_interaction,Protein::286,0
Durg::370,drug_target_interaction,Protein::613,0
Durg::484,drug_target_interaction,Protein::778,0
Durg::644,drug_target_interaction,Protein::452,0
Durg::406,drug_target_interaction,Protein::380,0
Durg::538,drug_target_interaction,Protein::1153,0
Durg::505,drug_target_interaction,Protein::636,0
Durg::469,drug_target_interaction,Protein::309,0
Durg::445,drug_target_interaction,Protein::208,0
Durg::601,drug_target_interaction,Protein::852,0
Durg::10,drug_target_interaction,Protein::486,0
Durg::669,drug_target_interaction,Protein::150,0
Durg::243,drug_target_interaction,Protein::383,0
Durg::97,drug_target_interaction,Protein::266,0
Durg::633,drug_target_interaction,Protein::62,0
Durg::23,drug_target_interaction,Protein::258,0
Durg::188,drug_target_interaction,Protein::138,0
Durg::643,drug_target_interaction,Protein::389,0
Durg::579,drug_target_interaction,Protein::85,0
Durg::61,drug_target_interaction,Protein::573,0
Durg::116,drug_target_interaction,Protein::851,0
Durg::500,drug_target_interaction,Protein::296,0
Durg::154,drug_target_interaction,Protein::258,0
Durg::273,drug_target_interaction,Protein::453,0
Durg::428,drug_target_interaction,Protein::428,0
Durg::480,drug_target_interaction,Protein::613,0
Durg::75,drug_target_interaction,Protein::1184,0
Durg::312,drug_target_interaction,Protein::744,0
Durg::349,drug_target_interaction,Protein::621,0
Durg::259,drug_target_interaction,Protein::1139,0
Durg::30,drug_target_interaction,Protein::817,0
Durg::537,drug_target_interaction,Protein::485,0
Durg::2,drug_target_interaction,Protein::244,0
Durg::23,drug_target_interaction,Protein::1179,0
Durg::590,drug_target_interaction,Protein::1185,0
Durg::354,drug_target_interaction,Protein::814,0
Durg::415,drug_target_interaction,Protein::563,0
Durg::430,drug_target_interaction,Protein::1170,0
Durg::471,drug_target_interaction,Protein::83,0
Durg::164,drug_target_interaction,Protein::1186,0
Durg::689,drug_target_interaction,Protein::477,0
Durg::340,drug_target_interaction,Protein::670,0
Durg::134,drug_target_interaction,Protein::940,0
Durg::398,drug_target_interaction,Protein::1187,0
Durg::656,drug_target_interaction,Protein::514,0
Durg::684,drug_target_interaction,Protein::717,0
Durg::247,drug_target_interaction,Protein::470,0
Durg::382,drug_target_interaction,Protein::237,0
Durg::509,drug_target_interaction,Protein::483,0
Durg::225,drug_target_interaction,Protein::346,0
Durg::488,drug_target_interaction,Protein::538,0
Durg::606,drug_target_interaction,Protein::581,0
Durg::431,drug_target_interaction,Protein::259,0
Durg::363,drug_target_interaction,Protein::1177,0
Durg::264,drug_target_interaction,Protein::669,0
Durg::398,drug_target_interaction,Protein::744,0
Durg::288,drug_target_interaction,Protein::10,0
Durg::549,drug_target_interaction,Protein::773,0
Durg::480,drug_target_interaction,Protein::196,0
Durg::125,drug_target_interaction,Protein::922,0
Durg::294,drug_target_interaction,Protein::401,0
Durg::30,drug_target_interaction,Protein::366,0
Durg::564,drug_target_interaction,Protein::84,0
Durg::614,drug_target_interaction,Protein::101,0
Durg::485,drug_target_interaction,Protein::669,0
Durg::259,drug_target_interaction,Protein::918,0
Durg::96,drug_target_interaction,Protein::1010,0
Durg::147,drug_target_interaction,Protein::51,0
Durg::264,drug_target_interaction,Protein::264,0
Durg::443,drug_target_interaction,Protein::359,0
Durg::17,drug_target_interaction,Protein::707,0
Durg::632,drug_target_interaction,Protein::689,0
Durg::614,drug_target_interaction,Protein::1503,0
Durg::176,drug_target_interaction,Protein::931,0
Durg::352,drug_target_interaction,Protein::1161,0
Durg::40,drug_target_interaction,Protein::108,0
Durg::93,drug_target_interaction,Protein::302,0
Durg::49,drug_target_interaction,Protein::124,0
Durg::62,drug_target_interaction,Protein::48,0
Durg::607,drug_target_interaction,Protein::918,0
Durg::554,drug_target_interaction,Protein::196,0
Durg::205,drug_target_interaction,Protein::512,0
Durg::74,drug_target_interaction,Protein::276,0
Durg::147,drug_target_interaction,Protein::512,0
Durg::437,drug_target_interaction,Protein::675,0
Durg::363,drug_target_interaction,Protein::646,0
Durg::225,drug_target_interaction,Protein::549,0
Durg::703,drug_target_interaction,Protein::330,0
Durg::450,drug_target_interaction,Protein::151,0
Durg::444,drug_target_interaction,Protein::33,0
Durg::194,drug_target_interaction,Protein::246,0
Durg::128,drug_target_interaction,Protein::689,0
Durg::431,drug_target_interaction,Protein::696,0
Durg::115,drug_target_interaction,Protein::170,0
Durg::680,drug_target_interaction,Protein::88,0
Durg::32,drug_target_interaction,Protein::185,0
Durg::234,drug_target_interaction,Protein::42,0
Durg::84,drug_target_interaction,Protein::1009,0
Durg::463,drug_target_interaction,Protein::421,0
Durg::503,drug_target_interaction,Protein::570,0
Durg::230,drug_target_interaction,Protein::538,0
Durg::695,drug_target_interaction,Protein::181,0
Durg::623,drug_target_interaction,Protein::1152,0
Durg::141,drug_target_interaction,Protein::295,0
Durg::465,drug_target_interaction,Protein::1184,0
Durg::347,drug_target_interaction,Protein::851,0
Durg::548,drug_target_interaction,Protein::561,0
Durg::110,drug_target_interaction,Protein::681,0
Durg::273,drug_target_interaction,Protein::78,0
Durg::677,drug_target_interaction,Protein::48,0
Durg::88,drug_target_interaction,Protein::124,0
Durg::631,drug_target_interaction,Protein::196,0
Durg::76,drug_target_interaction,Protein::51,0
Durg::582,drug_target_interaction,Protein::1196,0
Durg::277,drug_target_interaction,Protein::21,0
Durg::138,drug_target_interaction,Protein::608,0
Durg::671,drug_target_interaction,Protein::242,0
Durg::170,drug_target_interaction,Protein::139,0
Durg::131,drug_target_interaction,Protein::88,0
Durg::667,drug_target_interaction,Protein::984,0
Durg::454,drug_target_interaction,Protein::1186,0
Durg::552,drug_target_interaction,Protein::237,0
Durg::346,drug_target_interaction,Protein::858,0
Durg::633,drug_target_interaction,Protein::196,0
Durg::115,drug_target_interaction,Protein::374,0
Durg::361,drug_target_interaction,Protein::995,0
Durg::548,drug_target_interaction,Protein::400,0
Durg::650,drug_target_interaction,Protein::696,0
Durg::374,drug_target_interaction,Protein::84,0
Durg::159,drug_target_interaction,Protein::317,0
Durg::141,drug_target_interaction,Protein::483,0
Durg::5,drug_target_interaction,Protein::1506,0
Durg::32,drug_target_interaction,Protein::73,0
Durg::505,drug_target_interaction,Protein::146,0
Durg::684,drug_target_interaction,Protein::988,0
Durg::232,drug_target_interaction,Protein::997,0
Durg::431,drug_target_interaction,Protein::1162,0
Durg::161,drug_target_interaction,Protein::289,0
Durg::238,drug_target_interaction,Protein::1170,0
Durg::684,drug_target_interaction,Protein::40,0
Durg::508,drug_target_interaction,Protein::786,0
Durg::561,drug_target_interaction,Protein::362,0
Durg::492,drug_target_interaction,Protein::430,0
Durg::651,drug_target_interaction,Protein::138,0
Durg::448,drug_target_interaction,Protein::472,0
Durg::354,drug_target_interaction,Protein::413,0
Durg::389,drug_target_interaction,Protein::722,0
Durg::24,drug_target_interaction,Protein::326,0
Durg::420,drug_target_interaction,Protein::241,0
Durg::292,drug_target_interaction,Protein::290,0
Durg::441,drug_target_interaction,Protein::852,0
Durg::264,drug_target_interaction,Protein::636,0
Durg::294,drug_target_interaction,Protein::340,0
Durg::522,drug_target_interaction,Protein::247,0
Durg::278,drug_target_interaction,Protein::395,0
Durg::523,drug_target_interaction,Protein::290,0
Durg::534,drug_target_interaction,Protein::390,0
Durg::101,drug_target_interaction,Protein::223,0
Durg::3,drug_target_interaction,Protein::261,0
Durg::628,drug_target_interaction,Protein::374,0
Durg::384,drug_target_interaction,Protein::589,0
Durg::255,drug_target_interaction,Protein::516,0
Durg::346,drug_target_interaction,Protein::124,0
Durg::493,drug_target_interaction,Protein::108,0
Durg::339,drug_target_interaction,Protein::1165,0
Durg::84,drug_target_interaction,Protein::141,0
Durg::567,drug_target_interaction,Protein::75,0
Durg::410,drug_target_interaction,Protein::62,0
Durg::310,drug_target_interaction,Protein::1034,0
Durg::396,drug_target_interaction,Protein::570,0
Durg::511,drug_target_interaction,Protein::860,0
Durg::505,drug_target_interaction,Protein::84,0
Durg::694,drug_target_interaction,Protein::413,0
Durg::280,drug_target_interaction,Protein::648,0
Durg::571,drug_target_interaction,Protein::994,0
Durg::552,drug_target_interaction,Protein::449,0
Durg::521,drug_target_interaction,Protein::402,0
Durg::138,drug_target_interaction,Protein::1146,0
Durg::632,drug_target_interaction,Protein::78,0
Durg::371,drug_target_interaction,Protein::45,0
Durg::579,drug_target_interaction,Protein::127,0
Durg::683,drug_target_interaction,Protein::592,0
Durg::542,drug_target_interaction,Protein::624,0
Durg::511,drug_target_interaction,Protein::71,0
Durg::411,drug_target_interaction,Protein::197,0
Durg::449,drug_target_interaction,Protein::1165,0
Durg::475,drug_target_interaction,Protein::1066,0
Durg::190,drug_target_interaction,Protein::918,0
Durg::77,drug_target_interaction,Protein::657,0
Durg::454,drug_target_interaction,Protein::625,0
Durg::689,drug_target_interaction,Protein::523,0
Durg::228,drug_target_interaction,Protein::358,0
Durg::442,drug_target_interaction,Protein::583,0
Durg::190,drug_target_interaction,Protein::550,0
Durg::581,drug_target_interaction,Protein::518,0
Durg::565,drug_target_interaction,Protein::25,0
Durg::581,drug_target_interaction,Protein::621,0
Durg::418,drug_target_interaction,Protein::320,0
Durg::612,drug_target_interaction,Protein::360,0
Durg::680,drug_target_interaction,Protein::99,0
Durg::669,drug_target_interaction,Protein::368,0
Durg::154,drug_target_interaction,Protein::1000,0
Durg::189,drug_target_interaction,Protein::442,0
Durg::152,drug_target_interaction,Protein::426,0
Durg::254,drug_target_interaction,Protein::358,0
Durg::58,drug_target_interaction,Protein::318,0
Durg::498,drug_target_interaction,Protein::484,0
Durg::601,drug_target_interaction,Protein::1010,0
Durg::134,drug_target_interaction,Protein::317,0
Durg::316,drug_target_interaction,Protein::613,0
Durg::19,drug_target_interaction,Protein::453,0
Durg::71,drug_target_interaction,Protein::696,0
Durg::191,drug_target_interaction,Protein::665,0
Durg::22,drug_target_interaction,Protein::989,0
Durg::443,drug_target_interaction,Protein::621,0
Durg::400,drug_target_interaction,Protein::727,0
Durg::413,drug_target_interaction,Protein::246,0
Durg::370,drug_target_interaction,Protein::987,0
Durg::302,drug_target_interaction,Protein::71,0
Durg::152,drug_target_interaction,Protein::924,0
Durg::378,drug_target_interaction,Protein::328,0
Durg::394,drug_target_interaction,Protein::722,0
Durg::394,drug_target_interaction,Protein::89,0
Durg::103,drug_target_interaction,Protein::170,0
Durg::261,drug_target_interaction,Protein::389,0
Durg::523,drug_target_interaction,Protein::48,0
Durg::15,drug_target_interaction,Protein::852,0
Durg::430,drug_target_interaction,Protein::335,0
Durg::23,drug_target_interaction,Protein::709,0
Durg::17,drug_target_interaction,Protein::166,0
Durg::122,drug_target_interaction,Protein::853,0
Durg::656,drug_target_interaction,Protein::1186,0
Durg::539,drug_target_interaction,Protein::423,0
Durg::332,drug_target_interaction,Protein::427,0
Durg::415,drug_target_interaction,Protein::989,0
Durg::182,drug_target_interaction,Protein::1029,0
Durg::36,drug_target_interaction,Protein::264,0
Durg::90,drug_target_interaction,Protein::987,0
Durg::47,drug_target_interaction,Protein::993,0
Durg::472,drug_target_interaction,Protein::203,0
Durg::230,drug_target_interaction,Protein::240,0
Durg::206,drug_target_interaction,Protein::614,0
Durg::133,drug_target_interaction,Protein::859,0
Durg::112,drug_target_interaction,Protein::477,0
Durg::433,drug_target_interaction,Protein::1177,0
Durg::310,drug_target_interaction,Protein::858,0
Durg::392,drug_target_interaction,Protein::514,0
Durg::392,drug_target_interaction,Protein::424,0
Durg::369,drug_target_interaction,Protein::360,0
Durg::506,drug_target_interaction,Protein::241,0
Durg::481,drug_target_interaction,Protein::773,0
Durg::445,drug_target_interaction,Protein::201,0
Durg::22,drug_target_interaction,Protein::1169,0
Durg::244,drug_target_interaction,Protein::505,0
Durg::462,drug_target_interaction,Protein::248,0
Durg::293,drug_target_interaction,Protein::279,0
Durg::47,drug_target_interaction,Protein::368,0
Durg::530,drug_target_interaction,Protein::856,0
Durg::109,drug_target_interaction,Protein::856,0
Durg::595,drug_target_interaction,Protein::546,0
Durg::449,drug_target_interaction,Protein::340,0
Durg::194,drug_target_interaction,Protein::424,0
Durg::271,drug_target_interaction,Protein::726,0
Durg::355,drug_target_interaction,Protein::139,0
Durg::333,drug_target_interaction,Protein::413,0
Durg::233,drug_target_interaction,Protein::232,0
Durg::15,drug_target_interaction,Protein::1187,0
Durg::262,drug_target_interaction,Protein::358,0
Durg::641,drug_target_interaction,Protein::145,0
Durg::610,drug_target_interaction,Protein::108,0
Durg::532,drug_target_interaction,Protein::1169,0
Durg::60,drug_target_interaction,Protein::1164,0
Durg::393,drug_target_interaction,Protein::569,0
Durg::586,drug_target_interaction,Protein::574,0
Durg::676,drug_target_interaction,Protein::14,0
Durg::16,drug_target_interaction,Protein::581,0
Durg::72,drug_target_interaction,Protein::407,0
Durg::667,drug_target_interaction,Protein::123,0
Durg::227,drug_target_interaction,Protein::288,0
Durg::2,drug_target_interaction,Protein::1508,0
Durg::369,drug_target_interaction,Protein::435,0
Durg::623,drug_target_interaction,Protein::617,0
Durg::38,drug_target_interaction,Protein::496,0
Durg::290,drug_target_interaction,Protein::496,0
Durg::268,drug_target_interaction,Protein::442,0
Durg::368,drug_target_interaction,Protein::62,0
Durg::238,drug_target_interaction,Protein::483,0
Durg::421,drug_target_interaction,Protein::546,0
Durg::65,drug_target_interaction,Protein::271,0
Durg::643,drug_target_interaction,Protein::243,0
Durg::529,drug_target_interaction,Protein::1175,0
Durg::476,drug_target_interaction,Protein::45,0
Durg::279,drug_target_interaction,Protein::854,0
Durg::499,drug_target_interaction,Protein::276,0
Durg::459,drug_target_interaction,Protein::1172,0
Durg::289,drug_target_interaction,Protein::916,0
Durg::236,drug_target_interaction,Protein::439,0
Durg::378,drug_target_interaction,Protein::45,0
Durg::137,drug_target_interaction,Protein::327,0
Durg::97,drug_target_interaction,Protein::127,0
Durg::373,drug_target_interaction,Protein::421,0
Durg::541,drug_target_interaction,Protein::681,0
Durg::210,drug_target_interaction,Protein::144,0
Durg::97,drug_target_interaction,Protein::997,0
Durg::158,drug_target_interaction,Protein::617,0
Durg::662,drug_target_interaction,Protein::860,0
Durg::316,drug_target_interaction,Protein::1174,0
Durg::140,drug_target_interaction,Protein::394,0
Durg::103,drug_target_interaction,Protein::515,0
Durg::443,drug_target_interaction,Protein::860,0
Durg::178,drug_target_interaction,Protein::513,0
Durg::566,drug_target_interaction,Protein::696,0
Durg::610,drug_target_interaction,Protein::232,0
Durg::654,drug_target_interaction,Protein::656,0
Durg::97,drug_target_interaction,Protein::259,0
Durg::281,drug_target_interaction,Protein::648,0
Durg::544,drug_target_interaction,Protein::991,0
Durg::31,drug_target_interaction,Protein::581,0
Durg::50,drug_target_interaction,Protein::1166,0
Durg::624,drug_target_interaction,Protein::1152,0
Durg::508,drug_target_interaction,Protein::497,0
Durg::188,drug_target_interaction,Protein::744,0
Durg::250,drug_target_interaction,Protein::135,0
Durg::683,drug_target_interaction,Protein::931,0
Durg::528,drug_target_interaction,Protein::1066,0
Durg::340,drug_target_interaction,Protein::320,0
Durg::199,drug_target_interaction,Protein::681,0
Durg::494,drug_target_interaction,Protein::1179,0
Durg::424,drug_target_interaction,Protein::203,0
Durg::503,drug_target_interaction,Protein::112,0
Durg::34,drug_target_interaction,Protein::175,0
Durg::317,drug_target_interaction,Protein::1138,0
Durg::25,drug_target_interaction,Protein::360,0
Durg::615,drug_target_interaction,Protein::89,0
Durg::357,drug_target_interaction,Protein::340,0
Durg::641,drug_target_interaction,Protein::1188,0
Durg::511,drug_target_interaction,Protein::359,0
Durg::680,drug_target_interaction,Protein::482,0
Durg::197,drug_target_interaction,Protein::377,0
Durg::183,drug_target_interaction,Protein::88,0
Durg::34,drug_target_interaction,Protein::496,0
Durg::0,drug_target_interaction,Protein::142,0
Durg::189,drug_target_interaction,Protein::484,0
Durg::126,drug_target_interaction,Protein::295,0
Durg::377,drug_target_interaction,Protein::853,0
Durg::534,drug_target_interaction,Protein::139,0
Durg::233,drug_target_interaction,Protein::75,0
Durg::344,drug_target_interaction,Protein::1055,0
Durg::302,drug_target_interaction,Protein::1155,0
Durg::392,drug_target_interaction,Protein::151,0
Durg::153,drug_target_interaction,Protein::514,0
Durg::609,drug_target_interaction,Protein::1167,0
Durg::84,drug_target_interaction,Protein::496,0
Durg::262,drug_target_interaction,Protein::1506,0
Durg::430,drug_target_interaction,Protein::550,0
Durg::370,drug_target_interaction,Protein::588,0
Durg::103,drug_target_interaction,Protein::726,0
Durg::232,drug_target_interaction,Protein::89,0
Durg::478,drug_target_interaction,Protein::786,0
Durg::662,drug_target_interaction,Protein::380,0
Durg::352,drug_target_interaction,Protein::170,0
Durg::630,drug_target_interaction,Protein::218,0
Durg::34,drug_target_interaction,Protein::1166,0
Durg::503,drug_target_interaction,Protein::448,0
Durg::500,drug_target_interaction,Protein::315,0
Durg::469,drug_target_interaction,Protein::859,0
Durg::703,drug_target_interaction,Protein::1188,0
Durg::203,drug_target_interaction,Protein::402,0
Durg::167,drug_target_interaction,Protein::1201,0
Durg::575,drug_target_interaction,Protein::232,0
Durg::14,drug_target_interaction,Protein::149,0
Durg::418,drug_target_interaction,Protein::357,0
Durg::641,drug_target_interaction,Protein::530,0
Durg::152,drug_target_interaction,Protein::1172,0
Durg::41,drug_target_interaction,Protein::90,0
Durg::299,drug_target_interaction,Protein::570,0
Durg::571,drug_target_interaction,Protein::538,0
Durg::25,drug_target_interaction,Protein::328,0
Durg::54,drug_target_interaction,Protein::524,0
Durg::431,drug_target_interaction,Protein::581,0
Durg::616,drug_target_interaction,Protein::509,0
Durg::426,drug_target_interaction,Protein::195,0
Durg::126,drug_target_interaction,Protein::853,0
Durg::460,drug_target_interaction,Protein::380,0
Durg::358,drug_target_interaction,Protein::427,0
Durg::99,drug_target_interaction,Protein::272,0
Durg::148,drug_target_interaction,Protein::727,0
Durg::455,drug_target_interaction,Protein::514,0
Durg::429,drug_target_interaction,Protein::89,0
Durg::450,drug_target_interaction,Protein::88,0
Durg::280,drug_target_interaction,Protein::51,0
Durg::188,drug_target_interaction,Protein::218,0
Durg::197,drug_target_interaction,Protein::362,0
Durg::118,drug_target_interaction,Protein::330,0
Durg::557,drug_target_interaction,Protein::319,0
Durg::108,drug_target_interaction,Protein::366,0
Durg::395,drug_target_interaction,Protein::1162,0
Durg::122,drug_target_interaction,Protein::240,0
Durg::532,drug_target_interaction,Protein::150,0
Durg::178,drug_target_interaction,Protein::505,0
Durg::639,drug_target_interaction,Protein::989,0
Durg::422,drug_target_interaction,Protein::656,0
Durg::521,drug_target_interaction,Protein::460,0
Durg::536,drug_target_interaction,Protein::390,0
Durg::507,drug_target_interaction,Protein::389,0
Durg::658,drug_target_interaction,Protein::1175,0
Durg::78,drug_target_interaction,Protein::1138,0
Durg::704,drug_target_interaction,Protein::377,0
Durg::689,drug_target_interaction,Protein::225,0
Durg::213,drug_target_interaction,Protein::916,0
Durg::330,drug_target_interaction,Protein::183,0
Durg::145,drug_target_interaction,Protein::1034,0
Durg::244,drug_target_interaction,Protein::694,0
Durg::505,drug_target_interaction,Protein::783,0
Durg::508,drug_target_interaction,Protein::144,0
Durg::704,drug_target_interaction,Protein::114,0
Durg::126,drug_target_interaction,Protein::996,0
Durg::163,drug_target_interaction,Protein::237,0
Durg::123,drug_target_interaction,Protein::322,0
Durg::396,drug_target_interaction,Protein::1504,0
Durg::146,drug_target_interaction,Protein::141,0
Durg::691,drug_target_interaction,Protein::485,0
Durg::165,drug_target_interaction,Protein::170,0
Durg::264,drug_target_interaction,Protein::514,0
Durg::2,drug_target_interaction,Protein::916,0
Durg::291,drug_target_interaction,Protein::608,0
Durg::66,drug_target_interaction,Protein::569,0
Durg::374,drug_target_interaction,Protein::1185,0
Durg::343,drug_target_interaction,Protein::39,0
Durg::632,drug_target_interaction,Protein::1162,0
Durg::350,drug_target_interaction,Protein::485,0
Durg::508,drug_target_interaction,Protein::10,0
Durg::78,drug_target_interaction,Protein::140,0
Durg::496,drug_target_interaction,Protein::39,0
Durg::134,drug_target_interaction,Protein::114,0
Durg::700,drug_target_interaction,Protein::10,0
Durg::101,drug_target_interaction,Protein::261,0
Durg::54,drug_target_interaction,Protein::135,0
Durg::366,drug_target_interaction,Protein::1172,0
Durg::637,drug_target_interaction,Protein::452,0
Durg::672,drug_target_interaction,Protein::208,0
Durg::61,drug_target_interaction,Protein::625,0
Durg::148,drug_target_interaction,Protein::335,0
Durg::691,drug_target_interaction,Protein::12,0
Durg::4,drug_target_interaction,Protein::509,0
Durg::663,drug_target_interaction,Protein::744,0
Durg::123,drug_target_interaction,Protein::857,0
Durg::445,drug_target_interaction,Protein::263,0
Durg::677,drug_target_interaction,Protein::669,0
Durg::290,drug_target_interaction,Protein::183,0
Durg::123,drug_target_interaction,Protein::359,0
Durg::333,drug_target_interaction,Protein::744,0
Durg::287,drug_target_interaction,Protein::145,0
Durg::537,drug_target_interaction,Protein::120,0
Durg::71,drug_target_interaction,Protein::366,0
Durg::291,drug_target_interaction,Protein::573,0
Durg::24,drug_target_interaction,Protein::317,0
Durg::310,drug_target_interaction,Protein::195,0
Durg::211,drug_target_interaction,Protein::997,0
Durg::672,drug_target_interaction,Protein::640,0
Durg::408,drug_target_interaction,Protein::563,0
Durg::373,drug_target_interaction,Protein::360,0
Durg::592,drug_target_interaction,Protein::1055,0
Durg::259,drug_target_interaction,Protein::1503,0
Durg::485,drug_target_interaction,Protein::648,0
Durg::631,drug_target_interaction,Protein::311,0
Durg::292,drug_target_interaction,Protein::164,0
Durg::65,drug_target_interaction,Protein::98,0
Durg::276,drug_target_interaction,Protein::112,0
Durg::554,drug_target_interaction,Protein::450,0
Durg::373,drug_target_interaction,Protein::1172,0
Durg::262,drug_target_interaction,Protein::368,0
Durg::502,drug_target_interaction,Protein::327,0
Durg::542,drug_target_interaction,Protein::1153,0
Durg::437,drug_target_interaction,Protein::21,0
Durg::12,drug_target_interaction,Protein::266,0
Durg::505,drug_target_interaction,Protein::635,0
Durg::46,drug_target_interaction,Protein::1163,0
Durg::663,drug_target_interaction,Protein::1000,0
Durg::419,drug_target_interaction,Protein::1006,0
Durg::110,drug_target_interaction,Protein::1172,0
Durg::76,drug_target_interaction,Protein::851,0
Durg::466,drug_target_interaction,Protein::340,0
Durg::473,drug_target_interaction,Protein::32,0
Durg::224,drug_target_interaction,Protein::450,0
Durg::581,drug_target_interaction,Protein::1165,0
Durg::89,drug_target_interaction,Protein::273,0
Durg::159,drug_target_interaction,Protein::240,0
Durg::243,drug_target_interaction,Protein::857,0
Durg::481,drug_target_interaction,Protein::1038,0
Durg::335,drug_target_interaction,Protein::62,0
Durg::127,drug_target_interaction,Protein::318,0
Durg::96,drug_target_interaction,Protein::273,0
Durg::174,drug_target_interaction,Protein::428,0
Durg::581,drug_target_interaction,Protein::366,0
Durg::179,drug_target_interaction,Protein::856,0
Durg::74,drug_target_interaction,Protein::424,0
Durg::262,drug_target_interaction,Protein::1176,0
Durg::590,drug_target_interaction,Protein::573,0
Durg::476,drug_target_interaction,Protein::160,0
Durg::477,drug_target_interaction,Protein::440,0
Durg::662,drug_target_interaction,Protein::146,0
Durg::66,drug_target_interaction,Protein::592,0
Durg::489,drug_target_interaction,Protein::1508,0
Durg::479,drug_target_interaction,Protein::232,0
Durg::645,drug_target_interaction,Protein::449,0
Durg::640,drug_target_interaction,Protein::860,0
Durg::240,drug_target_interaction,Protein::134,0
Durg::498,drug_target_interaction,Protein::315,0
Durg::50,drug_target_interaction,Protein::120,0
Durg::234,drug_target_interaction,Protein::10,0
Durg::110,drug_target_interaction,Protein::592,0
Durg::444,drug_target_interaction,Protein::374,0
Durg::330,drug_target_interaction,Protein::727,0
Durg::99,drug_target_interaction,Protein::237,0
Durg::2,drug_target_interaction,Protein::991,0
Durg::170,drug_target_interaction,Protein::1173,0
Durg::109,drug_target_interaction,Protein::927,0
Durg::253,drug_target_interaction,Protein::43,0
Durg::49,drug_target_interaction,Protein::1041,0
Durg::70,drug_target_interaction,Protein::922,0
Durg::497,drug_target_interaction,Protein::291,0
Durg::544,drug_target_interaction,Protein::242,0
Durg::410,drug_target_interaction,Protein::377,0
Durg::483,drug_target_interaction,Protein::1034,0
Durg::82,drug_target_interaction,Protein::1015,0
Durg::225,drug_target_interaction,Protein::497,0
Durg::651,drug_target_interaction,Protein::435,0
Durg::102,drug_target_interaction,Protein::394,0
Durg::76,drug_target_interaction,Protein::1177,0
Durg::372,drug_target_interaction,Protein::291,0
Durg::443,drug_target_interaction,Protein::1202,0
Durg::493,drug_target_interaction,Protein::258,0
Durg::141,drug_target_interaction,Protein::426,0
Durg::58,drug_target_interaction,Protein::390,0
Durg::569,drug_target_interaction,Protein::614,0
Durg::660,drug_target_interaction,Protein::466,0
Durg::352,drug_target_interaction,Protein::181,0
Durg::332,drug_target_interaction,Protein::260,0
Durg::388,drug_target_interaction,Protein::563,0
Durg::603,drug_target_interaction,Protein::10,0
Durg::199,drug_target_interaction,Protein::1201,0
Durg::407,drug_target_interaction,Protein::286,0
Durg::330,drug_target_interaction,Protein::569,0
Durg::298,drug_target_interaction,Protein::922,0
Durg::496,drug_target_interaction,Protein::439,0
Durg::278,drug_target_interaction,Protein::918,0
Durg::10,drug_target_interaction,Protein::1179,0
Durg::314,drug_target_interaction,Protein::523,0
Durg::391,drug_target_interaction,Protein::1203,0
Durg::601,drug_target_interaction,Protein::40,0
Durg::542,drug_target_interaction,Protein::39,0
Durg::392,drug_target_interaction,Protein::669,0
Durg::375,drug_target_interaction,Protein::201,0
Durg::285,drug_target_interaction,Protein::401,0
Durg::179,drug_target_interaction,Protein::197,0
Durg::540,drug_target_interaction,Protein::237,0
Durg::343,drug_target_interaction,Protein::113,0
Durg::694,drug_target_interaction,Protein::524,0
Durg::10,drug_target_interaction,Protein::1153,0
Durg::354,drug_target_interaction,Protein::449,0
Durg::704,drug_target_interaction,Protein::194,0
Durg::411,drug_target_interaction,Protein::773,0
Durg::280,drug_target_interaction,Protein::916,0
Durg::489,drug_target_interaction,Protein::326,0
Durg::189,drug_target_interaction,Protein::568,0
Durg::27,drug_target_interaction,Protein::39,0
Durg::693,drug_target_interaction,Protein::696,0
Durg::319,drug_target_interaction,Protein::482,0
Durg::656,drug_target_interaction,Protein::523,0
Durg::661,drug_target_interaction,Protein::207,0
Durg::110,drug_target_interaction,Protein::696,0
Durg::514,drug_target_interaction,Protein::509,0
Durg::299,drug_target_interaction,Protein::360,0
Durg::316,drug_target_interaction,Protein::709,0
Durg::61,drug_target_interaction,Protein::1015,0
Durg::68,drug_target_interaction,Protein::73,0
Durg::236,drug_target_interaction,Protein::1176,0
Durg::516,drug_target_interaction,Protein::248,0
Durg::685,drug_target_interaction,Protein::78,0
Durg::148,drug_target_interaction,Protein::166,0
Durg::545,drug_target_interaction,Protein::134,0
Durg::660,drug_target_interaction,Protein::261,0
Durg::236,drug_target_interaction,Protein::670,0
Durg::61,drug_target_interaction,Protein::312,0
Durg::627,drug_target_interaction,Protein::509,0
Durg::693,drug_target_interaction,Protein::320,0
Durg::146,drug_target_interaction,Protein::390,0
Durg::96,drug_target_interaction,Protein::402,0
Durg::565,drug_target_interaction,Protein::150,0
Durg::460,drug_target_interaction,Protein::669,0
Durg::460,drug_target_interaction,Protein::1176,0
Durg::125,drug_target_interaction,Protein::25,0
Durg::641,drug_target_interaction,Protein::574,0
Durg::637,drug_target_interaction,Protein::940,0
Durg::151,drug_target_interaction,Protein::1029,0
Durg::288,drug_target_interaction,Protein::1146,0
Durg::631,drug_target_interaction,Protein::992,0
Durg::473,drug_target_interaction,Protein::368,0
Durg::151,drug_target_interaction,Protein::588,0
Durg::242,drug_target_interaction,Protein::6,0
Durg::361,drug_target_interaction,Protein::13,0
Durg::465,drug_target_interaction,Protein::42,0
Durg::295,drug_target_interaction,Protein::99,0
Durg::300,drug_target_interaction,Protein::246,0
Durg::449,drug_target_interaction,Protein::696,0
Durg::211,drug_target_interaction,Protein::166,0
Durg::196,drug_target_interaction,Protein::636,0
Durg::494,drug_target_interaction,Protein::28,0
Durg::286,drug_target_interaction,Protein::201,0
Durg::621,drug_target_interaction,Protein::661,0
Durg::690,drug_target_interaction,Protein::183,0
Durg::69,drug_target_interaction,Protein::330,0
Durg::703,drug_target_interaction,Protein::738,0
Durg::463,drug_target_interaction,Protein::326,0
Durg::302,drug_target_interaction,Protein::383,0
Durg::500,drug_target_interaction,Protein::675,0
Durg::23,drug_target_interaction,Protein::1177,0
Durg::388,drug_target_interaction,Protein::656,0
Durg::251,drug_target_interaction,Protein::670,0
Durg::137,drug_target_interaction,Protein::527,0
Durg::567,drug_target_interaction,Protein::223,0
Durg::618,drug_target_interaction,Protein::243,0
Durg::211,drug_target_interaction,Protein::14,0
Durg::411,drug_target_interaction,Protein::194,0
Durg::356,drug_target_interaction,Protein::346,0
Durg::189,drug_target_interaction,Protein::1299,0
Durg::250,drug_target_interaction,Protein::1504,0
Durg::631,drug_target_interaction,Protein::1160,0
Durg::536,drug_target_interaction,Protein::1188,0
Durg::158,drug_target_interaction,Protein::121,0
Durg::678,drug_target_interaction,Protein::185,0
Durg::89,drug_target_interaction,Protein::738,0
Durg::272,drug_target_interaction,Protein::114,0
Durg::225,drug_target_interaction,Protein::279,0
Durg::442,drug_target_interaction,Protein::288,0
Durg::244,drug_target_interaction,Protein::265,0
Durg::542,drug_target_interaction,Protein::78,0
Durg::582,drug_target_interaction,Protein::605,0
Durg::7,drug_target_interaction,Protein::449,0
Durg::137,drug_target_interaction,Protein::295,0
Durg::400,drug_target_interaction,Protein::509,0
Durg::477,drug_target_interaction,Protein::573,0
Durg::683,drug_target_interaction,Protein::709,0
Durg::451,drug_target_interaction,Protein::208,0
Durg::145,drug_target_interaction,Protein::588,0
Durg::377,drug_target_interaction,Protein::640,0
Durg::446,drug_target_interaction,Protein::486,0
Durg::86,drug_target_interaction,Protein::1038,0
Durg::146,drug_target_interaction,Protein::689,0
Durg::388,drug_target_interaction,Protein::453,0
Durg::658,drug_target_interaction,Protein::518,0
Durg::11,drug_target_interaction,Protein::656,0
Durg::158,drug_target_interaction,Protein::309,0
Durg::292,drug_target_interaction,Protein::860,0
Durg::0,drug_target_interaction,Protein::98,0
Durg::69,drug_target_interaction,Protein::67,0
Durg::287,drug_target_interaction,Protein::394,0
Durg::243,drug_target_interaction,Protein::1055,0
Durg::446,drug_target_interaction,Protein::1176,0
Durg::127,drug_target_interaction,Protein::290,0
Durg::418,drug_target_interaction,Protein::366,0
Durg::514,drug_target_interaction,Protein::663,0
Durg::298,drug_target_interaction,Protein::326,0
Durg::398,drug_target_interaction,Protein::83,0
Durg::58,drug_target_interaction,Protein::1152,0
Durg::345,drug_target_interaction,Protein::1139,0
Durg::90,drug_target_interaction,Protein::592,0
Durg::523,drug_target_interaction,Protein::554,0
Durg::691,drug_target_interaction,Protein::326,0
Durg::641,drug_target_interaction,Protein::485,0
Durg::329,drug_target_interaction,Protein::482,0
Durg::356,drug_target_interaction,Protein::318,0
Durg::70,drug_target_interaction,Protein::196,0
Durg::346,drug_target_interaction,Protein::720,0
Durg::85,drug_target_interaction,Protein::986,0
Durg::689,drug_target_interaction,Protein::814,0
Durg::12,drug_target_interaction,Protein::514,0
Durg::540,drug_target_interaction,Protein::164,0
Durg::419,drug_target_interaction,Protein::852,0
Durg::287,drug_target_interaction,Protein::453,0
Durg::524,drug_target_interaction,Protein::995,0
Durg::405,drug_target_interaction,Protein::1150,0
Durg::42,drug_target_interaction,Protein::244,0
Durg::329,drug_target_interaction,Protein::64,0
Durg::469,drug_target_interaction,Protein::1150,0
Durg::441,drug_target_interaction,Protein::42,0
Durg::300,drug_target_interaction,Protein::150,0
Durg::219,drug_target_interaction,Protein::720,0
Durg::532,drug_target_interaction,Protein::1166,0
Durg::623,drug_target_interaction,Protein::232,0
Durg::344,drug_target_interaction,Protein::994,0
Durg::425,drug_target_interaction,Protein::1041,0
Durg::88,drug_target_interaction,Protein::189,0
Durg::376,drug_target_interaction,Protein::1167,0
Durg::167,drug_target_interaction,Protein::487,0
Durg::368,drug_target_interaction,Protein::694,0
Durg::544,drug_target_interaction,Protein::380,0
Durg::380,drug_target_interaction,Protein::563,0
Durg::99,drug_target_interaction,Protein::26,0
Durg::65,drug_target_interaction,Protein::195,0
Durg::32,drug_target_interaction,Protein::1151,0
Durg::443,drug_target_interaction,Protein::89,0
Durg::480,drug_target_interaction,Protein::583,0
Durg::429,drug_target_interaction,Protein::330,0
Durg::329,drug_target_interaction,Protein::985,0
Durg::292,drug_target_interaction,Protein::241,0
Durg::644,drug_target_interaction,Protein::175,0
Durg::80,drug_target_interaction,Protein::197,0
Durg::614,drug_target_interaction,Protein::81,0
Durg::280,drug_target_interaction,Protein::665,0
Durg::413,drug_target_interaction,Protein::346,0
Durg::205,drug_target_interaction,Protein::185,0
Durg::214,drug_target_interaction,Protein::621,0
Durg::663,drug_target_interaction,Protein::237,0
Durg::115,drug_target_interaction,Protein::291,0
Durg::15,drug_target_interaction,Protein::538,0
Durg::102,drug_target_interaction,Protein::317,0
Durg::609,drug_target_interaction,Protein::726,0
Durg::644,drug_target_interaction,Protein::665,0
Durg::695,drug_target_interaction,Protein::25,0
Durg::623,drug_target_interaction,Protein::518,0
Durg::206,drug_target_interaction,Protein::1504,0
Durg::147,drug_target_interaction,Protein::189,0
Durg::126,drug_target_interaction,Protein::18,0
Durg::244,drug_target_interaction,Protein::429,0
Durg::683,drug_target_interaction,Protein::857,0
Durg::522,drug_target_interaction,Protein::515,0
Durg::46,drug_target_interaction,Protein::647,0
Durg::504,drug_target_interaction,Protein::635,0
Durg::261,drug_target_interaction,Protein::470,0
Durg::430,drug_target_interaction,Protein::71,0
Durg::432,drug_target_interaction,Protein::637,0
Durg::350,drug_target_interaction,Protein::265,0
Durg::238,drug_target_interaction,Protein::43,0
Durg::94,drug_target_interaction,Protein::1179,0
Durg::17,drug_target_interaction,Protein::648,0
Durg::704,drug_target_interaction,Protein::73,0
Durg::698,drug_target_interaction,Protein::922,0
Durg::170,drug_target_interaction,Protein::624,0
Durg::607,drug_target_interaction,Protein::694,0
Durg::189,drug_target_interaction,Protein::134,0
Durg::103,drug_target_interaction,Protein::514,0
Durg::361,drug_target_interaction,Protein::83,0
Durg::48,drug_target_interaction,Protein::610,0
Durg::407,drug_target_interaction,Protein::295,0
Durg::434,drug_target_interaction,Protein::124,0
Durg::368,drug_target_interaction,Protein::744,0
Durg::361,drug_target_interaction,Protein::64,0
Durg::275,drug_target_interaction,Protein::427,0
Durg::689,drug_target_interaction,Protein::183,0
Durg::689,drug_target_interaction,Protein::75,0
Durg::210,drug_target_interaction,Protein::98,0
Durg::114,drug_target_interaction,Protein::1176,0
Durg::115,drug_target_interaction,Protein::588,0
Durg::300,drug_target_interaction,Protein::32,0
Durg::700,drug_target_interaction,Protein::319,0
Durg::569,drug_target_interaction,Protein::918,0
Durg::462,drug_target_interaction,Protein::82,0
Durg::300,drug_target_interaction,Protein::2,0
Durg::221,drug_target_interaction,Protein::435,0
Durg::602,drug_target_interaction,Protein::987,0
Durg::361,drug_target_interaction,Protein::264,0
Durg::463,drug_target_interaction,Protein::636,0
Durg::523,drug_target_interaction,Protein::31,0
Durg::170,drug_target_interaction,Protein::366,0
Durg::499,drug_target_interaction,Protein::263,0
Durg::491,drug_target_interaction,Protein::1150,0
Durg::111,drug_target_interaction,Protein::145,0
Durg::101,drug_target_interaction,Protein::694,0
Durg::52,drug_target_interaction,Protein::995,0
Durg::406,drug_target_interaction,Protein::395,0
Durg::135,drug_target_interaction,Protein::1164,0
Durg::639,drug_target_interaction,Protein::783,0
Durg::121,drug_target_interaction,Protein::696,0
Durg::586,drug_target_interaction,Protein::742,0
Durg::535,drug_target_interaction,Protein::613,0
Durg::70,drug_target_interaction,Protein::113,0
Durg::334,drug_target_interaction,Protein::694,0
Durg::219,drug_target_interaction,Protein::327,0
Durg::645,drug_target_interaction,Protein::276,0
Durg::197,drug_target_interaction,Protein::203,0
Durg::327,drug_target_interaction,Protein::75,0
Durg::261,drug_target_interaction,Protein::477,0
Durg::625,drug_target_interaction,Protein::513,0
Durg::182,drug_target_interaction,Protein::84,0
Durg::72,drug_target_interaction,Protein::1179,0
Durg::224,drug_target_interaction,Protein::617,0
Durg::460,drug_target_interaction,Protein::1163,0
Durg::66,drug_target_interaction,Protein::568,0
Durg::675,drug_target_interaction,Protein::1000,0
Durg::466,drug_target_interaction,Protein::624,0
Durg::80,drug_target_interaction,Protein::918,0
Durg::168,drug_target_interaction,Protein::613,0
Durg::9,drug_target_interaction,Protein::636,0
Durg::123,drug_target_interaction,Protein::515,0
Durg::698,drug_target_interaction,Protein::1138,0
Durg::565,drug_target_interaction,Protein::1153,0
Durg::384,drug_target_interaction,Protein::429,0
Durg::542,drug_target_interaction,Protein::302,0
Durg::641,drug_target_interaction,Protein::243,0
Durg::137,drug_target_interaction,Protein::922,0
Durg::297,drug_target_interaction,Protein::155,0
Durg::478,drug_target_interaction,Protein::6,0
Durg::195,drug_target_interaction,Protein::1203,0
Durg::586,drug_target_interaction,Protein::18,0
Durg::130,drug_target_interaction,Protein::657,0
Durg::220,drug_target_interaction,Protein::383,0
Durg::38,drug_target_interaction,Protein::459,0
Durg::539,drug_target_interaction,Protein::546,0
Durg::602,drug_target_interaction,Protein::311,0
Durg::423,drug_target_interaction,Protein::383,0
Durg::391,drug_target_interaction,Protein::389,0
Durg::352,drug_target_interaction,Protein::495,0
Durg::361,drug_target_interaction,Protein::368,0
Durg::238,drug_target_interaction,Protein::985,0
Durg::625,drug_target_interaction,Protein::1184,0
Durg::210,drug_target_interaction,Protein::497,0
Durg::357,drug_target_interaction,Protein::208,0
Durg::700,drug_target_interaction,Protein::40,0
Durg::270,drug_target_interaction,Protein::512,0
Durg::499,drug_target_interaction,Protein::394,0
Durg::196,drug_target_interaction,Protein::144,0
Durg::632,drug_target_interaction,Protein::990,0
Durg::458,drug_target_interaction,Protein::181,0
Durg::612,drug_target_interaction,Protein::10,0
Durg::103,drug_target_interaction,Protein::854,0
Durg::62,drug_target_interaction,Protein::720,0
Durg::433,drug_target_interaction,Protein::7,0
Durg::601,drug_target_interaction,Protein::1022,0
Durg::120,drug_target_interaction,Protein::1166,0
Durg::618,drug_target_interaction,Protein::440,0
Durg::628,drug_target_interaction,Protein::538,0
Durg::34,drug_target_interaction,Protein::2,0
Durg::96,drug_target_interaction,Protein::241,0
Durg::80,drug_target_interaction,Protein::90,0
Durg::339,drug_target_interaction,Protein::554,0
Durg::279,drug_target_interaction,Protein::1034,0
Durg::363,drug_target_interaction,Protein::1181,0
Durg::199,drug_target_interaction,Protein::246,0
Durg::225,drug_target_interaction,Protein::640,0
Durg::609,drug_target_interaction,Protein::115,0
Durg::196,drug_target_interaction,Protein::203,0
Durg::401,drug_target_interaction,Protein::258,0
Durg::623,drug_target_interaction,Protein::448,0
Durg::418,drug_target_interaction,Protein::993,0
Durg::180,drug_target_interaction,Protein::505,0
Durg::195,drug_target_interaction,Protein::28,0
Durg::15,drug_target_interaction,Protein::90,0
Durg::650,drug_target_interaction,Protein::143,0
Durg::466,drug_target_interaction,Protein::51,0
Durg::609,drug_target_interaction,Protein::45,0
Durg::703,drug_target_interaction,Protein::75,0
Durg::575,drug_target_interaction,Protein::402,0
Durg::638,drug_target_interaction,Protein::1041,0
Durg::637,drug_target_interaction,Protein::288,0
Durg::530,drug_target_interaction,Protein::181,0
Durg::10,drug_target_interaction,Protein::1155,0
Durg::271,drug_target_interaction,Protein::309,0
Durg::641,drug_target_interaction,Protein::67,0
Durg::123,drug_target_interaction,Protein::427,0
Durg::247,drug_target_interaction,Protein::625,0
Durg::9,drug_target_interaction,Protein::286,0
Durg::46,drug_target_interaction,Protein::1034,0
Durg::418,drug_target_interaction,Protein::744,0
Durg::196,drug_target_interaction,Protein::194,0
Durg::211,drug_target_interaction,Protein::523,0
Durg::603,drug_target_interaction,Protein::656,0
Durg::376,drug_target_interaction,Protein::477,0
Durg::391,drug_target_interaction,Protein::1034,0
Durg::373,drug_target_interaction,Protein::200,0
Durg::324,drug_target_interaction,Protein::689,0
Durg::43,drug_target_interaction,Protein::472,0
Durg::498,drug_target_interaction,Protein::985,0
Durg::276,drug_target_interaction,Protein::340,0
Durg::585,drug_target_interaction,Protein::931,0
Durg::337,drug_target_interaction,Protein::358,0
Durg::185,drug_target_interaction,Protein::1161,0
Durg::270,drug_target_interaction,Protein::640,0
Durg::32,drug_target_interaction,Protein::319,0
Durg::178,drug_target_interaction,Protein::418,0
Durg::419,drug_target_interaction,Protein::295,0
Durg::628,drug_target_interaction,Protein::940,0
Durg::623,drug_target_interaction,Protein::383,0
Durg::601,drug_target_interaction,Protein::1504,0
Durg::137,drug_target_interaction,Protein::988,0
Durg::593,drug_target_interaction,Protein::19,0
Durg::134,drug_target_interaction,Protein::459,0
Durg::431,drug_target_interaction,Protein::90,0
Durg::607,drug_target_interaction,Protein::295,0
Durg::576,drug_target_interaction,Protein::570,0
Durg::101,drug_target_interaction,Protein::526,0
Durg::573,drug_target_interaction,Protein::1202,0
Durg::579,drug_target_interaction,Protein::240,0
Durg::34,drug_target_interaction,Protein::452,0
Durg::191,drug_target_interaction,Protein::1167,0
Durg::333,drug_target_interaction,Protein::696,0
Durg::34,drug_target_interaction,Protein::123,0
Durg::181,drug_target_interaction,Protein::817,0
Durg::160,drug_target_interaction,Protein::856,0
Durg::415,drug_target_interaction,Protein::449,0
Durg::680,drug_target_interaction,Protein::421,0
Durg::269,drug_target_interaction,Protein::990,0
Durg::185,drug_target_interaction,Protein::569,0
Durg::34,drug_target_interaction,Protein::852,0
Durg::628,drug_target_interaction,Protein::175,0
Durg::455,drug_target_interaction,Protein::62,0
Durg::11,drug_target_interaction,Protein::516,0
Durg::702,drug_target_interaction,Protein::635,0
Durg::537,drug_target_interaction,Protein::472,0
Durg::691,drug_target_interaction,Protein::263,0
Durg::430,drug_target_interaction,Protein::665,0
Durg::474,drug_target_interaction,Protein::642,0
Durg::154,drug_target_interaction,Protein::1299,0
Durg::530,drug_target_interaction,Protein::1203,0
Durg::643,drug_target_interaction,Protein::413,0
Durg::152,drug_target_interaction,Protein::569,0
Durg::299,drug_target_interaction,Protein::1177,0
Durg::172,drug_target_interaction,Protein::669,0
Durg::317,drug_target_interaction,Protein::31,0
Durg::181,drug_target_interaction,Protein::998,0
Durg::92,drug_target_interaction,Protein::45,0
Durg::214,drug_target_interaction,Protein::260,0
Durg::10,drug_target_interaction,Protein::636,0
Durg::120,drug_target_interaction,Protein::496,0
Durg::391,drug_target_interaction,Protein::428,0
Durg::427,drug_target_interaction,Protein::40,0
Durg::287,drug_target_interaction,Protein::175,0
Durg::272,drug_target_interaction,Protein::261,0
Durg::300,drug_target_interaction,Protein::636,0
Durg::238,drug_target_interaction,Protein::62,0
Durg::465,drug_target_interaction,Protein::1381,0
Durg::288,drug_target_interaction,Protein::717,0
Durg::333,drug_target_interaction,Protein::75,0
Durg::552,drug_target_interaction,Protein::931,0
Durg::480,drug_target_interaction,Protein::475,0
Durg::380,drug_target_interaction,Protein::195,0
Durg::473,drug_target_interaction,Protein::573,0
Durg::692,drug_target_interaction,Protein::360,0
Durg::316,drug_target_interaction,Protein::608,0
Durg::395,drug_target_interaction,Protein::150,0
Durg::343,drug_target_interaction,Protein::856,0
Durg::457,drug_target_interaction,Protein::258,0
Durg::540,drug_target_interaction,Protein::485,0
Durg::178,drug_target_interaction,Protein::145,0
Durg::539,drug_target_interaction,Protein::1138,0
Durg::696,drug_target_interaction,Protein::166,0
Durg::594,drug_target_interaction,Protein::670,0
Durg::474,drug_target_interaction,Protein::435,0
Durg::47,drug_target_interaction,Protein::10,0
Durg::599,drug_target_interaction,Protein::328,0
Durg::317,drug_target_interaction,Protein::12,0
Durg::201,drug_target_interaction,Protein::291,0
Durg::405,drug_target_interaction,Protein::389,0
Durg::624,drug_target_interaction,Protein::637,0
Durg::614,drug_target_interaction,Protein::422,0
Durg::292,drug_target_interaction,Protein::496,0
Durg::569,drug_target_interaction,Protein::574,0
Durg::136,drug_target_interaction,Protein::852,0
Durg::103,drug_target_interaction,Protein::669,0
Durg::430,drug_target_interaction,Protein::636,0
Durg::250,drug_target_interaction,Protein::608,0
Durg::35,drug_target_interaction,Protein::166,0
Durg::505,drug_target_interaction,Protein::21,0
Durg::532,drug_target_interaction,Protein::1152,0
Durg::676,drug_target_interaction,Protein::1000,0
Durg::503,drug_target_interaction,Protein::496,0
Durg::544,drug_target_interaction,Protein::670,0
Durg::185,drug_target_interaction,Protein::146,0
Durg::147,drug_target_interaction,Protein::138,0
Durg::536,drug_target_interaction,Protein::859,0
Durg::375,drug_target_interaction,Protein::84,0
Durg::61,drug_target_interaction,Protein::518,0
Durg::110,drug_target_interaction,Protein::689,0
Durg::530,drug_target_interaction,Protein::610,0
Durg::625,drug_target_interaction,Protein::288,0
Durg::509,drug_target_interaction,Protein::477,0
Durg::570,drug_target_interaction,Protein::527,0
Durg::312,drug_target_interaction,Protein::1179,0
Durg::478,drug_target_interaction,Protein::106,0
Durg::8,drug_target_interaction,Protein::311,0
Durg::333,drug_target_interaction,Protein::241,0
Durg::557,drug_target_interaction,Protein::67,0
Durg::489,drug_target_interaction,Protein::1186,0
Durg::363,drug_target_interaction,Protein::1187,0
Durg::655,drug_target_interaction,Protein::302,0
Durg::421,drug_target_interaction,Protein::1502,0
Durg::597,drug_target_interaction,Protein::60,0
Durg::523,drug_target_interaction,Protein::546,0
Durg::494,drug_target_interaction,Protein::992,0
Durg::662,drug_target_interaction,Protein::223,0
Durg::460,drug_target_interaction,Protein::366,0
Durg::289,drug_target_interaction,Protein::160,0
Durg::361,drug_target_interaction,Protein::851,0
Durg::300,drug_target_interaction,Protein::361,0
Durg::480,drug_target_interaction,Protein::7,0
Durg::640,drug_target_interaction,Protein::64,0
Durg::164,drug_target_interaction,Protein::278,0
Durg::24,drug_target_interaction,Protein::1170,0
Durg::662,drug_target_interaction,Protein::495,0
Durg::643,drug_target_interaction,Protein::583,0
Durg::575,drug_target_interaction,Protein::857,0
Durg::677,drug_target_interaction,Protein::201,0
Durg::584,drug_target_interaction,Protein::2,0
Durg::565,drug_target_interaction,Protein::1161,0
Durg::276,drug_target_interaction,Protein::485,0
Durg::532,drug_target_interaction,Protein::636,0
Durg::542,drug_target_interaction,Protein::515,0
Durg::82,drug_target_interaction,Protein::1176,0
Durg::234,drug_target_interaction,Protein::449,0
Durg::506,drug_target_interaction,Protein::509,0
Durg::461,drug_target_interaction,Protein::1196,0
Durg::308,drug_target_interaction,Protein::279,0
Durg::690,drug_target_interaction,Protein::419,0
Durg::5,drug_target_interaction,Protein::291,0
Durg::671,drug_target_interaction,Protein::150,0
Durg::228,drug_target_interaction,Protein::320,0
Durg::134,drug_target_interaction,Protein::82,0
Durg::528,drug_target_interaction,Protein::309,0
Durg::684,drug_target_interaction,Protein::624,0
Durg::276,drug_target_interaction,Protein::435,0
Durg::292,drug_target_interaction,Protein::138,0
Durg::448,drug_target_interaction,Protein::358,0
Durg::286,drug_target_interaction,Protein::290,0
Durg::38,drug_target_interaction,Protein::985,0
Durg::655,drug_target_interaction,Protein::326,0
Durg::543,drug_target_interaction,Protein::1502,0
Durg::172,drug_target_interaction,Protein::859,0
Durg::457,drug_target_interaction,Protein::636,0
Durg::616,drug_target_interaction,Protein::927,0
Durg::451,drug_target_interaction,Protein::727,0
Durg::170,drug_target_interaction,Protein::1010,0
Durg::535,drug_target_interaction,Protein::483,0
Durg::707,drug_target_interaction,Protein::200,0
Durg::310,drug_target_interaction,Protein::142,0
Durg::71,drug_target_interaction,Protein::34,0
Durg::617,drug_target_interaction,Protein::568,0
Durg::199,drug_target_interaction,Protein::206,0
Durg::494,drug_target_interaction,Protein::460,0
Durg::463,drug_target_interaction,Protein::389,0
Durg::570,drug_target_interaction,Protein::266,0
Durg::599,drug_target_interaction,Protein::1015,0
Durg::466,drug_target_interaction,Protein::327,0
Durg::315,drug_target_interaction,Protein::14,0
Durg::580,drug_target_interaction,Protein::430,0
Durg::93,drug_target_interaction,Protein::271,0
Durg::330,drug_target_interaction,Protein::665,0
Durg::250,drug_target_interaction,Protein::773,0
Durg::693,drug_target_interaction,Protein::149,0
Durg::146,drug_target_interaction,Protein::25,0
Durg::492,drug_target_interaction,Protein::357,0
Durg::507,drug_target_interaction,Protein::18,0
Durg::152,drug_target_interaction,Protein::988,0
Durg::121,drug_target_interaction,Protein::394,0
Durg::170,drug_target_interaction,Protein::90,0
Durg::672,drug_target_interaction,Protein::1010,0
Durg::505,drug_target_interaction,Protein::424,0
Durg::206,drug_target_interaction,Protein::661,0
Durg::351,drug_target_interaction,Protein::726,0
Durg::41,drug_target_interaction,Protein::985,0
Durg::632,drug_target_interaction,Protein::449,0
Durg::383,drug_target_interaction,Protein::45,0
Durg::667,drug_target_interaction,Protein::1162,0
Durg::111,drug_target_interaction,Protein::637,0
Durg::115,drug_target_interaction,Protein::60,0
Durg::388,drug_target_interaction,Protein::78,0
Durg::288,drug_target_interaction,Protein::67,0
Durg::76,drug_target_interaction,Protein::135,0
Durg::131,drug_target_interaction,Protein::1160,0
Durg::561,drug_target_interaction,Protein::221,0
Durg::264,drug_target_interaction,Protein::1151,0
Durg::545,drug_target_interaction,Protein::860,0
Durg::640,drug_target_interaction,Protein::124,0
Durg::211,drug_target_interaction,Protein::181,0
Durg::682,drug_target_interaction,Protein::78,0
Durg::264,drug_target_interaction,Protein::435,0
Durg::167,drug_target_interaction,Protein::141,0
Durg::15,drug_target_interaction,Protein::246,0
Durg::136,drug_target_interaction,Protein::453,0
Durg::526,drug_target_interaction,Protein::83,0
Durg::476,drug_target_interaction,Protein::647,0
Durg::85,drug_target_interaction,Protein::1172,0
Durg::68,drug_target_interaction,Protein::477,0
Durg::163,drug_target_interaction,Protein::320,0
Durg::671,drug_target_interaction,Protein::83,0
Durg::202,drug_target_interaction,Protein::509,0
Durg::52,drug_target_interaction,Protein::1188,0
Durg::224,drug_target_interaction,Protein::569,0
Durg::242,drug_target_interaction,Protein::940,0
Durg::130,drug_target_interaction,Protein::33,0
Durg::475,drug_target_interaction,Protein::203,0
Durg::361,drug_target_interaction,Protein::309,0
Durg::398,drug_target_interaction,Protein::605,0
Durg::690,drug_target_interaction,Protein::814,0
Durg::252,drug_target_interaction,Protein::117,0
Durg::382,drug_target_interaction,Protein::322,0
Durg::609,drug_target_interaction,Protein::439,0
Durg::595,drug_target_interaction,Protein::383,0
Durg::236,drug_target_interaction,Protein::60,0
Durg::293,drug_target_interaction,Protein::34,0
Durg::63,drug_target_interaction,Protein::311,0
Durg::195,drug_target_interaction,Protein::189,0
Durg::133,drug_target_interaction,Protein::43,0
Durg::298,drug_target_interaction,Protein::25,0
Durg::27,drug_target_interaction,Protein::155,0
Durg::255,drug_target_interaction,Protein::853,0
Durg::8,drug_target_interaction,Protein::203,0
Durg::9,drug_target_interaction,Protein::635,0
Durg::614,drug_target_interaction,Protein::1038,0
Durg::485,drug_target_interaction,Protein::486,0
Durg::22,drug_target_interaction,Protein::291,0
Durg::195,drug_target_interaction,Protein::1150,0
Durg::330,drug_target_interaction,Protein::694,0
Durg::651,drug_target_interaction,Protein::1139,0
Durg::622,drug_target_interaction,Protein::1011,0
Durg::557,drug_target_interaction,Protein::1173,0
Durg::96,drug_target_interaction,Protein::998,0
Durg::574,drug_target_interaction,Protein::218,0
Durg::702,drug_target_interaction,Protein::291,0
Durg::430,drug_target_interaction,Protein::320,0
Durg::345,drug_target_interaction,Protein::689,0
Durg::449,drug_target_interaction,Protein::48,0
Durg::34,drug_target_interaction,Protein::924,0
Durg::292,drug_target_interaction,Protein::25,0
Durg::539,drug_target_interaction,Protein::635,0
Durg::429,drug_target_interaction,Protein::164,0
Durg::668,drug_target_interaction,Protein::319,0
Durg::168,drug_target_interaction,Protein::78,0
Durg::682,drug_target_interaction,Protein::513,0
Durg::337,drug_target_interaction,Protein::135,0
Durg::236,drug_target_interaction,Protein::328,0
Durg::292,drug_target_interaction,Protein::592,0
Durg::122,drug_target_interaction,Protein::207,0
Durg::174,drug_target_interaction,Protein::545,0
Durg::560,drug_target_interaction,Protein::1185,0
Durg::561,drug_target_interaction,Protein::6,0
Durg::395,drug_target_interaction,Protein::737,0
Durg::570,drug_target_interaction,Protein::1502,0
Durg::703,drug_target_interaction,Protein::1015,0
Durg::585,drug_target_interaction,Protein::707,0
Durg::72,drug_target_interaction,Protein::1055,0
Durg::473,drug_target_interaction,Protein::568,0
Durg::367,drug_target_interaction,Protein::368,0
Durg::663,drug_target_interaction,Protein::89,0
Durg::48,drug_target_interaction,Protein::1508,0
Durg::233,drug_target_interaction,Protein::88,0
Durg::8,drug_target_interaction,Protein::196,0
Durg::426,drug_target_interaction,Protein::642,0
Durg::97,drug_target_interaction,Protein::183,0
Durg::660,drug_target_interaction,Protein::302,0
Durg::8,drug_target_interaction,Protein::592,0
Durg::624,drug_target_interaction,Protein::681,0
Durg::609,drug_target_interaction,Protein::242,0
Durg::576,drug_target_interaction,Protein::1184,0
Durg::164,drug_target_interaction,Protein::991,0
Durg::77,drug_target_interaction,Protein::778,0
Durg::141,drug_target_interaction,Protein::362,0
Durg::491,drug_target_interaction,Protein::681,0
Durg::427,drug_target_interaction,Protein::681,0
Durg::552,drug_target_interaction,Protein::327,0
Durg::374,drug_target_interaction,Protein::1155,0
Durg::16,drug_target_interaction,Protein::509,0
Durg::4,drug_target_interaction,Protein::31,0
Durg::64,drug_target_interaction,Protein::246,0
Durg::58,drug_target_interaction,Protein::1151,0
Durg::84,drug_target_interaction,Protein::1055,0
Durg::9,drug_target_interaction,Protein::440,0
Durg::704,drug_target_interaction,Protein::526,0
Durg::27,drug_target_interaction,Protein::1173,0
Durg::472,drug_target_interaction,Protein::207,0
Durg::176,drug_target_interaction,Protein::189,0
Durg::12,drug_target_interaction,Protein::477,0
Durg::5,drug_target_interaction,Protein::99,0
Durg::202,drug_target_interaction,Protein::260,0
Durg::381,drug_target_interaction,Protein::383,0
Durg::247,drug_target_interaction,Protein::1041,0
Durg::364,drug_target_interaction,Protein::278,0
Durg::644,drug_target_interaction,Protein::657,0
Durg::250,drug_target_interaction,Protein::359,0
Durg::90,drug_target_interaction,Protein::42,0
Durg::226,drug_target_interaction,Protein::85,0
Durg::612,drug_target_interaction,Protein::18,0
Durg::346,drug_target_interaction,Protein::45,0
Durg::356,drug_target_interaction,Protein::51,0
Durg::374,drug_target_interaction,Protein::1153,0
Durg::0,drug_target_interaction,Protein::993,0
Durg::488,drug_target_interaction,Protein::448,0
Durg::294,drug_target_interaction,Protein::625,0
Durg::243,drug_target_interaction,Protein::709,0
Durg::140,drug_target_interaction,Protein::984,0
Durg::269,drug_target_interaction,Protein::852,0
Durg::286,drug_target_interaction,Protein::588,0
Durg::14,drug_target_interaction,Protein::39,0
Durg::24,drug_target_interaction,Protein::183,0
Durg::698,drug_target_interaction,Protein::139,0
Durg::426,drug_target_interaction,Protein::400,0
Durg::542,drug_target_interaction,Protein::101,0
Durg::213,drug_target_interaction,Protein::189,0
Durg::303,drug_target_interaction,Protein::40,0
Durg::654,drug_target_interaction,Protein::931,0
Durg::225,drug_target_interaction,Protein::449,0
Durg::27,drug_target_interaction,Protein::854,0
Durg::564,drug_target_interaction,Protein::433,0
Durg::450,drug_target_interaction,Protein::530,0
Durg::572,drug_target_interaction,Protein::625,0
Durg::325,drug_target_interaction,Protein::1174,0
Durg::571,drug_target_interaction,Protein::448,0
Durg::644,drug_target_interaction,Protein::98,0
Durg::689,drug_target_interaction,Protein::346,0
Durg::49,drug_target_interaction,Protein::1186,0
Durg::429,drug_target_interaction,Protein::738,0
Durg::488,drug_target_interaction,Protein::395,0
Durg::152,drug_target_interaction,Protein::994,0
Durg::348,drug_target_interaction,Protein::1161,0
Durg::70,drug_target_interaction,Protein::459,0
Durg::625,drug_target_interaction,Protein::34,0
Durg::72,drug_target_interaction,Protein::208,0
Durg::252,drug_target_interaction,Protein::1187,0
Durg::587,drug_target_interaction,Protein::264,0
Durg::536,drug_target_interaction,Protein::1151,0
Durg::158,drug_target_interaction,Protein::273,0
Durg::80,drug_target_interaction,Protein::14,0
Durg::595,drug_target_interaction,Protein::669,0
Durg::121,drug_target_interaction,Protein::1508,0
Durg::602,drug_target_interaction,Protein::1173,0
Durg::698,drug_target_interaction,Protein::364,0
Durg::266,drug_target_interaction,Protein::1060,0
Durg::110,drug_target_interaction,Protein::413,0
Durg::62,drug_target_interaction,Protein::197,0
Durg::383,drug_target_interaction,Protein::1203,0
Durg::485,drug_target_interaction,Protein::248,0
Durg::179,drug_target_interaction,Protein::927,0
Durg::25,drug_target_interaction,Protein::646,0
Durg::434,drug_target_interaction,Protein::1176,0
Durg::359,drug_target_interaction,Protein::402,0
Durg::189,drug_target_interaction,Protein::207,0
Durg::457,drug_target_interaction,Protein::81,0
Durg::148,drug_target_interaction,Protein::707,0
Durg::616,drug_target_interaction,Protein::624,0
Durg::575,drug_target_interaction,Protein::422,0
Durg::650,drug_target_interaction,Protein::530,0
Durg::300,drug_target_interaction,Protein::505,0
Durg::210,drug_target_interaction,Protein::45,0
Durg::370,drug_target_interaction,Protein::994,0
Durg::381,drug_target_interaction,Protein::856,0
Durg::101,drug_target_interaction,Protein::364,0
Durg::84,drug_target_interaction,Protein::717,0
Durg::639,drug_target_interaction,Protein::288,0
Durg::99,drug_target_interaction,Protein::383,0
Durg::430,drug_target_interaction,Protein::994,0
Durg::294,drug_target_interaction,Protein::266,0
Durg::229,drug_target_interaction,Protein::288,0
Durg::567,drug_target_interaction,Protein::237,0
Durg::132,drug_target_interaction,Protein::453,0
Durg::631,drug_target_interaction,Protein::1000,0
Durg::425,drug_target_interaction,Protein::1160,0
Durg::203,drug_target_interaction,Protein::300,0
Durg::680,drug_target_interaction,Protein::123,0
Durg::631,drug_target_interaction,Protein::145,0
Durg::180,drug_target_interaction,Protein::422,0
Durg::661,drug_target_interaction,Protein::927,0
Durg::651,drug_target_interaction,Protein::302,0
Durg::325,drug_target_interaction,Protein::1382,0
Durg::252,drug_target_interaction,Protein::1041,0
Durg::315,drug_target_interaction,Protein::636,0
Durg::645,drug_target_interaction,Protein::635,0
Durg::220,drug_target_interaction,Protein::286,0
Durg::132,drug_target_interaction,Protein::271,0
Durg::287,drug_target_interaction,Protein::617,0
Durg::71,drug_target_interaction,Protein::484,0
Durg::369,drug_target_interaction,Protein::1160,0
Durg::265,drug_target_interaction,Protein::419,0
Durg::455,drug_target_interaction,Protein::98,0
Durg::569,drug_target_interaction,Protein::244,0
Durg::275,drug_target_interaction,Protein::726,0
Durg::680,drug_target_interaction,Protein::518,0
Durg::74,drug_target_interaction,Protein::1155,0
Durg::481,drug_target_interaction,Protein::390,0
Durg::430,drug_target_interaction,Protein::1010,0
Durg::220,drug_target_interaction,Protein::569,0
Durg::651,drug_target_interaction,Protein::986,0
Durg::422,drug_target_interaction,Protein::505,0
Durg::546,drug_target_interaction,Protein::328,0
Durg::415,drug_target_interaction,Protein::459,0
Durg::277,drug_target_interaction,Protein::94,0
Durg::245,drug_target_interaction,Protein::984,0
Durg::511,drug_target_interaction,Protein::940,0
Durg::611,drug_target_interaction,Protein::181,0
Durg::391,drug_target_interaction,Protein::497,0
Durg::618,drug_target_interaction,Protein::1167,0
Durg::181,drug_target_interaction,Protein::689,0
Durg::377,drug_target_interaction,Protein::258,0
Durg::262,drug_target_interaction,Protein::421,0
Durg::118,drug_target_interaction,Protein::247,0
Durg::95,drug_target_interaction,Protein::589,0
Durg::7,drug_target_interaction,Protein::646,0
Durg::294,drug_target_interaction,Protein::496,0
Durg::64,drug_target_interaction,Protein::144,0
Durg::302,drug_target_interaction,Protein::995,0
Durg::682,drug_target_interaction,Protein::1038,0
Durg::540,drug_target_interaction,Protein::681,0
Durg::363,drug_target_interaction,Protein::278,0
Durg::358,drug_target_interaction,Protein::987,0
Durg::449,drug_target_interaction,Protein::1202,0
Durg::630,drug_target_interaction,Protein::33,0
Durg::631,drug_target_interaction,Protein::1184,0
Durg::229,drug_target_interaction,Protein::608,0
Durg::259,drug_target_interaction,Protein::181,0
Durg::111,drug_target_interaction,Protein::717,0
Durg::319,drug_target_interaction,Protein::72,0
Durg::234,drug_target_interaction,Protein::62,0
Durg::302,drug_target_interaction,Protein::516,0
Durg::180,drug_target_interaction,Protein::475,0
Durg::118,drug_target_interaction,Protein::246,0
Durg::34,drug_target_interaction,Protein::857,0
Durg::457,drug_target_interaction,Protein::88,0
Durg::543,drug_target_interaction,Protein::309,0
Durg::310,drug_target_interaction,Protein::1022,0
Durg::516,drug_target_interaction,Protein::142,0
Durg::371,drug_target_interaction,Protein::296,0
Durg::686,drug_target_interaction,Protein::681,0
Durg::596,drug_target_interaction,Protein::538,0
Durg::23,drug_target_interaction,Protein::1066,0
Durg::144,drug_target_interaction,Protein::98,0
Durg::690,drug_target_interaction,Protein::1201,0
Durg::552,drug_target_interaction,Protein::155,0
Durg::415,drug_target_interaction,Protein::720,0
Durg::185,drug_target_interaction,Protein::524,0
Durg::634,drug_target_interaction,Protein::288,0
Durg::252,drug_target_interaction,Protein::51,0
Durg::111,drug_target_interaction,Protein::124,0
Durg::58,drug_target_interaction,Protein::108,0
Durg::483,drug_target_interaction,Protein::853,0
Durg::43,drug_target_interaction,Protein::139,0
Durg::550,drug_target_interaction,Protein::459,0
Durg::586,drug_target_interaction,Protein::1506,0
Durg::392,drug_target_interaction,Protein::317,0
Durg::627,drug_target_interaction,Protein::466,0
Durg::454,drug_target_interaction,Protein::10,0
Durg::311,drug_target_interaction,Protein::322,0
Durg::179,drug_target_interaction,Protein::696,0
Durg::93,drug_target_interaction,Protein::175,0
Durg::160,drug_target_interaction,Protein::232,0
Durg::538,drug_target_interaction,Protein::1146,0
Durg::151,drug_target_interaction,Protein::538,0
Durg::148,drug_target_interaction,Protein::738,0
Durg::427,drug_target_interaction,Protein::34,0
Durg::11,drug_target_interaction,Protein::1181,0
Durg::492,drug_target_interaction,Protein::1179,0
Durg::379,drug_target_interaction,Protein::120,0
Durg::364,drug_target_interaction,Protein::424,0
Durg::261,drug_target_interaction,Protein::136,0
Durg::369,drug_target_interaction,Protein::246,0
Durg::259,drug_target_interaction,Protein::1187,0
Durg::132,drug_target_interaction,Protein::657,0
Durg::43,drug_target_interaction,Protein::241,0
Durg::65,drug_target_interaction,Protein::120,0
Durg::283,drug_target_interaction,Protein::258,0
Durg::650,drug_target_interaction,Protein::10,0
Durg::148,drug_target_interaction,Protein::135,0
Durg::153,drug_target_interaction,Protein::453,0
Durg::580,drug_target_interaction,Protein::1029,0
Durg::378,drug_target_interaction,Protein::428,0
Durg::574,drug_target_interaction,Protein::318,0
Durg::171,drug_target_interaction,Protein::291,0
Durg::349,drug_target_interaction,Protein::90,0
Durg::436,drug_target_interaction,Protein::1508,0
Durg::261,drug_target_interaction,Protein::413,0
Durg::418,drug_target_interaction,Protein::6,0
Durg::372,drug_target_interaction,Protein::203,0
Durg::560,drug_target_interaction,Protein::617,0
Durg::321,drug_target_interaction,Protein::1139,0
Durg::623,drug_target_interaction,Protein::48,0
Durg::204,drug_target_interaction,Protein::67,0
Durg::38,drug_target_interaction,Protein::1170,0
Durg::188,drug_target_interaction,Protein::146,0
Durg::500,drug_target_interaction,Protein::81,0
Durg::704,drug_target_interaction,Protein::112,0
Durg::290,drug_target_interaction,Protein::1034,0
Durg::582,drug_target_interaction,Protein::1166,0
Durg::461,drug_target_interaction,Protein::6,0
Durg::428,drug_target_interaction,Protein::1176,0
Durg::518,drug_target_interaction,Protein::720,0
Durg::617,drug_target_interaction,Protein::484,0
Durg::321,drug_target_interaction,Protein::1163,0
Durg::602,drug_target_interaction,Protein::814,0
Durg::330,drug_target_interaction,Protein::43,0
Durg::286,drug_target_interaction,Protein::985,0
Durg::94,drug_target_interaction,Protein::42,0
Durg::484,drug_target_interaction,Protein::423,0
Durg::497,drug_target_interaction,Protein::528,0
Durg::260,drug_target_interaction,Protein::1006,0
Durg::439,drug_target_interaction,Protein::1022,0
Durg::210,drug_target_interaction,Protein::1164,0
Durg::188,drug_target_interaction,Protein::1506,0
Durg::240,drug_target_interaction,Protein::581,0
Durg::188,drug_target_interaction,Protein::312,0
Durg::463,drug_target_interaction,Protein::1299,0
Durg::61,drug_target_interaction,Protein::271,0
Durg::341,drug_target_interaction,Protein::663,0
Durg::439,drug_target_interaction,Protein::709,0
Durg::576,drug_target_interaction,Protein::279,0
Durg::140,drug_target_interaction,Protein::242,0
Durg::291,drug_target_interaction,Protein::642,0
Durg::340,drug_target_interaction,Protein::419,0
Durg::388,drug_target_interaction,Protein::482,0
Durg::317,drug_target_interaction,Protein::43,0
Durg::697,drug_target_interaction,Protein::1188,0
Durg::126,drug_target_interaction,Protein::45,0
Durg::460,drug_target_interaction,Protein::637,0
Durg::502,drug_target_interaction,Protein::413,0
Durg::460,drug_target_interaction,Protein::273,0
Durg::137,drug_target_interaction,Protein::1181,0
Durg::599,drug_target_interaction,Protein::538,0
Durg::596,drug_target_interaction,Protein::43,0
Durg::242,drug_target_interaction,Protein::346,0
Durg::689,drug_target_interaction,Protein::568,0
Durg::623,drug_target_interaction,Protein::483,0
Durg::683,drug_target_interaction,Protein::115,0
Durg::116,drug_target_interaction,Protein::106,0
Durg::171,drug_target_interaction,Protein::1175,0
Durg::554,drug_target_interaction,Protein::1000,0
Durg::30,drug_target_interaction,Protein::1180,0
Durg::381,drug_target_interaction,Protein::817,0
Durg::112,drug_target_interaction,Protein::583,0
Durg::382,drug_target_interaction,Protein::987,0
Durg::132,drug_target_interaction,Protein::246,0
Durg::421,drug_target_interaction,Protein::993,0
Durg::250,drug_target_interaction,Protein::71,0
Durg::202,drug_target_interaction,Protein::737,0
Durg::478,drug_target_interaction,Protein::18,0
Durg::546,drug_target_interaction,Protein::717,0
Durg::573,drug_target_interaction,Protein::573,0
Durg::172,drug_target_interaction,Protein::121,0
Durg::412,drug_target_interaction,Protein::73,0
Durg::421,drug_target_interaction,Protein::273,0
Durg::675,drug_target_interaction,Protein::574,0
Durg::468,drug_target_interaction,Protein::244,0
Durg::366,drug_target_interaction,Protein::1011,0
Durg::80,drug_target_interaction,Protein::237,0
Durg::225,drug_target_interaction,Protein::636,0
Durg::682,drug_target_interaction,Protein::1504,0
Durg::245,drug_target_interaction,Protein::998,0
Durg::127,drug_target_interaction,Protein::573,0
Durg::9,drug_target_interaction,Protein::526,0
Durg::176,drug_target_interaction,Protein::1175,0
Durg::570,drug_target_interaction,Protein::663,0
Durg::634,drug_target_interaction,Protein::509,0
Durg::639,drug_target_interaction,Protein::1010,0
Durg::120,drug_target_interaction,Protein::320,0
Durg::269,drug_target_interaction,Protein::665,0
Durg::362,drug_target_interaction,Protein::931,0
Durg::347,drug_target_interaction,Protein::1139,0
Durg::550,drug_target_interaction,Protein::1504,0
Durg::349,drug_target_interaction,Protein::39,0
Durg::167,drug_target_interaction,Protein::524,0
Durg::236,drug_target_interaction,Protein::669,0
Durg::101,drug_target_interaction,Protein::84,0
Durg::476,drug_target_interaction,Protein::625,0
Durg::355,drug_target_interaction,Protein::419,0
Durg::311,drug_target_interaction,Protein::71,0
Durg::50,drug_target_interaction,Protein::175,0
Durg::85,drug_target_interaction,Protein::1181,0
Durg::446,drug_target_interaction,Protein::988,0
Durg::245,drug_target_interaction,Protein::265,0
Durg::228,drug_target_interaction,Protein::185,0
Durg::450,drug_target_interaction,Protein::389,0
Durg::161,drug_target_interaction,Protein::407,0
Durg::582,drug_target_interaction,Protein::243,0
Durg::148,drug_target_interaction,Protein::32,0
Durg::66,drug_target_interaction,Protein::115,0
Durg::310,drug_target_interaction,Protein::19,0
Durg::32,drug_target_interaction,Protein::854,0
Durg::439,drug_target_interaction,Protein::246,0
Durg::182,drug_target_interaction,Protein::389,0
Durg::411,drug_target_interaction,Protein::1382,0
Durg::71,drug_target_interaction,Protein::987,0
Durg::542,drug_target_interaction,Protein::1381,0
Durg::70,drug_target_interaction,Protein::335,0
Durg::97,drug_target_interaction,Protein::1138,0
Durg::410,drug_target_interaction,Protein::426,0
Durg::667,drug_target_interaction,Protein::742,0
Durg::542,drug_target_interaction,Protein::221,0
Durg::182,drug_target_interaction,Protein::994,0
Durg::63,drug_target_interaction,Protein::621,0
Durg::36,drug_target_interaction,Protein::1034,0
Durg::537,drug_target_interaction,Protein::269,0
Durg::151,drug_target_interaction,Protein::45,0
Durg::5,drug_target_interaction,Protein::302,0
Durg::600,drug_target_interaction,Protein::244,0
Durg::622,drug_target_interaction,Protein::98,0
Durg::204,drug_target_interaction,Protein::1041,0
Durg::355,drug_target_interaction,Protein::21,0
Durg::460,drug_target_interaction,Protein::85,0
Durg::502,drug_target_interaction,Protein::320,0
Durg::324,drug_target_interaction,Protein::722,0
Durg::277,drug_target_interaction,Protein::1201,0
Durg::228,drug_target_interaction,Protein::426,0
Durg::503,drug_target_interaction,Protein::852,0
Durg::455,drug_target_interaction,Protein::223,0
Durg::704,drug_target_interaction,Protein::1010,0
Durg::590,drug_target_interaction,Protein::246,0
Durg::75,drug_target_interaction,Protein::319,0
Durg::102,drug_target_interaction,Protein::996,0
Durg::611,drug_target_interaction,Protein::573,0
Durg::109,drug_target_interaction,Protein::374,0
Durg::52,drug_target_interaction,Protein::546,0
Durg::397,drug_target_interaction,Protein::583,0
Durg::532,drug_target_interaction,Protein::374,0
Durg::224,drug_target_interaction,Protein::197,0
Durg::567,drug_target_interaction,Protein::1186,0
Durg::511,drug_target_interaction,Protein::10,0
Durg::613,drug_target_interaction,Protein::246,0
Durg::276,drug_target_interaction,Protein::1161,0
Durg::611,drug_target_interaction,Protein::442,0
Durg::486,drug_target_interaction,Protein::160,0
Durg::27,drug_target_interaction,Protein::170,0
Durg::550,drug_target_interaction,Protein::360,0
Durg::499,drug_target_interaction,Protein::311,0
Durg::16,drug_target_interaction,Protein::242,0
Durg::536,drug_target_interaction,Protein::472,0
Durg::156,drug_target_interaction,Protein::358,0
Durg::271,drug_target_interaction,Protein::127,0
Durg::219,drug_target_interaction,Protein::486,0
Durg::356,drug_target_interaction,Protein::426,0
Durg::279,drug_target_interaction,Protein::513,0
Durg::498,drug_target_interaction,Protein::605,0
Durg::491,drug_target_interaction,Protein::155,0
Durg::523,drug_target_interaction,Protein::317,0
Durg::135,drug_target_interaction,Protein::430,0
Durg::660,drug_target_interaction,Protein::1186,0
Durg::628,drug_target_interaction,Protein::530,0
Durg::127,drug_target_interaction,Protein::440,0
Durg::534,drug_target_interaction,Protein::515,0
Durg::148,drug_target_interaction,Protein::328,0
Durg::289,drug_target_interaction,Protein::1187,0
Durg::140,drug_target_interaction,Protein::309,0
Durg::170,drug_target_interaction,Protein::990,0
Durg::19,drug_target_interaction,Protein::528,0
Durg::242,drug_target_interaction,Protein::538,0
Durg::461,drug_target_interaction,Protein::647,0
Durg::450,drug_target_interaction,Protein::778,0
Durg::631,drug_target_interaction,Protein::689,0
Durg::626,drug_target_interaction,Protein::67,0
Durg::8,drug_target_interaction,Protein::722,0
Durg::493,drug_target_interaction,Protein::647,0
Durg::398,drug_target_interaction,Protein::858,0
Durg::692,drug_target_interaction,Protein::817,0
Durg::669,drug_target_interaction,Protein::319,0
Durg::481,drug_target_interaction,Protein::39,0
Durg::102,drug_target_interaction,Protein::400,0
Durg::565,drug_target_interaction,Protein::380,0
Durg::317,drug_target_interaction,Protein::549,0
Durg::324,drug_target_interaction,Protein::85,0
Durg::277,drug_target_interaction,Protein::401,0
Durg::526,drug_target_interaction,Protein::39,0
Durg::64,drug_target_interaction,Protein::984,0
Durg::238,drug_target_interaction,Protein::123,0
Durg::451,drug_target_interaction,Protein::1164,0
Durg::99,drug_target_interaction,Protein::1299,0
Durg::131,drug_target_interaction,Protein::140,0
Durg::2,drug_target_interaction,Protein::568,0
Durg::49,drug_target_interaction,Protein::583,0
Durg::179,drug_target_interaction,Protein::854,0
Durg::40,drug_target_interaction,Protein::696,0
Durg::396,drug_target_interaction,Protein::258,0
Durg::600,drug_target_interaction,Protein::330,0
Durg::154,drug_target_interaction,Protein::545,0
Durg::689,drug_target_interaction,Protein::924,0
Durg::576,drug_target_interaction,Protein::18,0
Durg::219,drug_target_interaction,Protein::1175,0
Durg::54,drug_target_interaction,Protein::358,0
Durg::431,drug_target_interaction,Protein::589,0
Durg::626,drug_target_interaction,Protein::243,0
Durg::254,drug_target_interaction,Protein::62,0
Durg::10,drug_target_interaction,Protein::94,0
Durg::141,drug_target_interaction,Protein::545,0
Durg::602,drug_target_interaction,Protein::99,0
Durg::544,drug_target_interaction,Protein::144,0
Durg::175,drug_target_interaction,Protein::1502,0
Durg::293,drug_target_interaction,Protein::625,0
Durg::146,drug_target_interaction,Protein::773,0
Durg::669,drug_target_interaction,Protein::449,0
Durg::95,drug_target_interaction,Protein::121,0
Durg::346,drug_target_interaction,Protein::320,0
Durg::78,drug_target_interaction,Protein::1160,0
Durg::144,drug_target_interaction,Protein::278,0
Durg::612,drug_target_interaction,Protein::278,0
Durg::316,drug_target_interaction,Protein::418,0
Durg::194,drug_target_interaction,Protein::998,0
Durg::432,drug_target_interaction,Protein::707,0
Durg::52,drug_target_interaction,Protein::1150,0
Durg::179,drug_target_interaction,Protein::1170,0
Durg::152,drug_target_interaction,Protein::1201,0
Durg::449,drug_target_interaction,Protein::670,0
Durg::518,drug_target_interaction,Protein::139,0
Durg::43,drug_target_interaction,Protein::291,0
Durg::603,drug_target_interaction,Protein::1066,0
Durg::678,drug_target_interaction,Protein::720,0
Durg::330,drug_target_interaction,Protein::854,0
Durg::148,drug_target_interaction,Protein::246,0
Durg::553,drug_target_interaction,Protein::452,0
Durg::597,drug_target_interaction,Protein::610,0
Durg::272,drug_target_interaction,Protein::1163,0
Durg::31,drug_target_interaction,Protein::636,0
Durg::109,drug_target_interaction,Protein::320,0
Durg::461,drug_target_interaction,Protein::1009,0
Durg::371,drug_target_interaction,Protein::144,0
Durg::545,drug_target_interaction,Protein::696,0
Durg::478,drug_target_interaction,Protein::523,0
Durg::582,drug_target_interaction,Protein::940,0
Durg::252,drug_target_interaction,Protein::291,0
Durg::298,drug_target_interaction,Protein::851,0
Durg::529,drug_target_interaction,Protein::512,0
Durg::15,drug_target_interaction,Protein::1015,0
Durg::365,drug_target_interaction,Protein::106,0
Durg::355,drug_target_interaction,Protein::394,0
Durg::680,drug_target_interaction,Protein::1183,0
Durg::10,drug_target_interaction,Protein::569,0
Durg::579,drug_target_interaction,Protein::592,0
Durg::225,drug_target_interaction,Protein::264,0
Durg::279,drug_target_interaction,Protein::1196,0
Durg::214,drug_target_interaction,Protein::328,0
Durg::58,drug_target_interaction,Protein::310,0
Durg::502,drug_target_interaction,Protein::430,0
Durg::686,drug_target_interaction,Protein::374,0
Durg::444,drug_target_interaction,Protein::737,0
Durg::585,drug_target_interaction,Protein::617,0
Durg::365,drug_target_interaction,Protein::786,0
Durg::363,drug_target_interaction,Protein::987,0
Durg::143,drug_target_interaction,Protein::25,0
Durg::247,drug_target_interaction,Protein::987,0
Durg::658,drug_target_interaction,Protein::665,0
Durg::266,drug_target_interaction,Protein::357,0
Durg::349,drug_target_interaction,Protein::146,0
Durg::348,drug_target_interaction,Protein::311,0
Durg::281,drug_target_interaction,Protein::1173,0
Durg::396,drug_target_interaction,Protein::1162,0
Durg::214,drug_target_interaction,Protein::1151,0
Durg::576,drug_target_interaction,Protein::195,0
Durg::566,drug_target_interaction,Protein::1299,0
Durg::588,drug_target_interaction,Protein::1181,0
Durg::423,drug_target_interaction,Protein::773,0
Durg::76,drug_target_interaction,Protein::429,0
Durg::395,drug_target_interaction,Protein::452,0
Durg::663,drug_target_interaction,Protein::320,0
Durg::291,drug_target_interaction,Protein::374,0
Durg::189,drug_target_interaction,Protein::1172,0
Durg::317,drug_target_interaction,Protein::1146,0
Durg::244,drug_target_interaction,Protein::1185,0
Durg::615,drug_target_interaction,Protein::495,0
Durg::352,drug_target_interaction,Protein::646,0
Durg::560,drug_target_interaction,Protein::661,0
Durg::329,drug_target_interaction,Protein::773,0
Durg::573,drug_target_interaction,Protein::18,0
Durg::448,drug_target_interaction,Protein::583,0
Durg::442,drug_target_interaction,Protein::328,0
Durg::190,drug_target_interaction,Protein::98,0
Durg::101,drug_target_interaction,Protein::400,0
Durg::585,drug_target_interaction,Protein::6,0
Durg::22,drug_target_interaction,Protein::244,0
Durg::310,drug_target_interaction,Protein::290,0
Durg::662,drug_target_interaction,Protein::581,0
Durg::518,drug_target_interaction,Protein::120,0
Durg::137,drug_target_interaction,Protein::10,0
Durg::257,drug_target_interaction,Protein::486,0
Durg::148,drug_target_interaction,Protein::433,0
Durg::213,drug_target_interaction,Protein::448,0
Durg::685,drug_target_interaction,Protein::426,0
Durg::269,drug_target_interaction,Protein::561,0
Durg::165,drug_target_interaction,Protein::427,0
Durg::624,drug_target_interaction,Protein::987,0
Durg::120,drug_target_interaction,Protein::990,0
Durg::161,drug_target_interaction,Protein::1139,0
Durg::644,drug_target_interaction,Protein::248,0
Durg::47,drug_target_interaction,Protein::395,0
Durg::656,drug_target_interaction,Protein::640,0
Durg::77,drug_target_interaction,Protein::380,0
Durg::54,drug_target_interaction,Protein::72,0
Durg::500,drug_target_interaction,Protein::146,0
Durg::588,drug_target_interaction,Protein::45,0
Durg::428,drug_target_interaction,Protein::142,0
Durg::232,drug_target_interaction,Protein::669,0
Durg::703,drug_target_interaction,Protein::207,0
Durg::102,drug_target_interaction,Protein::88,0
Durg::194,drug_target_interaction,Protein::197,0
Durg::441,drug_target_interaction,Protein::722,0
Durg::565,drug_target_interaction,Protein::646,0
Durg::508,drug_target_interaction,Protein::99,0
Durg::164,drug_target_interaction,Protein::1167,0
Durg::40,drug_target_interaction,Protein::34,0
Durg::167,drug_target_interaction,Protein::654,0
Durg::335,drug_target_interaction,Protein::75,0
Durg::634,drug_target_interaction,Protein::243,0
Durg::38,drug_target_interaction,Protein::817,0
Durg::224,drug_target_interaction,Protein::418,0
Durg::611,drug_target_interaction,Protein::1000,0
Durg::54,drug_target_interaction,Protein::588,0
Durg::430,drug_target_interaction,Protein::670,0
Durg::262,drug_target_interaction,Protein::247,0
Durg::103,drug_target_interaction,Protein::1375,0
Durg::524,drug_target_interaction,Protein::140,0
Durg::180,drug_target_interaction,Protein::1187,0
Durg::686,drug_target_interaction,Protein::635,0
Durg::540,drug_target_interaction,Protein::422,0
Durg::404,drug_target_interaction,Protein::1161,0
Durg::534,drug_target_interaction,Protein::1169,0
Durg::43,drug_target_interaction,Protein::459,0
Durg::48,drug_target_interaction,Protein::1166,0
Durg::599,drug_target_interaction,Protein::366,0
Durg::311,drug_target_interaction,Protein::395,0
Durg::130,drug_target_interaction,Protein::151,0
Durg::380,drug_target_interaction,Protein::45,0
Durg::383,drug_target_interaction,Protein::218,0
Durg::607,drug_target_interaction,Protein::78,0
Durg::60,drug_target_interaction,Protein::400,0
Durg::180,drug_target_interaction,Protein::459,0
Durg::434,drug_target_interaction,Protein::493,0
Durg::611,drug_target_interaction,Protein::183,0
Durg::302,drug_target_interaction,Protein::1160,0
Durg::335,drug_target_interaction,Protein::160,0
Durg::225,drug_target_interaction,Protein::613,0
Durg::285,drug_target_interaction,Protein::509,0
Durg::401,drug_target_interaction,Protein::1161,0
Durg::401,drug_target_interaction,Protein::1174,0
Durg::54,drug_target_interaction,Protein::106,0
Durg::152,drug_target_interaction,Protein::550,0
Durg::345,drug_target_interaction,Protein::654,0
Durg::122,drug_target_interaction,Protein::1138,0
Durg::214,drug_target_interaction,Protein::419,0
Durg::536,drug_target_interaction,Protein::364,0
Durg::523,drug_target_interaction,Protein::357,0
Durg::317,drug_target_interaction,Protein::613,0
Durg::500,drug_target_interaction,Protein::1503,0
Durg::616,drug_target_interaction,Protein::530,0
Durg::554,drug_target_interaction,Protein::1169,0
Durg::130,drug_target_interaction,Protein::994,0
Durg::312,drug_target_interaction,Protein::82,0
Durg::242,drug_target_interaction,Protein::1382,0
Durg::174,drug_target_interaction,Protein::1188,0
Durg::95,drug_target_interaction,Protein::83,0
Durg::228,drug_target_interaction,Protein::413,0
Durg::145,drug_target_interaction,Protein::484,0
Durg::640,drug_target_interaction,Protein::327,0
Durg::329,drug_target_interaction,Protein::225,0
Durg::461,drug_target_interaction,Protein::340,0
Durg::588,drug_target_interaction,Protein::364,0
Durg::205,drug_target_interaction,Protein::466,0
Durg::671,drug_target_interaction,Protein::563,0
Durg::19,drug_target_interaction,Protein::242,0
Durg::541,drug_target_interaction,Protein::272,0
Durg::356,drug_target_interaction,Protein::317,0
Durg::253,drug_target_interaction,Protein::1022,0
Durg::337,drug_target_interaction,Protein::583,0
Durg::66,drug_target_interaction,Protein::1503,0
Durg::469,drug_target_interaction,Protein::483,0
Durg::505,drug_target_interaction,Protein::674,0
Durg::34,drug_target_interaction,Protein::720,0
Durg::194,drug_target_interaction,Protein::1155,0
Durg::195,drug_target_interaction,Protein::142,0
Durg::574,drug_target_interaction,Protein::200,0
Durg::460,drug_target_interaction,Protein::1196,0
Durg::96,drug_target_interaction,Protein::242,0
Durg::48,drug_target_interaction,Protein::1010,0
Durg::121,drug_target_interaction,Protein::263,0
Durg::606,drug_target_interaction,Protein::987,0
Durg::539,drug_target_interaction,Protein::646,0
Durg::481,drug_target_interaction,Protein::1041,0
Durg::442,drug_target_interaction,Protein::286,0
Durg::516,drug_target_interaction,Protein::218,0
Durg::65,drug_target_interaction,Protein::475,0
Durg::444,drug_target_interaction,Protein::84,0
Durg::672,drug_target_interaction,Protein::1163,0
Durg::584,drug_target_interaction,Protein::515,0
Durg::71,drug_target_interaction,Protein::624,0
Durg::408,drug_target_interaction,Protein::1167,0
Durg::130,drug_target_interaction,Protein::302,0
Durg::65,drug_target_interaction,Protein::610,0
Durg::97,drug_target_interaction,Protein::117,0
Durg::637,drug_target_interaction,Protein::155,0
Durg::615,drug_target_interaction,Protein::856,0
Durg::672,drug_target_interaction,Protein::523,0
Durg::691,drug_target_interaction,Protein::115,0
Durg::357,drug_target_interaction,Protein::1506,0
Durg::443,drug_target_interaction,Protein::75,0
Durg::383,drug_target_interaction,Protein::554,0
Durg::147,drug_target_interaction,Protein::400,0
Durg::325,drug_target_interaction,Protein::1041,0
Durg::144,drug_target_interaction,Protein::648,0
Durg::633,drug_target_interaction,Protein::34,0
Durg::530,drug_target_interaction,Protein::361,0
Durg::109,drug_target_interaction,Protein::175,0
Durg::625,drug_target_interaction,Protein::461,0
Durg::640,drug_target_interaction,Protein::208,0
Durg::433,drug_target_interaction,Protein::242,0
Durg::499,drug_target_interaction,Protein::430,0
Durg::259,drug_target_interaction,Protein::426,0
Durg::573,drug_target_interaction,Protein::726,0
Durg::469,drug_target_interaction,Protein::624,0
Durg::381,drug_target_interaction,Protein::681,0
Durg::41,drug_target_interaction,Protein::442,0
Durg::639,drug_target_interaction,Protein::554,0
Durg::439,drug_target_interaction,Protein::570,0
Durg::123,drug_target_interaction,Protein::1163,0
Durg::444,drug_target_interaction,Protein::1146,0
Durg::60,drug_target_interaction,Protein::360,0
Durg::437,drug_target_interaction,Protein::583,0
Durg::285,drug_target_interaction,Protein::996,0
Durg::89,drug_target_interaction,Protein::361,0
Durg::160,drug_target_interaction,Protein::694,0
Durg::75,drug_target_interaction,Protein::461,0
Durg::191,drug_target_interaction,Protein::311,0
Durg::90,drug_target_interaction,Protein::232,0
Durg::354,drug_target_interaction,Protein::427,0
Durg::361,drug_target_interaction,Protein::589,0
Durg::432,drug_target_interaction,Protein::621,0
Durg::600,drug_target_interaction,Protein::288,0
Durg::178,drug_target_interaction,Protein::681,0
Durg::652,drug_target_interaction,Protein::675,0
Durg::10,drug_target_interaction,Protein::681,0
Durg::184,drug_target_interaction,Protein::675,0
Durg::285,drug_target_interaction,Protein::484,0
Durg::443,drug_target_interaction,Protein::449,0
Durg::532,drug_target_interaction,Protein::852,0
Durg::19,drug_target_interaction,Protein::265,0
Durg::257,drug_target_interaction,Protein::6,0
Durg::379,drug_target_interaction,Protein::140,0
Durg::643,drug_target_interaction,Protein::1187,0
Durg::97,drug_target_interaction,Protein::327,0
Durg::491,drug_target_interaction,Protein::1148,0
Durg::431,drug_target_interaction,Protein::422,0
Durg::10,drug_target_interaction,Protein::563,0
Durg::364,drug_target_interaction,Protein::1508,0
Durg::426,drug_target_interaction,Protein::328,0
Durg::514,drug_target_interaction,Protein::185,0
Durg::463,drug_target_interaction,Protein::495,0
Durg::530,drug_target_interaction,Protein::94,0
Durg::344,drug_target_interaction,Protein::1160,0
Durg::518,drug_target_interaction,Protein::310,0
Durg::491,drug_target_interaction,Protein::317,0
Durg::279,drug_target_interaction,Protein::138,0
Durg::419,drug_target_interaction,Protein::138,0
Durg::536,drug_target_interaction,Protein::496,0
Durg::355,drug_target_interaction,Protein::221,0
Durg::528,drug_target_interaction,Protein::518,0
Durg::211,drug_target_interaction,Protein::858,0
Durg::434,drug_target_interaction,Protein::853,0
Durg::49,drug_target_interaction,Protein::390,0
Durg::376,drug_target_interaction,Protein::1196,0
Durg::599,drug_target_interaction,Protein::742,0
Durg::201,drug_target_interaction,Protein::449,0
Durg::428,drug_target_interaction,Protein::197,0
Durg::370,drug_target_interaction,Protein::505,0
Durg::0,drug_target_interaction,Protein::6,0
Durg::617,drug_target_interaction,Protein::85,0
Durg::247,drug_target_interaction,Protein::139,0
Durg::431,drug_target_interaction,Protein::786,0
Durg::5,drug_target_interaction,Protein::1177,0
Durg::324,drug_target_interaction,Protein::550,0
Durg::537,drug_target_interaction,Protein::989,0
Durg::449,drug_target_interaction,Protein::1187,0
Durg::542,drug_target_interaction,Protein::696,0
Durg::441,drug_target_interaction,Protein::744,0
Durg::627,drug_target_interaction,Protein::439,0
Durg::232,drug_target_interaction,Protein::1382,0
Durg::97,drug_target_interaction,Protein::858,0
Durg::288,drug_target_interaction,Protein::483,0
Durg::224,drug_target_interaction,Protein::621,0
Durg::622,drug_target_interaction,Protein::143,0
Durg::184,drug_target_interaction,Protein::302,0
Durg::561,drug_target_interaction,Protein::1196,0
Durg::573,drug_target_interaction,Protein::642,0
Durg::557,drug_target_interaction,Protein::48,0
Durg::552,drug_target_interaction,Protein::583,0
Durg::152,drug_target_interaction,Protein::1173,0
Durg::612,drug_target_interaction,Protein::237,0
Durg::335,drug_target_interaction,Protein::689,0
Durg::652,drug_target_interaction,Protein::144,0
Durg::594,drug_target_interaction,Protein::13,0
Durg::450,drug_target_interaction,Protein::144,0
Durg::559,drug_target_interaction,Protein::259,0
Durg::431,drug_target_interaction,Protein::549,0
Durg::57,drug_target_interaction,Protein::278,0
Durg::130,drug_target_interaction,Protein::75,0
Durg::571,drug_target_interaction,Protein::286,0
Durg::332,drug_target_interaction,Protein::113,0
Durg::50,drug_target_interaction,Protein::26,0
Durg::680,drug_target_interaction,Protein::330,0
Durg::460,drug_target_interaction,Protein::991,0
Durg::76,drug_target_interaction,Protein::528,0
Durg::38,drug_target_interaction,Protein::745,0
Durg::147,drug_target_interaction,Protein::6,0
Durg::445,drug_target_interaction,Protein::1138,0
Durg::432,drug_target_interaction,Protein::523,0
Durg::57,drug_target_interaction,Protein::1169,0
Durg::401,drug_target_interaction,Protein::918,0
Durg::312,drug_target_interaction,Protein::121,0
Durg::297,drug_target_interaction,Protein::377,0
Durg::500,drug_target_interaction,Protein::309,0
Durg::639,drug_target_interaction,Protein::737,0
Durg::397,drug_target_interaction,Protein::709,0
Durg::351,drug_target_interaction,Protein::1029,0
Durg::311,drug_target_interaction,Protein::1179,0
Durg::250,drug_target_interaction,Protein::527,0
Durg::0,drug_target_interaction,Protein::497,0
Durg::549,drug_target_interaction,Protein::302,0
Durg::559,drug_target_interaction,Protein::115,0
Durg::61,drug_target_interaction,Protein::621,0
Durg::197,drug_target_interaction,Protein::1508,0
Durg::432,drug_target_interaction,Protein::138,0
Durg::469,drug_target_interaction,Protein::661,0
Durg::334,drug_target_interaction,Protein::637,0
Durg::339,drug_target_interaction,Protein::260,0
Durg::382,drug_target_interaction,Protein::727,0
Durg::479,drug_target_interaction,Protein::160,0
Durg::553,drug_target_interaction,Protein::360,0
Durg::383,drug_target_interaction,Protein::175,0
Durg::16,drug_target_interaction,Protein::317,0
Durg::220,drug_target_interaction,Protein::1169,0
Durg::634,drug_target_interaction,Protein::60,0
Durg::424,drug_target_interaction,Protein::860,0
Durg::524,drug_target_interaction,Protein::120,0
Durg::454,drug_target_interaction,Protein::108,0
Durg::15,drug_target_interaction,Protein::62,0
Durg::594,drug_target_interaction,Protein::513,0
Durg::77,drug_target_interaction,Protein::240,0
Durg::651,drug_target_interaction,Protein::984,0
Durg::443,drug_target_interaction,Protein::71,0
Durg::97,drug_target_interaction,Protein::993,0
Durg::36,drug_target_interaction,Protein::145,0
Durg::327,drug_target_interaction,Protein::512,0
Durg::193,drug_target_interaction,Protein::408,0
Durg::16,drug_target_interaction,Protein::523,0
Durg::141,drug_target_interaction,Protein::1010,0
Durg::475,drug_target_interaction,Protein::1201,0
Durg::265,drug_target_interaction,Protein::617,0
Durg::191,drug_target_interaction,Protein::34,0
Durg::411,drug_target_interaction,Protein::992,0
Durg::382,drug_target_interaction,Protein::218,0
Durg::427,drug_target_interaction,Protein::466,0
Durg::348,drug_target_interaction,Protein::272,0
Durg::255,drug_target_interaction,Protein::10,0
Durg::691,drug_target_interaction,Protein::261,0
Durg::696,drug_target_interaction,Protein::1203,0
Durg::645,drug_target_interaction,Protein::322,0
Durg::597,drug_target_interaction,Protein::85,0
Durg::244,drug_target_interaction,Protein::94,0
Durg::549,drug_target_interaction,Protein::605,0
Durg::88,drug_target_interaction,Protein::993,0
Durg::201,drug_target_interaction,Protein::361,0
Durg::234,drug_target_interaction,Protein::569,0
Durg::264,drug_target_interaction,Protein::185,0
Durg::224,drug_target_interaction,Protein::538,0
Durg::637,drug_target_interaction,Protein::858,0
Durg::489,drug_target_interaction,Protein::295,0
Durg::194,drug_target_interaction,Protein::135,0
Durg::210,drug_target_interaction,Protein::859,0
Durg::358,drug_target_interaction,Protein::225,0
Durg::518,drug_target_interaction,Protein::1034,0
Durg::542,drug_target_interaction,Protein::435,0
Durg::450,drug_target_interaction,Protein::1503,0
Durg::419,drug_target_interaction,Protein::144,0
Durg::557,drug_target_interaction,Protein::1060,0
Durg::132,drug_target_interaction,Protein::98,0
Durg::182,drug_target_interaction,Protein::1176,0
Durg::516,drug_target_interaction,Protein::260,0
Durg::693,drug_target_interaction,Protein::13,0
Durg::616,drug_target_interaction,Protein::984,0
Durg::376,drug_target_interaction,Protein::647,0
Durg::419,drug_target_interaction,Protein::681,0
Durg::567,drug_target_interaction,Protein::242,0
Durg::355,drug_target_interaction,Protein::101,0
Durg::147,drug_target_interaction,Protein::1183,0
Durg::483,drug_target_interaction,Protein::927,0
Durg::297,drug_target_interaction,Protein::856,0
Durg::24,drug_target_interaction,Protein::395,0
Durg::603,drug_target_interaction,Protein::120,0
Durg::588,drug_target_interaction,Protein::656,0
Durg::159,drug_target_interaction,Protein::1164,0
Durg::224,drug_target_interaction,Protein::1060,0
Durg::133,drug_target_interaction,Protein::328,0
Durg::180,drug_target_interaction,Protein::1162,0
Durg::548,drug_target_interaction,Protein::64,0
Durg::469,drug_target_interaction,Protein::160,0
Durg::75,drug_target_interaction,Protein::357,0
Durg::592,drug_target_interaction,Protein::197,0
Durg::543,drug_target_interaction,Protein::427,0
Durg::552,drug_target_interaction,Protein::183,0
Durg::145,drug_target_interaction,Protein::1066,0
Durg::253,drug_target_interaction,Protein::418,0
Durg::135,drug_target_interaction,Protein::346,0
Durg::287,drug_target_interaction,Protein::516,0
Durg::9,drug_target_interaction,Protein::1164,0
Durg::74,drug_target_interaction,Protein::1181,0
Durg::238,drug_target_interaction,Protein::430,0
Durg::396,drug_target_interaction,Protein::1174,0
Durg::82,drug_target_interaction,Protein::60,0
Durg::548,drug_target_interaction,Protein::33,0
Durg::32,drug_target_interaction,Protein::773,0
Durg::457,drug_target_interaction,Protein::550,0
Durg::16,drug_target_interaction,Protein::726,0
Durg::565,drug_target_interaction,Protein::1375,0
Durg::103,drug_target_interaction,Protein::707,0
Durg::322,drug_target_interaction,Protein::12,0
Durg::280,drug_target_interaction,Protein::996,0
Durg::511,drug_target_interaction,Protein::636,0
Durg::663,drug_target_interaction,Protein::135,0
Durg::471,drug_target_interaction,Protein::144,0
Durg::359,drug_target_interaction,Protein::146,0
Durg::573,drug_target_interaction,Protein::656,0
Durg::340,drug_target_interaction,Protein::1152,0
Durg::298,drug_target_interaction,Protein::106,0
Durg::614,drug_target_interaction,Protein::28,0
Durg::354,drug_target_interaction,Protein::6,0
Durg::288,drug_target_interaction,Protein::995,0
Durg::193,drug_target_interaction,Protein::518,0
Durg::625,drug_target_interaction,Protein::311,0
Durg::491,drug_target_interaction,Protein::291,0
Durg::240,drug_target_interaction,Protein::368,0
Durg::398,drug_target_interaction,Protein::647,0
Durg::543,drug_target_interaction,Protein::75,0
Durg::23,drug_target_interaction,Protein::496,0
Durg::545,drug_target_interaction,Protein::656,0
Durg::71,drug_target_interaction,Protein::419,0
Durg::459,drug_target_interaction,Protein::296,0
Durg::232,drug_target_interaction,Protein::608,0
Durg::350,drug_target_interaction,Protein::554,0
Durg::613,drug_target_interaction,Protein::383,0
Durg::193,drug_target_interaction,Protein::1188,0
Durg::75,drug_target_interaction,Protein::624,0
Durg::594,drug_target_interaction,Protein::656,0
Durg::632,drug_target_interaction,Protein::326,0
Durg::185,drug_target_interaction,Protein::45,0
Durg::585,drug_target_interaction,Protein::7,0
Durg::631,drug_target_interaction,Protein::524,0
Durg::671,drug_target_interaction,Protein::140,0
Durg::230,drug_target_interaction,Protein::312,0
Durg::469,drug_target_interaction,Protein::1176,0
Durg::516,drug_target_interaction,Protein::661,0
Durg::618,drug_target_interaction,Protein::588,0
Durg::92,drug_target_interaction,Protein::48,0
Durg::217,drug_target_interaction,Protein::1179,0
Durg::419,drug_target_interaction,Protein::570,0
Durg::303,drug_target_interaction,Protein::1034,0
Durg::573,drug_target_interaction,Protein::60,0
Durg::0,drug_target_interaction,Protein::448,0
Durg::89,drug_target_interaction,Protein::661,0
Durg::196,drug_target_interaction,Protein::330,0
Durg::668,drug_target_interaction,Protein::82,0
Durg::667,drug_target_interaction,Protein::328,0
Durg::376,drug_target_interaction,Protein::726,0
Durg::346,drug_target_interaction,Protein::312,0
Durg::276,drug_target_interaction,Protein::589,0
Durg::431,drug_target_interaction,Protein::335,0
Durg::639,drug_target_interaction,Protein::515,0
Durg::433,drug_target_interaction,Protein::237,0
Durg::279,drug_target_interaction,Protein::318,0
Durg::264,drug_target_interaction,Protein::745,0
Durg::655,drug_target_interaction,Protein::98,0
Durg::446,drug_target_interaction,Protein::259,0
Durg::521,drug_target_interaction,Protein::656,0
Durg::281,drug_target_interaction,Protein::922,0
Durg::408,drug_target_interaction,Protein::1009,0
Durg::358,drug_target_interaction,Protein::1151,0
Durg::303,drug_target_interaction,Protein::1375,0
Durg::61,drug_target_interaction,Protein::326,0
Durg::611,drug_target_interaction,Protein::1167,0
Durg::499,drug_target_interaction,Protein::814,0
Durg::702,drug_target_interaction,Protein::610,0
Durg::412,drug_target_interaction,Protein::208,0
Durg::75,drug_target_interaction,Protein::773,0
Durg::161,drug_target_interaction,Protein::127,0
Durg::10,drug_target_interaction,Protein::146,0
Durg::645,drug_target_interaction,Protein::568,0
Durg::451,drug_target_interaction,Protein::773,0
Durg::321,drug_target_interaction,Protein::51,0
Durg::614,drug_target_interaction,Protein::927,0
Durg::485,drug_target_interaction,Protein::1177,0
Durg::125,drug_target_interaction,Protein::1152,0
Durg::560,drug_target_interaction,Protein::208,0
Durg::96,drug_target_interaction,Protein::435,0
Durg::123,drug_target_interaction,Protein::573,0
Durg::189,drug_target_interaction,Protein::1382,0
Durg::120,drug_target_interaction,Protein::395,0
Durg::623,drug_target_interaction,Protein::71,0
Durg::278,drug_target_interaction,Protein::561,0
Durg::626,drug_target_interaction,Protein::290,0
Durg::324,drug_target_interaction,Protein::88,0
Durg::153,drug_target_interaction,Protein::318,0
Durg::641,drug_target_interaction,Protein::42,0
Durg::400,drug_target_interaction,Protein::993,0
Durg::95,drug_target_interaction,Protein::460,0
Durg::222,drug_target_interaction,Protein::689,0
Durg::95,drug_target_interaction,Protein::1196,0
Durg::553,drug_target_interaction,Protein::1174,0
Durg::574,drug_target_interaction,Protein::528,0
Durg::505,drug_target_interaction,Protein::994,0
Durg::220,drug_target_interaction,Protein::237,0
Durg::574,drug_target_interaction,Protein::583,0
Durg::137,drug_target_interaction,Protein::21,0
Durg::168,drug_target_interaction,Protein::439,0
Durg::448,drug_target_interaction,Protein::194,0
Durg::195,drug_target_interaction,Protein::43,0
Durg::354,drug_target_interaction,Protein::360,0
Durg::355,drug_target_interaction,Protein::439,0
Durg::683,drug_target_interaction,Protein::309,0
Durg::27,drug_target_interaction,Protein::583,0
Durg::618,drug_target_interaction,Protein::357,0
Durg::167,drug_target_interaction,Protein::366,0
Durg::264,drug_target_interaction,Protein::101,0
Durg::35,drug_target_interaction,Protein::265,0
Durg::633,drug_target_interaction,Protein::194,0
Durg::154,drug_target_interaction,Protein::288,0
Durg::644,drug_target_interaction,Protein::423,0
Durg::680,drug_target_interaction,Protein::302,0
Durg::631,drug_target_interaction,Protein::538,0
Durg::14,drug_target_interaction,Protein::720,0
Durg::260,drug_target_interaction,Protein::1508,0
Durg::156,drug_target_interaction,Protein::361,0
Durg::588,drug_target_interaction,Protein::120,0
Durg::622,drug_target_interaction,Protein::115,0
Durg::430,drug_target_interaction,Protein::142,0
Durg::419,drug_target_interaction,Protein::201,0
Durg::13,drug_target_interaction,Protein::241,0
Durg::167,drug_target_interaction,Protein::127,0
Durg::372,drug_target_interaction,Protein::453,0
Durg::372,drug_target_interaction,Protein::265,0
Durg::658,drug_target_interaction,Protein::272,0
Durg::388,drug_target_interaction,Protein::273,0
Durg::19,drug_target_interaction,Protein::424,0
Durg::530,drug_target_interaction,Protein::300,0
Durg::110,drug_target_interaction,Protein::326,0
Durg::408,drug_target_interaction,Protein::1174,0
Durg::638,drug_target_interaction,Protein::14,0
Durg::638,drug_target_interaction,Protein::472,0
Durg::272,drug_target_interaction,Protein::1029,0
Durg::702,drug_target_interaction,Protein::81,0
Durg::211,drug_target_interaction,Protein::144,0
Durg::204,drug_target_interaction,Protein::269,0
Durg::77,drug_target_interaction,Protein::621,0
Durg::164,drug_target_interaction,Protein::430,0
Durg::205,drug_target_interaction,Protein::1155,0
Durg::526,drug_target_interaction,Protein::183,0
Durg::273,drug_target_interaction,Protein::196,0
Durg::503,drug_target_interaction,Protein::246,0
Durg::609,drug_target_interaction,Protein::550,0
Durg::465,drug_target_interaction,Protein::527,0
Durg::13,drug_target_interaction,Protein::992,0
Durg::193,drug_target_interaction,Protein::419,0
Durg::698,drug_target_interaction,Protein::992,0
Durg::213,drug_target_interaction,Protein::995,0
Durg::552,drug_target_interaction,Protein::340,0
Durg::703,drug_target_interaction,Protein::120,0
Durg::656,drug_target_interaction,Protein::28,0
Durg::275,drug_target_interaction,Protein::1139,0
Durg::671,drug_target_interaction,Protein::1055,0
Durg::103,drug_target_interaction,Protein::124,0
Durg::315,drug_target_interaction,Protein::1504,0
Durg::280,drug_target_interaction,Protein::1177,0
Durg::564,drug_target_interaction,Protein::646,0
Durg::315,drug_target_interaction,Protein::258,0
Durg::637,drug_target_interaction,Protein::927,0
Durg::505,drug_target_interaction,Protein::362,0
Durg::338,drug_target_interaction,Protein::413,0
Durg::101,drug_target_interaction,Protein::1201,0
Durg::584,drug_target_interaction,Protein::617,0
Durg::432,drug_target_interaction,Protein::574,0
Durg::147,drug_target_interaction,Protein::640,0
Durg::260,drug_target_interaction,Protein::318,0
Durg::286,drug_target_interaction,Protein::13,0
Durg::691,drug_target_interaction,Protein::271,0
Durg::448,drug_target_interaction,Protein::574,0
Durg::668,drug_target_interaction,Protein::1161,0
Durg::561,drug_target_interaction,Protein::1022,0
Durg::539,drug_target_interaction,Protein::1381,0
Durg::100,drug_target_interaction,Protein::661,0
Durg::411,drug_target_interaction,Protein::987,0
Durg::545,drug_target_interaction,Protein::124,0
Durg::310,drug_target_interaction,Protein::244,0
Durg::373,drug_target_interaction,Protein::696,0
Durg::183,drug_target_interaction,Protein::1165,0
Durg::358,drug_target_interaction,Protein::88,0
Durg::539,drug_target_interaction,Protein::931,0
Durg::537,drug_target_interaction,Protein::1150,0
Durg::398,drug_target_interaction,Protein::1202,0
Durg::259,drug_target_interaction,Protein::486,0
Durg::637,drug_target_interaction,Protein::1161,0
Durg::145,drug_target_interaction,Protein::854,0
Durg::704,drug_target_interaction,Protein::115,0
Durg::101,drug_target_interaction,Protein::311,0
Durg::468,drug_target_interaction,Protein::300,0
Durg::2,drug_target_interaction,Protein::1183,0
Durg::652,drug_target_interaction,Protein::857,0
Durg::190,drug_target_interaction,Protein::931,0
Durg::352,drug_target_interaction,Protein::1055,0
Durg::288,drug_target_interaction,Protein::640,0
Durg::392,drug_target_interaction,Protein::860,0
Durg::7,drug_target_interaction,Protein::271,0
Durg::406,drug_target_interaction,Protein::181,0
Durg::671,drug_target_interaction,Protein::258,0
Durg::696,drug_target_interaction,Protein::266,0
Durg::299,drug_target_interaction,Protein::317,0
Durg::71,drug_target_interaction,Protein::433,0
Durg::333,drug_target_interaction,Protein::477,0
Durg::576,drug_target_interaction,Protein::12,0
Durg::100,drug_target_interaction,Protein::310,0
Durg::398,drug_target_interaction,Protein::377,0
Durg::676,drug_target_interaction,Protein::64,0
Durg::569,drug_target_interaction,Protein::145,0
Durg::507,drug_target_interaction,Protein::851,0
Durg::592,drug_target_interaction,Protein::486,0
Durg::524,drug_target_interaction,Protein::505,0
Durg::631,drug_target_interaction,Protein::448,0
Durg::426,drug_target_interaction,Protein::1015,0
Durg::191,drug_target_interaction,Protein::141,0
Durg::120,drug_target_interaction,Protein::528,0
Durg::593,drug_target_interaction,Protein::62,0
Durg::704,drug_target_interaction,Protein::260,0
Durg::618,drug_target_interaction,Protein::278,0
Durg::394,drug_target_interaction,Protein::328,0
Durg::252,drug_target_interaction,Protein::648,0
Durg::46,drug_target_interaction,Protein::996,0
Durg::397,drug_target_interaction,Protein::486,0
Durg::408,drug_target_interaction,Protein::260,0
Durg::287,drug_target_interaction,Protein::263,0
Durg::633,drug_target_interaction,Protein::656,0
Durg::550,drug_target_interaction,Protein::155,0
Durg::489,drug_target_interaction,Protein::320,0
Durg::508,drug_target_interaction,Protein::851,0
Durg::68,drug_target_interaction,Protein::31,0
Durg::72,drug_target_interaction,Protein::194,0
Durg::536,drug_target_interaction,Protein::994,0
Durg::581,drug_target_interaction,Protein::377,0
Durg::382,drug_target_interaction,Protein::1299,0
Durg::136,drug_target_interaction,Protein::561,0
Durg::84,drug_target_interaction,Protein::435,0
Durg::475,drug_target_interaction,Protein::295,0
Durg::698,drug_target_interaction,Protein::413,0
Durg::508,drug_target_interaction,Protein::310,0
Durg::143,drug_target_interaction,Protein::513,0
Durg::280,drug_target_interaction,Protein::106,0
Durg::663,drug_target_interaction,Protein::98,0
Durg::686,drug_target_interaction,Protein::266,0
Durg::240,drug_target_interaction,Protein::424,0
Durg::616,drug_target_interaction,Protein::98,0
Durg::152,drug_target_interaction,Protein::408,0
Durg::594,drug_target_interaction,Protein::218,0
Durg::631,drug_target_interaction,Protein::394,0
Durg::693,drug_target_interaction,Protein::744,0
Durg::175,drug_target_interaction,Protein::120,0
Durg::587,drug_target_interaction,Protein::358,0
Durg::484,drug_target_interaction,Protein::312,0
Durg::335,drug_target_interaction,Protein::637,0
Durg::226,drug_target_interaction,Protein::271,0
Durg::31,drug_target_interaction,Protein::783,0
Durg::634,drug_target_interaction,Protein::995,0
Durg::74,drug_target_interaction,Protein::319,0
Durg::480,drug_target_interaction,Protein::64,0
Durg::294,drug_target_interaction,Protein::1186,0
Durg::47,drug_target_interaction,Protein::1022,0
Durg::32,drug_target_interaction,Protein::223,0
Durg::418,drug_target_interaction,Protein::858,0
Durg::477,drug_target_interaction,Protein::1010,0
Durg::9,drug_target_interaction,Protein::449,0
Durg::368,drug_target_interaction,Protein::524,0
Durg::220,drug_target_interaction,Protein::423,0
Durg::557,drug_target_interaction,Protein::427,0
Durg::532,drug_target_interaction,Protein::42,0
Durg::322,drug_target_interaction,Protein::419,0
Durg::597,drug_target_interaction,Protein::589,0
Durg::108,drug_target_interaction,Protein::401,0
Durg::214,drug_target_interaction,Protein::466,0
Durg::197,drug_target_interaction,Protein::1000,0
Durg::141,drug_target_interaction,Protein::419,0
Durg::183,drug_target_interaction,Protein::856,0
Durg::311,drug_target_interaction,Protein::327,0
Durg::269,drug_target_interaction,Protein::139,0
Durg::348,drug_target_interaction,Protein::778,0
Durg::505,drug_target_interaction,Protein::360,0
Durg::289,drug_target_interaction,Protein::261,0
Durg::114,drug_target_interaction,Protein::185,0
Durg::340,drug_target_interaction,Protein::853,0
Durg::96,drug_target_interaction,Protein::1196,0
Durg::239,drug_target_interaction,Protein::112,0
Durg::294,drug_target_interaction,Protein::745,0
Durg::685,drug_target_interaction,Protein::264,0
Durg::317,drug_target_interaction,Protein::360,0
Durg::68,drug_target_interaction,Protein::472,0
Durg::372,drug_target_interaction,Protein::1055,0
Durg::245,drug_target_interaction,Protein::986,0
Durg::683,drug_target_interaction,Protein::48,0
Durg::373,drug_target_interaction,Protein::42,0
Durg::499,drug_target_interaction,Protein::124,0
Durg::603,drug_target_interaction,Protein::221,0
Durg::446,drug_target_interaction,Protein::857,0
Durg::391,drug_target_interaction,Protein::32,0
Durg::572,drug_target_interaction,Protein::985,0
Durg::485,drug_target_interaction,Protein::518,0
Durg::668,drug_target_interaction,Protein::101,0
Durg::146,drug_target_interaction,Protein::134,0
Durg::14,drug_target_interaction,Protein::296,0
Durg::463,drug_target_interaction,Protein::646,0
Durg::538,drug_target_interaction,Protein::424,0
Durg::702,drug_target_interaction,Protein::62,0
Durg::506,drug_target_interaction,Protein::1034,0
Durg::317,drug_target_interaction,Protein::450,0
Durg::226,drug_target_interaction,Protein::472,0
Durg::135,drug_target_interaction,Protein::1011,0
Durg::633,drug_target_interaction,Protein::421,0
Durg::14,drug_target_interaction,Protein::624,0
Durg::544,drug_target_interaction,Protein::85,0
Durg::225,drug_target_interaction,Protein::1015,0
Durg::624,drug_target_interaction,Protein::390,0
Durg::428,drug_target_interaction,Protein::1146,0
Durg::24,drug_target_interaction,Protein::383,0
Durg::475,drug_target_interaction,Protein::851,0
Durg::474,drug_target_interaction,Protein::85,0
Durg::22,drug_target_interaction,Protein::569,0
Durg::528,drug_target_interaction,Protein::142,0
Durg::236,drug_target_interaction,Protein::656,0
Durg::534,drug_target_interaction,Protein::992,0
Durg::70,drug_target_interaction,Protein::624,0
Durg::57,drug_target_interaction,Protein::310,0
Durg::465,drug_target_interaction,Protein::90,0
Durg::565,drug_target_interaction,Protein::276,0
Durg::614,drug_target_interaction,Protein::426,0
Durg::50,drug_target_interaction,Protein::237,0
Durg::468,drug_target_interaction,Protein::1167,0
Durg::340,drug_target_interaction,Protein::243,0
Durg::179,drug_target_interaction,Protein::722,0
Durg::211,drug_target_interaction,Protein::395,0
Durg::444,drug_target_interaction,Protein::317,0
Durg::31,drug_target_interaction,Protein::530,0
Durg::658,drug_target_interaction,Protein::6,0
Durg::658,drug_target_interaction,Protein::452,0
Durg::415,drug_target_interaction,Protein::992,0
Durg::130,drug_target_interaction,Protein::442,0
Durg::548,drug_target_interaction,Protein::477,0
Durg::154,drug_target_interaction,Protein::395,0
Durg::257,drug_target_interaction,Protein::272,0
Durg::114,drug_target_interaction,Protein::311,0
Durg::219,drug_target_interaction,Protein::189,0
Durg::226,drug_target_interaction,Protein::1508,0
Durg::692,drug_target_interaction,Protein::916,0
Durg::418,drug_target_interaction,Protein::422,0
Durg::497,drug_target_interaction,Protein::570,0
Durg::165,drug_target_interaction,Protein::196,0
Durg::494,drug_target_interaction,Protein::744,0
Durg::627,drug_target_interaction,Protein::1138,0
Durg::85,drug_target_interaction,Protein::82,0
Durg::156,drug_target_interaction,Protein::243,0
Durg::350,drug_target_interaction,Protein::246,0
Durg::369,drug_target_interaction,Protein::279,0
Durg::126,drug_target_interaction,Protein::497,0
Durg::446,drug_target_interaction,Protein::276,0
Durg::290,drug_target_interaction,Protein::10,0
Durg::559,drug_target_interaction,Protein::663,0
Durg::264,drug_target_interaction,Protein::916,0
Durg::524,drug_target_interaction,Protein::485,0
Durg::451,drug_target_interaction,Protein::617,0
Durg::659,drug_target_interaction,Protein::995,0
Durg::190,drug_target_interaction,Protein::924,0
Durg::561,drug_target_interaction,Protein::589,0
Durg::350,drug_target_interaction,Protein::271,0
Durg::571,drug_target_interaction,Protein::21,0
Durg::573,drug_target_interaction,Protein::258,0
Durg::569,drug_target_interaction,Protein::85,0
Durg::131,drug_target_interaction,Protein::218,0
Durg::413,drug_target_interaction,Protein::515,0
Durg::344,drug_target_interaction,Protein::635,0
Durg::654,drug_target_interaction,Protein::858,0
Durg::227,drug_target_interaction,Protein::654,0
Durg::489,drug_target_interaction,Protein::21,0
Durg::454,drug_target_interaction,Protein::1170,0
Durg::511,drug_target_interaction,Protein::523,0
Durg::530,drug_target_interaction,Protein::461,0
Durg::272,drug_target_interaction,Protein::573,0
Durg::337,drug_target_interaction,Protein::244,0
Durg::154,drug_target_interaction,Protein::1202,0
Durg::99,drug_target_interaction,Protein::433,0
Durg::151,drug_target_interaction,Protein::545,0
Durg::95,drug_target_interaction,Protein::326,0
Durg::627,drug_target_interaction,Protein::1164,0
Durg::352,drug_target_interaction,Protein::1175,0
Durg::340,drug_target_interaction,Protein::360,0
Durg::219,drug_target_interaction,Protein::573,0
Durg::64,drug_target_interaction,Protein::617,0
Durg::682,drug_target_interaction,Protein::998,0
Durg::500,drug_target_interaction,Protein::82,0
Durg::375,drug_target_interaction,Protein::263,0
Durg::625,drug_target_interaction,Protein::674,0
Durg::623,drug_target_interaction,Protein::271,0
Durg::332,drug_target_interaction,Protein::225,0
Durg::174,drug_target_interaction,Protein::589,0
Durg::559,drug_target_interaction,Protein::657,0
Durg::199,drug_target_interaction,Protein::581,0
Durg::321,drug_target_interaction,Protein::335,0
Durg::236,drug_target_interaction,Protein::85,0
Durg::255,drug_target_interaction,Protein::42,0
Durg::295,drug_target_interaction,Protein::514,0
Durg::461,drug_target_interaction,Protein::681,0
Durg::126,drug_target_interaction,Protein::998,0
Durg::370,drug_target_interaction,Protein::1170,0
Durg::582,drug_target_interaction,Protein::1066,0
Durg::561,drug_target_interaction,Protein::1009,0
Durg::564,drug_target_interaction,Protein::1176,0
Durg::371,drug_target_interaction,Protein::513,0
Durg::704,drug_target_interaction,Protein::151,0
Durg::561,drug_target_interaction,Protein::407,0
Durg::499,drug_target_interaction,Protein::300,0
Durg::391,drug_target_interaction,Protein::290,0
Durg::178,drug_target_interaction,Protein::988,0
Durg::448,drug_target_interaction,Protein::273,0
Durg::72,drug_target_interaction,Protein::368,0
Durg::158,drug_target_interaction,Protein::1503,0
Durg::111,drug_target_interaction,Protein::642,0
Durg::219,drug_target_interaction,Protein::1162,0
Durg::460,drug_target_interaction,Protein::362,0
Durg::640,drug_target_interaction,Protein::640,0
Durg::443,drug_target_interaction,Protein::991,0
Durg::410,drug_target_interaction,Protein::1202,0
Durg::349,drug_target_interaction,Protein::185,0
Durg::108,drug_target_interaction,Protein::994,0
Durg::354,drug_target_interaction,Protein::475,0
Durg::420,drug_target_interaction,Protein::73,0
Durg::168,drug_target_interaction,Protein::14,0
Durg::65,drug_target_interaction,Protein::418,0
Durg::694,drug_target_interaction,Protein::990,0
Durg::72,drug_target_interaction,Protein::856,0
Durg::617,drug_target_interaction,Protein::312,0
Durg::707,drug_target_interaction,Protein::648,0
Durg::236,drug_target_interaction,Protein::857,0
Durg::580,drug_target_interaction,Protein::243,0
Durg::13,drug_target_interaction,Protein::1196,0
Durg::346,drug_target_interaction,Protein::1186,0
Durg::537,drug_target_interaction,Protein::1382,0
Durg::247,drug_target_interaction,Protein::402,0
Durg::573,drug_target_interaction,Protein::208,0
Durg::557,drug_target_interaction,Protein::989,0
Durg::96,drug_target_interaction,Protein::164,0
Durg::156,drug_target_interaction,Protein::646,0
Durg::401,drug_target_interaction,Protein::523,0
Durg::294,drug_target_interaction,Protein::744,0
Durg::136,drug_target_interaction,Protein::1006,0
Durg::364,drug_target_interaction,Protein::783,0
Durg::373,drug_target_interaction,Protein::269,0
Durg::592,drug_target_interaction,Protein::988,0
Durg::663,drug_target_interaction,Protein::400,0
Durg::505,drug_target_interaction,Protein::1000,0
Durg::429,drug_target_interaction,Protein::240,0
Durg::138,drug_target_interaction,Protein::311,0
Durg::54,drug_target_interaction,Protein::640,0
Durg::488,drug_target_interaction,Protein::408,0
Durg::170,drug_target_interaction,Protein::931,0
Durg::219,drug_target_interaction,Protein::742,0
Durg::329,drug_target_interaction,Protein::483,0
Durg::532,drug_target_interaction,Protein::2,0
Durg::566,drug_target_interaction,Protein::269,0
Durg::594,drug_target_interaction,Protein::401,0
Durg::23,drug_target_interaction,Protein::196,0
Durg::112,drug_target_interaction,Protein::346,0
Durg::538,drug_target_interaction,Protein::83,0
Durg::163,drug_target_interaction,Protein::357,0
Durg::427,drug_target_interaction,Protein::742,0
Durg::693,drug_target_interaction,Protein::610,0
Durg::254,drug_target_interaction,Protein::248,0
Durg::115,drug_target_interaction,Protein::744,0
Durg::276,drug_target_interaction,Protein::998,0
Durg::121,drug_target_interaction,Protein::1138,0
Durg::354,drug_target_interaction,Protein::208,0
Durg::188,drug_target_interaction,Protein::1180,0
Durg::624,drug_target_interaction,Protein::135,0
Durg::645,drug_target_interaction,Protein::258,0
Durg::339,drug_target_interaction,Protein::88,0
Durg::213,drug_target_interaction,Protein::200,0
Durg::458,drug_target_interaction,Protein::583,0
Durg::694,drug_target_interaction,Protein::1183,0
Durg::11,drug_target_interaction,Protein::34,0
Durg::83,drug_target_interaction,Protein::453,0
Durg::532,drug_target_interaction,Protein::738,0
Durg::230,drug_target_interaction,Protein::696,0
Durg::242,drug_target_interaction,Protein::993,0
Durg::560,drug_target_interaction,Protein::302,0
Durg::334,drug_target_interaction,Protein::583,0
Durg::36,drug_target_interaction,Protein::605,0
Durg::325,drug_target_interaction,Protein::208,0
Durg::78,drug_target_interaction,Protein::1196,0
Durg::377,drug_target_interaction,Protein::265,0
Durg::639,drug_target_interaction,Protein::1184,0
Durg::434,drug_target_interaction,Protein::1201,0
Durg::17,drug_target_interaction,Protein::854,0
Durg::83,drug_target_interaction,Protein::359,0
Durg::102,drug_target_interaction,Protein::637,0
Durg::154,drug_target_interaction,Protein::485,0
Durg::27,drug_target_interaction,Protein::647,0
Durg::597,drug_target_interaction,Protein::621,0
Durg::365,drug_target_interaction,Protein::33,0
Durg::61,drug_target_interaction,Protein::1502,0
Durg::221,drug_target_interaction,Protein::648,0
Durg::93,drug_target_interaction,Protein::200,0
Durg::396,drug_target_interaction,Protein::495,0
Durg::441,drug_target_interaction,Protein::98,0
Durg::87,drug_target_interaction,Protein::225,0
Durg::340,drug_target_interaction,Protein::269,0
Durg::683,drug_target_interaction,Protein::247,0
Durg::61,drug_target_interaction,Protein::175,0
Durg::450,drug_target_interaction,Protein::563,0
Durg::25,drug_target_interaction,Protein::1000,0
Durg::626,drug_target_interaction,Protein::648,0
Durg::596,drug_target_interaction,Protein::726,0
Durg::542,drug_target_interaction,Protein::625,0
Durg::683,drug_target_interaction,Protein::1060,0
Durg::265,drug_target_interaction,Protein::738,0
Durg::334,drug_target_interaction,Protein::26,0
Durg::269,drug_target_interaction,Protein::737,0
Durg::678,drug_target_interaction,Protein::439,0
Durg::535,drug_target_interaction,Protein::1000,0
Durg::382,drug_target_interaction,Protein::319,0
Durg::276,drug_target_interaction,Protein::514,0
Durg::232,drug_target_interaction,Protein::320,0
Durg::432,drug_target_interaction,Protein::985,0
Durg::391,drug_target_interaction,Protein::1381,0
Durg::638,drug_target_interaction,Protein::264,0
Durg::172,drug_target_interaction,Protein::574,0
Durg::626,drug_target_interaction,Protein::1184,0
Durg::273,drug_target_interaction,Protein::1202,0
Durg::153,drug_target_interaction,Protein::435,0
Durg::165,drug_target_interaction,Protein::225,0
Durg::188,drug_target_interaction,Protein::359,0
Durg::420,drug_target_interaction,Protein::330,0
Durg::444,drug_target_interaction,Protein::561,0
Durg::24,drug_target_interaction,Protein::613,0
Durg::297,drug_target_interaction,Protein::88,0
Durg::250,drug_target_interaction,Protein::1173,0
Durg::680,drug_target_interaction,Protein::1177,0
Durg::498,drug_target_interaction,Protein::368,0
Durg::47,drug_target_interaction,Protein::408,0
Durg::90,drug_target_interaction,Protein::992,0
Durg::10,drug_target_interaction,Protein::291,0
Durg::156,drug_target_interaction,Protein::264,0
Durg::219,drug_target_interaction,Protein::527,0
Durg::375,drug_target_interaction,Protein::108,0
Durg::232,drug_target_interaction,Protein::1138,0
Durg::203,drug_target_interaction,Protein::288,0
Durg::47,drug_target_interaction,Protein::181,0
Durg::160,drug_target_interaction,Protein::221,0
Durg::350,drug_target_interaction,Protein::380,0
Durg::68,drug_target_interaction,Protein::1504,0
Durg::143,drug_target_interaction,Protein::400,0
Durg::220,drug_target_interaction,Protein::121,0
Durg::441,drug_target_interaction,Protein::10,0
Durg::314,drug_target_interaction,Protein::486,0
Durg::684,drug_target_interaction,Protein::183,0
Durg::310,drug_target_interaction,Protein::1186,0
Durg::278,drug_target_interaction,Protein::738,0
Durg::172,drug_target_interaction,Protein::340,0
Durg::61,drug_target_interaction,Protein::127,0
Durg::333,drug_target_interaction,Protein::996,0
Durg::10,drug_target_interaction,Protein::259,0
Durg::410,drug_target_interaction,Protein::335,0
Durg::411,drug_target_interaction,Protein::330,0
Durg::286,drug_target_interaction,Protein::470,0
Durg::692,drug_target_interaction,Protein::605,0
Durg::168,drug_target_interaction,Protein::195,0
Durg::101,drug_target_interaction,Protein::1165,0
Durg::475,drug_target_interaction,Protein::931,0
Durg::245,drug_target_interaction,Protein::142,0
Durg::461,drug_target_interaction,Protein::419,0
Durg::499,drug_target_interaction,Protein::33,0
Durg::175,drug_target_interaction,Protein::246,0
Durg::72,drug_target_interaction,Protein::272,0
Durg::158,drug_target_interaction,Protein::288,0
Durg::236,drug_target_interaction,Protein::64,0
Durg::153,drug_target_interaction,Protein::60,0
Durg::644,drug_target_interaction,Protein::1502,0
Durg::334,drug_target_interaction,Protein::322,0
Durg::111,drug_target_interaction,Protein::120,0
Durg::546,drug_target_interaction,Protein::482,0
Durg::334,drug_target_interaction,Protein::311,0
Durg::460,drug_target_interaction,Protein::573,0
Durg::641,drug_target_interaction,Protein::669,0
Durg::384,drug_target_interaction,Protein::364,0
Durg::676,drug_target_interaction,Protein::778,0
Durg::175,drug_target_interaction,Protein::99,0
Durg::334,drug_target_interaction,Protein::146,0
Durg::58,drug_target_interaction,Protein::466,0
Durg::516,drug_target_interaction,Protein::439,0
Durg::592,drug_target_interaction,Protein::617,0
Durg::222,drug_target_interaction,Protein::175,0
Durg::34,drug_target_interaction,Protein::286,0
Durg::254,drug_target_interaction,Protein::408,0
Durg::288,drug_target_interaction,Protein::916,0
Durg::359,drug_target_interaction,Protein::985,0
Durg::303,drug_target_interaction,Protein::583,0
Durg::489,drug_target_interaction,Protein::33,0
Durg::317,drug_target_interaction,Protein::1167,0
Durg::134,drug_target_interaction,Protein::670,0
Durg::314,drug_target_interaction,Protein::505,0
Durg::266,drug_target_interaction,Protein::727,0
Durg::332,drug_target_interaction,Protein::309,0
Durg::34,drug_target_interaction,Protein::380,0
Durg::76,drug_target_interaction,Protein::143,0
Durg::603,drug_target_interaction,Protein::140,0
Durg::281,drug_target_interaction,Protein::505,0
Durg::38,drug_target_interaction,Protein::991,0
Durg::10,drug_target_interaction,Protein::1173,0
Durg::459,drug_target_interaction,Protein::1196,0
Durg::299,drug_target_interaction,Protein::1160,0
Durg::622,drug_target_interaction,Protein::518,0
Durg::290,drug_target_interaction,Protein::514,0
Durg::426,drug_target_interaction,Protein::448,0
Durg::698,drug_target_interaction,Protein::62,0
Durg::298,drug_target_interaction,Protein::1161,0
Durg::189,drug_target_interaction,Protein::1184,0
Durg::442,drug_target_interaction,Protein::402,0
Durg::422,drug_target_interaction,Protein::640,0
Durg::427,drug_target_interaction,Protein::993,0
Durg::382,drug_target_interaction,Protein::43,0
Durg::3,drug_target_interaction,Protein::940,0
Durg::479,drug_target_interaction,Protein::60,0
Durg::244,drug_target_interaction,Protein::146,0
Durg::279,drug_target_interaction,Protein::380,0
Durg::672,drug_target_interaction,Protein::195,0
Durg::185,drug_target_interaction,Protein::459,0
Durg::123,drug_target_interaction,Protein::625,0
Durg::180,drug_target_interaction,Protein::135,0
Durg::324,drug_target_interaction,Protein::554,0
Durg::184,drug_target_interaction,Protein::614,0
Durg::690,drug_target_interaction,Protein::402,0
Durg::524,drug_target_interaction,Protein::423,0
Durg::607,drug_target_interaction,Protein::998,0
Durg::421,drug_target_interaction,Protein::439,0
Durg::526,drug_target_interaction,Protein::1029,0
Durg::678,drug_target_interaction,Protein::605,0
Durg::349,drug_target_interaction,Protein::140,0
Durg::191,drug_target_interaction,Protein::1006,0
Durg::190,drug_target_interaction,Protein::237,0
Durg::617,drug_target_interaction,Protein::1041,0
Durg::427,drug_target_interaction,Protein::200,0
Durg::134,drug_target_interaction,Protein::513,0
Durg::463,drug_target_interaction,Protein::123,0
Durg::57,drug_target_interaction,Protein::189,0
Durg::682,drug_target_interaction,Protein::1009,0
Durg::610,drug_target_interaction,Protein::359,0
Durg::28,drug_target_interaction,Protein::546,0
Durg::312,drug_target_interaction,Protein::123,0
Durg::337,drug_target_interaction,Protein::624,0
Durg::12,drug_target_interaction,Protein::707,0
Durg::631,drug_target_interaction,Protein::814,0
Durg::77,drug_target_interaction,Protein::1010,0
Durg::523,drug_target_interaction,Protein::996,0
Durg::292,drug_target_interaction,Protein::296,0
Durg::163,drug_target_interaction,Protein::181,0
Durg::536,drug_target_interaction,Protein::164,0
Durg::370,drug_target_interaction,Protein::995,0
Durg::340,drug_target_interaction,Protein::636,0
Durg::94,drug_target_interaction,Protein::527,0
Durg::570,drug_target_interaction,Protein::114,0
Durg::368,drug_target_interaction,Protein::674,0
Durg::297,drug_target_interaction,Protein::427,0
Durg::312,drug_target_interaction,Protein::67,0
Durg::88,drug_target_interaction,Protein::669,0
Durg::16,drug_target_interaction,Protein::260,0
Durg::662,drug_target_interaction,Protein::927,0
Durg::607,drug_target_interaction,Protein::89,0
Durg::592,drug_target_interaction,Protein::421,0
Durg::261,drug_target_interaction,Protein::175,0
Durg::473,drug_target_interaction,Protein::62,0
Durg::537,drug_target_interaction,Protein::108,0
Durg::633,drug_target_interaction,Protein::707,0
Durg::40,drug_target_interaction,Protein::546,0
Durg::269,drug_target_interaction,Protein::424,0
Durg::458,drug_target_interaction,Protein::505,0
Durg::230,drug_target_interaction,Protein::181,0
Durg::676,drug_target_interaction,Protein::311,0
Durg::40,drug_target_interaction,Protein::208,0
Durg::185,drug_target_interaction,Protein::857,0
Durg::637,drug_target_interaction,Protein::635,0
Durg::300,drug_target_interaction,Protein::34,0
Durg::211,drug_target_interaction,Protein::286,0
Durg::28,drug_target_interaction,Protein::40,0
Durg::24,drug_target_interaction,Protein::640,0
Durg::365,drug_target_interaction,Protein::82,0
Durg::707,drug_target_interaction,Protein::1177,0
Durg::358,drug_target_interaction,Protein::67,0
Durg::658,drug_target_interaction,Protein::18,0
Durg::317,drug_target_interaction,Protein::694,0
Durg::573,drug_target_interaction,Protein::218,0
Durg::206,drug_target_interaction,Protein::121,0
Durg::270,drug_target_interaction,Protein::486,0
Durg::625,drug_target_interaction,Protein::1009,0
Durg::420,drug_target_interaction,Protein::1175,0
Durg::460,drug_target_interaction,Protein::185,0
Durg::275,drug_target_interaction,Protein::518,0
Durg::500,drug_target_interaction,Protein::18,0
Durg::584,drug_target_interaction,Protein::1187,0
Durg::564,drug_target_interaction,Protein::1150,0
Durg::465,drug_target_interaction,Protein::395,0
Durg::696,drug_target_interaction,Protein::568,0
Durg::147,drug_target_interaction,Protein::514,0
Durg::348,drug_target_interaction,Protein::495,0
Durg::425,drug_target_interaction,Protein::181,0
Durg::468,drug_target_interaction,Protein::497,0
Durg::315,drug_target_interaction,Protein::407,0
Durg::537,drug_target_interaction,Protein::136,0
Durg::685,drug_target_interaction,Protein::675,0
Durg::354,drug_target_interaction,Protein::195,0
Durg::176,drug_target_interaction,Protein::1186,0
Durg::193,drug_target_interaction,Protein::449,0
Durg::158,drug_target_interaction,Protein::984,0
Durg::569,drug_target_interaction,Protein::670,0
Durg::123,drug_target_interaction,Protein::744,0
Durg::389,drug_target_interaction,Protein::497,0
Durg::349,drug_target_interaction,Protein::460,0
Durg::442,drug_target_interaction,Protein::1175,0
Durg::565,drug_target_interaction,Protein::675,0
Durg::350,drug_target_interaction,Protein::856,0
Durg::575,drug_target_interaction,Protein::852,0
Durg::539,drug_target_interaction,Protein::290,0
Durg::244,drug_target_interaction,Protein::853,0
Durg::164,drug_target_interaction,Protein::196,0
Durg::601,drug_target_interaction,Protein::605,0
Durg::446,drug_target_interaction,Protein::400,0
Durg::143,drug_target_interaction,Protein::64,0
Durg::494,drug_target_interaction,Protein::112,0
Durg::477,drug_target_interaction,Protein::320,0
Durg::615,drug_target_interaction,Protein::497,0
Durg::26,drug_target_interaction,Protein::654,0
Durg::704,drug_target_interaction,Protein::28,0
Durg::683,drug_target_interaction,Protein::327,0
Durg::369,drug_target_interaction,Protein::14,0
Durg::41,drug_target_interaction,Protein::318,0
Durg::272,drug_target_interaction,Protein::1185,0
Durg::289,drug_target_interaction,Protein::509,0
Durg::522,drug_target_interaction,Protein::201,0
Durg::676,drug_target_interaction,Protein::998,0
Durg::421,drug_target_interaction,Protein::166,0
Durg::410,drug_target_interaction,Protein::524,0
Durg::270,drug_target_interaction,Protein::1187,0
Durg::571,drug_target_interaction,Protein::1180,0
Durg::13,drug_target_interaction,Protein::141,0
Durg::77,drug_target_interaction,Protein::449,0
Durg::25,drug_target_interaction,Protein::265,0
Durg::210,drug_target_interaction,Protein::995,0
Durg::224,drug_target_interaction,Protein::727,0
Durg::293,drug_target_interaction,Protein::744,0
Durg::378,drug_target_interaction,Protein::636,0
Durg::65,drug_target_interaction,Protein::1502,0
Durg::285,drug_target_interaction,Protein::1152,0
Durg::626,drug_target_interaction,Protein::493,0
Durg::333,drug_target_interaction,Protein::538,0
Durg::463,drug_target_interaction,Protein::493,0
Durg::489,drug_target_interaction,Protein::123,0
Durg::26,drug_target_interaction,Protein::90,0
Durg::632,drug_target_interaction,Protein::146,0
Durg::36,drug_target_interaction,Protein::592,0
Durg::697,drug_target_interaction,Protein::1055,0
Durg::137,drug_target_interaction,Protein::545,0
Durg::491,drug_target_interaction,Protein::309,0
Durg::587,drug_target_interaction,Protein::989,0
Durg::622,drug_target_interaction,Protein::592,0
Durg::436,drug_target_interaction,Protein::88,0
Durg::548,drug_target_interaction,Protein::986,0
Durg::539,drug_target_interaction,Protein::918,0
Durg::704,drug_target_interaction,Protein::1187,0
Durg::86,drug_target_interaction,Protein::18,0
Durg::451,drug_target_interaction,Protein::993,0
Durg::693,drug_target_interaction,Protein::244,0
Durg::122,drug_target_interaction,Protein::1202,0
Durg::615,drug_target_interaction,Protein::98,0
Durg::41,drug_target_interaction,Protein::240,0
Durg::95,drug_target_interaction,Protein::312,0
Durg::156,drug_target_interaction,Protein::1162,0
Durg::437,drug_target_interaction,Protein::51,0
Durg::182,drug_target_interaction,Protein::134,0
Durg::290,drug_target_interaction,Protein::315,0
Durg::546,drug_target_interaction,Protein::327,0
Durg::180,drug_target_interaction,Protein::208,0
Durg::543,drug_target_interaction,Protein::288,0
Durg::652,drug_target_interaction,Protein::1055,0
Durg::176,drug_target_interaction,Protein::288,0
Durg::11,drug_target_interaction,Protein::1151,0
Durg::306,drug_target_interaction,Protein::550,0
Durg::271,drug_target_interaction,Protein::453,0
Durg::302,drug_target_interaction,Protein::243,0
Durg::582,drug_target_interaction,Protein::142,0
Durg::217,drug_target_interaction,Protein::335,0
Durg::566,drug_target_interaction,Protein::450,0
Durg::136,drug_target_interaction,Protein::1176,0
Durg::652,drug_target_interaction,Protein::1179,0
Durg::303,drug_target_interaction,Protein::442,0
Durg::576,drug_target_interaction,Protein::424,0
Durg::431,drug_target_interaction,Protein::380,0
Durg::301,drug_target_interaction,Protein::423,0
Durg::130,drug_target_interaction,Protein::991,0
Durg::383,drug_target_interaction,Protein::81,0
Durg::372,drug_target_interaction,Protein::656,0
Durg::234,drug_target_interaction,Protein::390,0
Durg::206,drug_target_interaction,Protein::45,0
Durg::48,drug_target_interaction,Protein::648,0
Durg::136,drug_target_interaction,Protein::996,0
Durg::271,drug_target_interaction,Protein::1375,0
Durg::225,drug_target_interaction,Protein::509,0
Durg::446,drug_target_interaction,Protein::1183,0
Durg::115,drug_target_interaction,Protein::428,0
Durg::546,drug_target_interaction,Protein::670,0
Durg::661,drug_target_interaction,Protein::1185,0
Durg::535,drug_target_interaction,Protein::1146,0
Durg::266,drug_target_interaction,Protein::922,0
Durg::570,drug_target_interaction,Protein::990,0
Durg::475,drug_target_interaction,Protein::164,0
Durg::544,drug_target_interaction,Protein::742,0
Durg::22,drug_target_interaction,Protein::42,0
Durg::194,drug_target_interaction,Protein::374,0
Durg::8,drug_target_interaction,Protein::273,0
Durg::540,drug_target_interaction,Protein::990,0
Durg::184,drug_target_interaction,Protein::1503,0
Durg::164,drug_target_interaction,Protein::1163,0
Durg::479,drug_target_interaction,Protein::988,0
Durg::678,drug_target_interaction,Protein::340,0
Durg::691,drug_target_interaction,Protein::73,0
Durg::343,drug_target_interaction,Protein::1508,0
Durg::269,drug_target_interaction,Protein::48,0
Durg::554,drug_target_interaction,Protein::106,0
Durg::97,drug_target_interaction,Protein::1173,0
Durg::672,drug_target_interaction,Protein::389,0
Durg::287,drug_target_interaction,Protein::1203,0
Durg::606,drug_target_interaction,Protein::817,0
Durg::344,drug_target_interaction,Protein::317,0
Durg::190,drug_target_interaction,Protein::141,0
Durg::182,drug_target_interaction,Protein::617,0
Durg::370,drug_target_interaction,Protein::296,0
Durg::154,drug_target_interaction,Protein::183,0
Durg::291,drug_target_interaction,Protein::144,0
Durg::369,drug_target_interaction,Protein::588,0
Durg::301,drug_target_interaction,Protein::505,0
Durg::615,drug_target_interaction,Protein::696,0
Durg::66,drug_target_interaction,Protein::523,0
Durg::371,drug_target_interaction,Protein::2,0
Durg::384,drug_target_interaction,Protein::554,0
Durg::436,drug_target_interaction,Protein::505,0
Durg::266,drug_target_interaction,Protein::1504,0
Durg::57,drug_target_interaction,Protein::25,0
Durg::69,drug_target_interaction,Protein::694,0
Durg::548,drug_target_interaction,Protein::984,0
Durg::125,drug_target_interaction,Protein::482,0
Durg::319,drug_target_interaction,Protein::62,0
Durg::377,drug_target_interaction,Protein::243,0
Durg::462,drug_target_interaction,Protein::145,0
Durg::359,drug_target_interaction,Protein::319,0
Durg::143,drug_target_interaction,Protein::484,0
Durg::30,drug_target_interaction,Protein::1009,0
Durg::518,drug_target_interaction,Protein::237,0
Durg::348,drug_target_interaction,Protein::39,0
Durg::368,drug_target_interaction,Protein::526,0
Durg::548,drug_target_interaction,Protein::81,0
Durg::350,drug_target_interaction,Protein::1009,0
Durg::582,drug_target_interaction,Protein::466,0
Durg::486,drug_target_interaction,Protein::998,0
Durg::137,drug_target_interaction,Protein::1203,0
Durg::110,drug_target_interaction,Protein::853,0
Durg::299,drug_target_interaction,Protein::263,0
Durg::471,drug_target_interaction,Protein::106,0
Durg::38,drug_target_interaction,Protein::665,0
Durg::348,drug_target_interaction,Protein::146,0
Durg::682,drug_target_interaction,Protein::495,0
Durg::159,drug_target_interaction,Protein::427,0
Durg::445,drug_target_interaction,Protein::73,0
Durg::694,drug_target_interaction,Protein::477,0
Durg::341,drug_target_interaction,Protein::856,0
Durg::545,drug_target_interaction,Protein::592,0
Durg::189,drug_target_interaction,Protein::744,0
Durg::41,drug_target_interaction,Protein::1041,0
Durg::502,drug_target_interaction,Protein::34,0
Durg::409,drug_target_interaction,Protein::1165,0
Durg::350,drug_target_interaction,Protein::1163,0
Durg::415,drug_target_interaction,Protein::240,0
Durg::319,drug_target_interaction,Protein::139,0
Durg::89,drug_target_interaction,Protein::670,0
Durg::13,drug_target_interaction,Protein::94,0
Durg::498,drug_target_interaction,Protein::320,0
Durg::190,drug_target_interaction,Protein::1184,0
Durg::228,drug_target_interaction,Protein::1164,0
Durg::484,drug_target_interaction,Protein::726,0
Durg::590,drug_target_interaction,Protein::1060,0
Durg::404,drug_target_interaction,Protein::1179,0
Durg::316,drug_target_interaction,Protein::427,0
Durg::310,drug_target_interaction,Protein::42,0
Durg::259,drug_target_interaction,Protein::727,0
Durg::521,drug_target_interaction,Protein::237,0
Durg::511,drug_target_interaction,Protein::988,0
Durg::637,drug_target_interaction,Protein::1175,0
Durg::431,drug_target_interaction,Protein::940,0
Durg::655,drug_target_interaction,Protein::359,0
Durg::508,drug_target_interaction,Protein::1175,0
Durg::123,drug_target_interaction,Protein::528,0
Durg::22,drug_target_interaction,Protein::675,0
Durg::290,drug_target_interaction,Protein::291,0
Durg::441,drug_target_interaction,Protein::527,0
Durg::541,drug_target_interaction,Protein::1196,0
Durg::80,drug_target_interaction,Protein::738,0
Durg::370,drug_target_interaction,Protein::428,0
Durg::295,drug_target_interaction,Protein::918,0
Durg::607,drug_target_interaction,Protein::516,0
Durg::614,drug_target_interaction,Protein::400,0
Durg::175,drug_target_interaction,Protein::175,0
Durg::6,drug_target_interaction,Protein::366,0
Durg::498,drug_target_interaction,Protein::563,0
Durg::349,drug_target_interaction,Protein::346,0
Durg::446,drug_target_interaction,Protein::430,0
Durg::121,drug_target_interaction,Protein::495,0
Durg::614,drug_target_interaction,Protein::526,0
Durg::504,drug_target_interaction,Protein::189,0
Durg::590,drug_target_interaction,Protein::523,0
Durg::658,drug_target_interaction,Protein::1504,0
Durg::590,drug_target_interaction,Protein::136,0
Durg::638,drug_target_interaction,Protein::509,0
Durg::471,drug_target_interaction,Protein::181,0
Durg::181,drug_target_interaction,Protein::588,0
Durg::64,drug_target_interaction,Protein::940,0
Durg::609,drug_target_interaction,Protein::1006,0
Durg::61,drug_target_interaction,Protein::497,0
Durg::89,drug_target_interaction,Protein::259,0
Durg::93,drug_target_interaction,Protein::98,0
Durg::430,drug_target_interaction,Protein::1173,0
Durg::463,drug_target_interaction,Protein::263,0
Durg::410,drug_target_interaction,Protein::530,0
Durg::7,drug_target_interaction,Protein::448,0
Durg::354,drug_target_interaction,Protein::563,0
Durg::689,drug_target_interaction,Protein::773,0
Durg::590,drug_target_interaction,Protein::62,0
Durg::554,drug_target_interaction,Protein::549,0
Durg::135,drug_target_interaction,Protein::99,0
Durg::686,drug_target_interaction,Protein::142,0
Durg::516,drug_target_interaction,Protein::221,0
Durg::529,drug_target_interaction,Protein::361,0
Durg::275,drug_target_interaction,Protein::737,0
Durg::581,drug_target_interaction,Protein::374,0
Durg::564,drug_target_interaction,Protein::546,0
Durg::686,drug_target_interaction,Protein::1155,0
Durg::109,drug_target_interaction,Protein::1506,0
Durg::163,drug_target_interaction,Protein::509,0
Durg::637,drug_target_interaction,Protein::402,0
Durg::197,drug_target_interaction,Protein::1160,0
Durg::108,drug_target_interaction,Protein::589,0
Durg::244,drug_target_interaction,Protein::362,0
Durg::161,drug_target_interaction,Protein::1185,0
Durg::595,drug_target_interaction,Protein::19,0
Durg::468,drug_target_interaction,Protein::470,0
Durg::283,drug_target_interaction,Protein::569,0
Durg::570,drug_target_interaction,Protein::330,0
Durg::314,drug_target_interaction,Protein::927,0
Durg::524,drug_target_interaction,Protein::617,0
Durg::362,drug_target_interaction,Protein::34,0
Durg::596,drug_target_interaction,Protein::81,0
Durg::448,drug_target_interaction,Protein::45,0
Durg::617,drug_target_interaction,Protein::1186,0
Durg::69,drug_target_interaction,Protein::985,0
Durg::204,drug_target_interaction,Protein::573,0
Durg::481,drug_target_interaction,Protein::440,0
Durg::238,drug_target_interaction,Protein::300,0
Durg::461,drug_target_interaction,Protein::851,0
Durg::5,drug_target_interaction,Protein::1196,0
Durg::489,drug_target_interaction,Protein::624,0
Durg::684,drug_target_interaction,Protein::327,0
Durg::211,drug_target_interaction,Protein::1041,0
Durg::439,drug_target_interaction,Protein::528,0
Durg::689,drug_target_interaction,Protein::358,0
Durg::445,drug_target_interaction,Protein::1188,0
Durg::607,drug_target_interaction,Protein::1181,0
Durg::126,drug_target_interaction,Protein::200,0
Durg::227,drug_target_interaction,Protein::357,0
Durg::103,drug_target_interaction,Protein::523,0
Durg::622,drug_target_interaction,Protein::142,0
Durg::370,drug_target_interaction,Protein::922,0
Durg::489,drug_target_interaction,Protein::497,0
Durg::314,drug_target_interaction,Protein::322,0
Durg::167,drug_target_interaction,Protein::139,0
Durg::339,drug_target_interaction,Protein::394,0
Durg::78,drug_target_interaction,Protein::81,0
Durg::100,drug_target_interaction,Protein::1146,0
Durg::478,drug_target_interaction,Protein::778,0
Durg::356,drug_target_interaction,Protein::120,0
Durg::95,drug_target_interaction,Protein::496,0
Durg::244,drug_target_interaction,Protein::368,0
Durg::502,drug_target_interaction,Protein::160,0
Durg::311,drug_target_interaction,Protein::1150,0
Durg::351,drug_target_interaction,Protein::7,0
Durg::350,drug_target_interaction,Protein::470,0
Durg::352,drug_target_interaction,Protein::75,0
Durg::481,drug_target_interaction,Protein::1180,0
Durg::576,drug_target_interaction,Protein::859,0
Durg::5,drug_target_interaction,Protein::851,0
Durg::222,drug_target_interaction,Protein::423,0
Durg::201,drug_target_interaction,Protein::259,0
Durg::277,drug_target_interaction,Protein::460,0
Durg::474,drug_target_interaction,Protein::1186,0
Durg::458,drug_target_interaction,Protein::617,0
Durg::580,drug_target_interaction,Protein::43,0
Durg::118,drug_target_interaction,Protein::196,0
Durg::321,drug_target_interaction,Protein::453,0
Durg::344,drug_target_interaction,Protein::857,0
Durg::466,drug_target_interaction,Protein::424,0
Durg::410,drug_target_interaction,Protein::435,0
Durg::366,drug_target_interaction,Protein::994,0
Durg::136,drug_target_interaction,Protein::1167,0
Durg::319,drug_target_interaction,Protein::922,0
Durg::586,drug_target_interaction,Protein::527,0
Durg::311,drug_target_interaction,Protein::271,0
Durg::285,drug_target_interaction,Protein::390,0
Durg::103,drug_target_interaction,Protein::317,0
Durg::707,drug_target_interaction,Protein::515,0
Durg::85,drug_target_interaction,Protein::83,0
Durg::7,drug_target_interaction,Protein::138,0
Durg::436,drug_target_interaction,Protein::472,0
Durg::678,drug_target_interaction,Protein::637,0
Durg::624,drug_target_interaction,Protein::1155,0
Durg::330,drug_target_interaction,Protein::1175,0
Durg::108,drug_target_interaction,Protein::418,0
Durg::379,drug_target_interaction,Protein::401,0
Durg::511,drug_target_interaction,Protein::207,0
Durg::626,drug_target_interaction,Protein::208,0
Durg::193,drug_target_interaction,Protein::663,0
Durg::299,drug_target_interaction,Protein::374,0
Durg::671,drug_target_interaction,Protein::2,0
Durg::480,drug_target_interaction,Protein::421,0
Durg::337,drug_target_interaction,Protein::401,0
Durg::36,drug_target_interaction,Protein::640,0
Durg::125,drug_target_interaction,Protein::477,0
Durg::280,drug_target_interaction,Protein::509,0
Durg::595,drug_target_interaction,Protein::545,0
Durg::458,drug_target_interaction,Protein::71,0
Durg::181,drug_target_interaction,Protein::400,0
Durg::418,drug_target_interaction,Protein::1183,0
Durg::477,drug_target_interaction,Protein::319,0
Durg::367,drug_target_interaction,Protein::395,0
Durg::428,drug_target_interaction,Protein::814,0
Durg::448,drug_target_interaction,Protein::309,0
Durg::593,drug_target_interaction,Protein::642,0
Durg::99,drug_target_interaction,Protein::996,0
Durg::230,drug_target_interaction,Protein::149,0
Durg::66,drug_target_interaction,Protein::248,0
Durg::138,drug_target_interaction,Protein::1011,0
Durg::584,drug_target_interaction,Protein::1196,0
Durg::469,drug_target_interaction,Protein::402,0
Durg::405,drug_target_interaction,Protein::225,0
Durg::469,drug_target_interaction,Protein::296,0
Durg::68,drug_target_interaction,Protein::742,0
Durg::236,drug_target_interaction,Protein::1161,0
Durg::259,drug_target_interaction,Protein::737,0
Durg::271,drug_target_interaction,Protein::206,0
Durg::298,drug_target_interaction,Protein::1508,0
Durg::617,drug_target_interaction,Protein::637,0
Durg::94,drug_target_interaction,Protein::117,0
Durg::240,drug_target_interaction,Protein::610,0
Durg::7,drug_target_interaction,Protein::624,0
Durg::87,drug_target_interaction,Protein::636,0
Durg::377,drug_target_interaction,Protein::120,0
Durg::601,drug_target_interaction,Protein::527,0
Durg::85,drug_target_interaction,Protein::423,0
Durg::257,drug_target_interaction,Protein::203,0
Durg::393,drug_target_interaction,Protein::14,0
Durg::677,drug_target_interaction,Protein::530,0
Durg::539,drug_target_interaction,Protein::114,0
Durg::372,drug_target_interaction,Protein::206,0
Durg::184,drug_target_interaction,Protein::1151,0
Durg::361,drug_target_interaction,Protein::998,0
Durg::240,drug_target_interaction,Protein::545,0
Durg::301,drug_target_interaction,Protein::637,0
Durg::380,drug_target_interaction,Protein::992,0
Durg::569,drug_target_interaction,Protein::1181,0
Durg::494,drug_target_interaction,Protein::1029,0
Durg::210,drug_target_interaction,Protein::266,0
Durg::663,drug_target_interaction,Protein::477,0
Durg::600,drug_target_interaction,Protein::1150,0
Durg::432,drug_target_interaction,Protein::709,0
Durg::526,drug_target_interaction,Protein::366,0
Durg::631,drug_target_interaction,Protein::720,0
Durg::86,drug_target_interaction,Protein::1504,0
Durg::394,drug_target_interaction,Protein::1299,0
Durg::3,drug_target_interaction,Protein::71,0
Durg::88,drug_target_interaction,Protein::859,0
Durg::27,drug_target_interaction,Protein::997,0
Durg::195,drug_target_interaction,Protein::487,0
Durg::569,drug_target_interaction,Protein::413,0
Durg::372,drug_target_interaction,Protein::407,0
Durg::125,drug_target_interaction,Protein::273,0
Durg::19,drug_target_interaction,Protein::18,0
Durg::480,drug_target_interaction,Protein::189,0
Durg::443,drug_target_interaction,Protein::640,0
Durg::86,drug_target_interaction,Protein::986,0
Durg::516,drug_target_interaction,Protein::78,0
Durg::277,drug_target_interaction,Protein::12,0
Durg::516,drug_target_interaction,Protein::475,0
Durg::450,drug_target_interaction,Protein::312,0
Durg::202,drug_target_interaction,Protein::218,0
Durg::322,drug_target_interaction,Protein::164,0
Durg::289,drug_target_interaction,Protein::83,0
Durg::485,drug_target_interaction,Protein::485,0
Durg::298,drug_target_interaction,Protein::689,0
Durg::85,drug_target_interaction,Protein::319,0
Durg::290,drug_target_interaction,Protein::112,0
Durg::8,drug_target_interaction,Protein::408,0
Durg::392,drug_target_interaction,Protein::985,0
Durg::462,drug_target_interaction,Protein::1161,0
Durg::607,drug_target_interaction,Protein::786,0
Durg::204,drug_target_interaction,Protein::108,0
Durg::504,drug_target_interaction,Protein::931,0
Durg::145,drug_target_interaction,Protein::242,0
Durg::373,drug_target_interaction,Protein::315,0
Durg::481,drug_target_interaction,Protein::1181,0
Durg::492,drug_target_interaction,Protein::14,0
Durg::345,drug_target_interaction,Protein::1161,0
Durg::134,drug_target_interaction,Protein::259,0
Durg::475,drug_target_interaction,Protein::1148,0
Durg::171,drug_target_interaction,Protein::1170,0
Durg::255,drug_target_interaction,Protein::237,0
Durg::60,drug_target_interaction,Protein::75,0
Durg::191,drug_target_interaction,Protein::610,0
Durg::359,drug_target_interaction,Protein::242,0
Durg::439,drug_target_interaction,Protein::1029,0
Durg::228,drug_target_interaction,Protein::707,0
Durg::11,drug_target_interaction,Protein::856,0
Durg::171,drug_target_interaction,Protein::493,0
Durg::2,drug_target_interaction,Protein::196,0
Durg::148,drug_target_interaction,Protein::123,0
Durg::471,drug_target_interaction,Protein::259,0
Durg::8,drug_target_interaction,Protein::648,0
Durg::259,drug_target_interaction,Protein::117,0
Durg::319,drug_target_interaction,Protein::453,0
Durg::358,drug_target_interaction,Protein::860,0
Durg::656,drug_target_interaction,Protein::200,0
Durg::131,drug_target_interaction,Protein::696,0
Durg::538,drug_target_interaction,Protein::1152,0
Durg::257,drug_target_interaction,Protein::726,0
Durg::109,drug_target_interaction,Protein::989,0
Durg::616,drug_target_interaction,Protein::563,0
Durg::343,drug_target_interaction,Protein::319,0
Durg::541,drug_target_interaction,Protein::430,0
Durg::567,drug_target_interaction,Protein::67,0
Durg::354,drug_target_interaction,Protein::272,0
Durg::465,drug_target_interaction,Protein::140,0
Durg::211,drug_target_interaction,Protein::164,0
Durg::560,drug_target_interaction,Protein::853,0
Durg::483,drug_target_interaction,Protein::433,0
Durg::425,drug_target_interaction,Protein::1196,0
Durg::526,drug_target_interaction,Protein::440,0
Durg::590,drug_target_interaction,Protein::922,0
Durg::410,drug_target_interaction,Protein::290,0
Durg::109,drug_target_interaction,Protein::183,0
Durg::255,drug_target_interaction,Protein::986,0
Durg::389,drug_target_interaction,Protein::1382,0
Durg::524,drug_target_interaction,Protein::389,0
Durg::663,drug_target_interaction,Protein::207,0
Durg::626,drug_target_interaction,Protein::374,0
Durg::618,drug_target_interaction,Protein::237,0
Durg::135,drug_target_interaction,Protein::984,0
Durg::542,drug_target_interaction,Protein::164,0
Durg::630,drug_target_interaction,Protein::278,0
Durg::597,drug_target_interaction,Protein::183,0
Durg::47,drug_target_interaction,Protein::663,0
Durg::434,drug_target_interaction,Protein::1010,0
Durg::123,drug_target_interaction,Protein::327,0
Durg::506,drug_target_interaction,Protein::574,0
Durg::2,drug_target_interaction,Protein::561,0
Durg::522,drug_target_interaction,Protein::483,0
Durg::92,drug_target_interaction,Protein::88,0
Durg::570,drug_target_interaction,Protein::302,0
Durg::599,drug_target_interaction,Protein::144,0
Durg::319,drug_target_interaction,Protein::1187,0
Durg::266,drug_target_interaction,Protein::264,0
Durg::68,drug_target_interaction,Protein::851,0
Durg::152,drug_target_interaction,Protein::449,0
Durg::348,drug_target_interaction,Protein::487,0
Durg::625,drug_target_interaction,Protein::99,0
Durg::599,drug_target_interaction,Protein::608,0
Durg::273,drug_target_interaction,Protein::247,0
Durg::270,drug_target_interaction,Protein::408,0
Durg::530,drug_target_interaction,Protein::1150,0
Durg::176,drug_target_interaction,Protein::117,0
Durg::339,drug_target_interaction,Protein::289,0
Durg::466,drug_target_interaction,Protein::335,0
Durg::164,drug_target_interaction,Protein::992,0
Durg::50,drug_target_interaction,Protein::206,0
Durg::347,drug_target_interaction,Protein::40,0
Durg::62,drug_target_interaction,Protein::940,0
Durg::540,drug_target_interaction,Protein::589,0
Durg::383,drug_target_interaction,Protein::78,0
Durg::362,drug_target_interaction,Protein::574,0
Durg::493,drug_target_interaction,Protein::581,0
Durg::494,drug_target_interaction,Protein::134,0
Durg::491,drug_target_interaction,Protein::656,0
Durg::41,drug_target_interaction,Protein::642,0
Durg::543,drug_target_interaction,Protein::696,0
Durg::321,drug_target_interaction,Protein::624,0
Durg::363,drug_target_interaction,Protein::45,0
Durg::585,drug_target_interaction,Protein::1196,0
Durg::19,drug_target_interaction,Protein::592,0
Durg::668,drug_target_interaction,Protein::549,0
Durg::90,drug_target_interaction,Protein::394,0
Durg::378,drug_target_interaction,Protein::526,0
Durg::14,drug_target_interaction,Protein::922,0
Durg::671,drug_target_interaction,Protein::515,0
Durg::46,drug_target_interaction,Protein::115,0
Durg::433,drug_target_interaction,Protein::266,0
Durg::232,drug_target_interaction,Protein::401,0
Durg::14,drug_target_interaction,Protein::1010,0
Durg::451,drug_target_interaction,Protein::707,0
Durg::377,drug_target_interaction,Protein::263,0
Durg::228,drug_target_interaction,Protein::183,0
Durg::689,drug_target_interaction,Protein::150,0
Durg::466,drug_target_interaction,Protein::583,0
Durg::595,drug_target_interaction,Protein::175,0
Durg::668,drug_target_interaction,Protein::1138,0
Durg::355,drug_target_interaction,Protein::665,0
Durg::449,drug_target_interaction,Protein::71,0
Durg::291,drug_target_interaction,Protein::689,0
Durg::50,drug_target_interaction,Protein::610,0
Durg::394,drug_target_interaction,Protein::358,0
Durg::146,drug_target_interaction,Protein::197,0
Durg::69,drug_target_interaction,Protein::18,0
Durg::627,drug_target_interaction,Protein::495,0
Durg::95,drug_target_interaction,Protein::617,0
Durg::391,drug_target_interaction,Protein::364,0
Durg::472,drug_target_interaction,Protein::460,0
Durg::441,drug_target_interaction,Protein::459,0
Durg::690,drug_target_interaction,Protein::428,0
Durg::5,drug_target_interaction,Protein::81,0
Durg::143,drug_target_interaction,Protein::223,0
Durg::64,drug_target_interaction,Protein::648,0
Durg::12,drug_target_interaction,Protein::101,0
Durg::397,drug_target_interaction,Protein::340,0
Durg::179,drug_target_interaction,Protein::817,0
Durg::383,drug_target_interaction,Protein::1503,0
Durg::442,drug_target_interaction,Protein::689,0
Durg::413,drug_target_interaction,Protein::78,0
Durg::548,drug_target_interaction,Protein::394,0
Durg::606,drug_target_interaction,Protein::73,0
Durg::158,drug_target_interaction,Protein::185,0
Durg::461,drug_target_interaction,Protein::241,0
Durg::466,drug_target_interaction,Protein::918,0
Durg::14,drug_target_interaction,Protein::527,0
Durg::199,drug_target_interaction,Protein::98,0
Durg::254,drug_target_interaction,Protein::924,0
Durg::582,drug_target_interaction,Protein::442,0
Durg::357,drug_target_interaction,Protein::330,0
Durg::495,drug_target_interaction,Protein::433,0
Durg::641,drug_target_interaction,Protein::258,0
Durg::95,drug_target_interaction,Protein::642,0
Durg::571,drug_target_interaction,Protein::1176,0
Durg::542,drug_target_interaction,Protein::466,0
Durg::333,drug_target_interaction,Protein::860,0
Durg::294,drug_target_interaction,Protein::200,0
Durg::659,drug_target_interaction,Protein::581,0
Durg::87,drug_target_interaction,Protein::786,0
Durg::349,drug_target_interaction,Protein::916,0
Durg::6,drug_target_interaction,Protein::1174,0
Durg::504,drug_target_interaction,Protein::115,0
Durg::352,drug_target_interaction,Protein::223,0
Durg::548,drug_target_interaction,Protein::28,0
Durg::214,drug_target_interaction,Protein::1060,0
Durg::569,drug_target_interaction,Protein::142,0
Durg::394,drug_target_interaction,Protein::225,0
Durg::587,drug_target_interaction,Protein::460,0
Durg::327,drug_target_interaction,Protein::72,0
Durg::579,drug_target_interaction,Protein::155,0
Durg::676,drug_target_interaction,Protein::440,0
Durg::118,drug_target_interaction,Protein::988,0
Durg::569,drug_target_interaction,Protein::1188,0
Durg::334,drug_target_interaction,Protein::1183,0
Durg::24,drug_target_interaction,Protein::206,0
Durg::121,drug_target_interaction,Protein::289,0
Durg::297,drug_target_interaction,Protein::783,0
Durg::539,drug_target_interaction,Protein::112,0
Durg::265,drug_target_interaction,Protein::265,0
Durg::74,drug_target_interaction,Protein::675,0
Durg::286,drug_target_interaction,Protein::394,0
Durg::616,drug_target_interaction,Protein::223,0
Durg::350,drug_target_interaction,Protein::160,0
Durg::396,drug_target_interaction,Protein::320,0
Durg::264,drug_target_interaction,Protein::1160,0
Durg::303,drug_target_interaction,Protein::518,0
Durg::454,drug_target_interaction,Protein::526,0
Durg::483,drug_target_interaction,Protein::12,0
Durg::686,drug_target_interaction,Protein::78,0
Durg::539,drug_target_interaction,Protein::340,0
Durg::252,drug_target_interaction,Protein::237,0
Durg::613,drug_target_interaction,Protein::993,0
Durg::571,drug_target_interaction,Protein::419,0
Durg::28,drug_target_interaction,Protein::1152,0
Durg::443,drug_target_interaction,Protein::320,0
Durg::366,drug_target_interaction,Protein::674,0
Durg::69,drug_target_interaction,Protein::99,0
Durg::118,drug_target_interaction,Protein::278,0
Durg::434,drug_target_interaction,Protein::647,0
Durg::95,drug_target_interaction,Protein::583,0
Durg::86,drug_target_interaction,Protein::13,0
Durg::32,drug_target_interaction,Protein::495,0
Durg::41,drug_target_interaction,Protein::1508,0
Durg::559,drug_target_interaction,Protein::778,0
Durg::644,drug_target_interaction,Protein::1508,0
Durg::269,drug_target_interaction,Protein::117,0
Durg::122,drug_target_interaction,Protein::1184,0
Durg::189,drug_target_interaction,Protein::221,0
Durg::584,drug_target_interaction,Protein::114,0
Durg::455,drug_target_interaction,Protein::574,0
Durg::661,drug_target_interaction,Protein::326,0
Durg::344,drug_target_interaction,Protein::856,0
Durg::472,drug_target_interaction,Protein::1203,0
Durg::303,drug_target_interaction,Protein::613,0
Durg::671,drug_target_interaction,Protein::433,0
Durg::159,drug_target_interaction,Protein::117,0
Durg::633,drug_target_interaction,Protein::717,0
Durg::102,drug_target_interaction,Protein::1508,0
Durg::102,drug_target_interaction,Protein::460,0
Durg::172,drug_target_interaction,Protein::241,0
Durg::404,drug_target_interaction,Protein::75,0
Durg::174,drug_target_interaction,Protein::10,0
Durg::196,drug_target_interaction,Protein::261,0
Durg::244,drug_target_interaction,Protein::1203,0
Durg::658,drug_target_interaction,Protein::589,0
Durg::136,drug_target_interaction,Protein::720,0
Durg::213,drug_target_interaction,Protein::1034,0
Durg::502,drug_target_interaction,Protein::115,0
Durg::404,drug_target_interaction,Protein::117,0
Durg::518,drug_target_interaction,Protein::422,0
Durg::116,drug_target_interaction,Protein::514,0
Durg::190,drug_target_interaction,Protein::264,0
Durg::544,drug_target_interaction,Protein::786,0
Durg::34,drug_target_interaction,Protein::1164,0
Durg::69,drug_target_interaction,Protein::160,0
Durg::475,drug_target_interaction,Protein::1299,0
Durg::546,drug_target_interaction,Protein::448,0
Durg::254,drug_target_interaction,Protein::279,0
Durg::66,drug_target_interaction,Protein::134,0
Durg::204,drug_target_interaction,Protein::1034,0
Durg::654,drug_target_interaction,Protein::312,0
Durg::565,drug_target_interaction,Protein::574,0
Durg::444,drug_target_interaction,Protein::322,0
Durg::108,drug_target_interaction,Protein::340,0
Durg::559,drug_target_interaction,Protein::1299,0
Durg::455,drug_target_interaction,Protein::1164,0
Durg::522,drug_target_interaction,Protein::990,0
Durg::481,drug_target_interaction,Protein::858,0
Durg::463,drug_target_interaction,Protein::311,0
Durg::25,drug_target_interaction,Protein::440,0
Durg::164,drug_target_interaction,Protein::81,0
Durg::509,drug_target_interaction,Protein::1299,0
Durg::0,drug_target_interaction,Protein::987,0
Durg::118,drug_target_interaction,Protein::1503,0
Durg::322,drug_target_interaction,Protein::568,0
Durg::443,drug_target_interaction,Protein::394,0
Durg::376,drug_target_interaction,Protein::395,0
Durg::526,drug_target_interaction,Protein::439,0
Durg::549,drug_target_interaction,Protein::656,0
Durg::623,drug_target_interaction,Protein::717,0
Durg::460,drug_target_interaction,Protein::513,0
Durg::444,drug_target_interaction,Protein::857,0
Durg::289,drug_target_interaction,Protein::1179,0
Durg::349,drug_target_interaction,Protein::115,0
Durg::123,drug_target_interaction,Protein::7,0
Durg::627,drug_target_interaction,Protein::1179,0
Durg::343,drug_target_interaction,Protein::330,0
Durg::163,drug_target_interaction,Protein::207,0
Durg::476,drug_target_interaction,Protein::383,0
Durg::694,drug_target_interaction,Protein::995,0
Durg::61,drug_target_interaction,Protein::773,0
Durg::264,drug_target_interaction,Protein::858,0
Durg::148,drug_target_interaction,Protein::1011,0
Durg::280,drug_target_interaction,Protein::484,0
Durg::630,drug_target_interaction,Protein::642,0
Durg::87,drug_target_interaction,Protein::335,0
Durg::16,drug_target_interaction,Protein::773,0
Durg::60,drug_target_interaction,Protein::509,0
Durg::158,drug_target_interaction,Protein::635,0
Durg::102,drug_target_interaction,Protein::407,0
Durg::101,drug_target_interaction,Protein::146,0
Durg::170,drug_target_interaction,Protein::1152,0
Durg::317,drug_target_interaction,Protein::515,0
Durg::26,drug_target_interaction,Protein::242,0
Durg::225,drug_target_interaction,Protein::340,0
Durg::702,drug_target_interaction,Protein::407,0
Durg::362,drug_target_interaction,Protein::330,0
Durg::99,drug_target_interaction,Protein::449,0
Durg::680,drug_target_interaction,Protein::1146,0
Durg::234,drug_target_interaction,Protein::1022,0
Durg::463,drug_target_interaction,Protein::98,0
Durg::593,drug_target_interaction,Protein::400,0
Durg::534,drug_target_interaction,Protein::1375,0
Durg::219,drug_target_interaction,Protein::986,0
Durg::644,drug_target_interaction,Protein::997,0
Durg::172,drug_target_interaction,Protein::625,0
Durg::628,drug_target_interaction,Protein::340,0
Durg::662,drug_target_interaction,Protein::439,0
Durg::315,drug_target_interaction,Protein::94,0
Durg::72,drug_target_interaction,Protein::289,0
Durg::448,drug_target_interaction,Protein::518,0
Durg::247,drug_target_interaction,Protein::1006,0
Durg::299,drug_target_interaction,Protein::150,0
Durg::418,drug_target_interaction,Protein::243,0
Durg::479,drug_target_interaction,Protein::742,0
Durg::474,drug_target_interaction,Protein::940,0
Durg::363,drug_target_interaction,Protein::509,0
Durg::656,drug_target_interaction,Protein::1169,0
Durg::516,drug_target_interaction,Protein::987,0
Durg::78,drug_target_interaction,Protein::89,0
Durg::40,drug_target_interaction,Protein::291,0
Durg::600,drug_target_interaction,Protein::48,0
Durg::64,drug_target_interaction,Protein::62,0
Durg::203,drug_target_interaction,Protein::362,0
Durg::500,drug_target_interaction,Protein::518,0
Durg::127,drug_target_interaction,Protein::858,0
Durg::160,drug_target_interaction,Protein::1006,0
Durg::379,drug_target_interaction,Protein::258,0
Durg::251,drug_target_interaction,Protein::625,0
Durg::405,drug_target_interaction,Protein::435,0
Durg::225,drug_target_interaction,Protein::450,0
Durg::374,drug_target_interaction,Protein::524,0
Durg::445,drug_target_interaction,Protein::496,0
Durg::359,drug_target_interaction,Protein::1177,0
Durg::317,drug_target_interaction,Protein::362,0
Durg::602,drug_target_interaction,Protein::269,0
Durg::158,drug_target_interaction,Protein::918,0
Durg::623,drug_target_interaction,Protein::200,0
Durg::491,drug_target_interaction,Protein::665,0
Durg::669,drug_target_interaction,Protein::523,0
Durg::164,drug_target_interaction,Protein::778,0
Durg::96,drug_target_interaction,Protein::225,0
Durg::579,drug_target_interaction,Protein::330,0
Durg::650,drug_target_interaction,Protein::81,0
Durg::362,drug_target_interaction,Protein::328,0
Durg::335,drug_target_interaction,Protein::851,0
Durg::302,drug_target_interaction,Protein::509,0
Durg::352,drug_target_interaction,Protein::21,0
Durg::78,drug_target_interaction,Protein::366,0
Durg::147,drug_target_interaction,Protein::995,0
Durg::640,drug_target_interaction,Protein::1161,0
Durg::707,drug_target_interaction,Protein::94,0
Durg::72,drug_target_interaction,Protein::421,0
Durg::147,drug_target_interaction,Protein::570,0
Durg::439,drug_target_interaction,Protein::1185,0
Durg::367,drug_target_interaction,Protein::994,0
Durg::41,drug_target_interaction,Protein::237,0
Durg::204,drug_target_interaction,Protein::514,0
Durg::201,drug_target_interaction,Protein::43,0
Durg::116,drug_target_interaction,Protein::786,0
Durg::496,drug_target_interaction,Protein::19,0
Durg::84,drug_target_interaction,Protein::151,0
Durg::116,drug_target_interaction,Protein::459,0
Durg::290,drug_target_interaction,Protein::737,0
Durg::185,drug_target_interaction,Protein::25,0
Durg::663,drug_target_interaction,Protein::549,0
Durg::582,drug_target_interaction,Protein::123,0
Durg::575,drug_target_interaction,Protein::383,0
Durg::659,drug_target_interaction,Protein::141,0
Durg::10,drug_target_interaction,Protein::1167,0
Durg::111,drug_target_interaction,Protein::851,0
Durg::275,drug_target_interaction,Protein::288,0
Durg::634,drug_target_interaction,Protein::291,0
Durg::165,drug_target_interaction,Protein::101,0
Durg::592,drug_target_interaction,Protein::472,0
Durg::600,drug_target_interaction,Protein::380,0
Durg::437,drug_target_interaction,Protein::1000,0
Durg::412,drug_target_interaction,Protein::286,0
Durg::158,drug_target_interaction,Protein::94,0
Durg::69,drug_target_interaction,Protein::583,0
Durg::412,drug_target_interaction,Protein::817,0
Durg::405,drug_target_interaction,Protein::860,0
Durg::70,drug_target_interaction,Protein::814,0
Durg::134,drug_target_interaction,Protein::429,0
Durg::451,drug_target_interaction,Protein::259,0
Durg::188,drug_target_interaction,Protein::1202,0
Durg::612,drug_target_interaction,Protein::1163,0
Durg::110,drug_target_interaction,Protein::858,0
Durg::228,drug_target_interaction,Protein::448,0
Durg::511,drug_target_interaction,Protein::661,0
Durg::345,drug_target_interaction,Protein::1176,0
Durg::561,drug_target_interaction,Protein::554,0
Durg::77,drug_target_interaction,Protein::424,0
Durg::351,drug_target_interaction,Protein::1009,0
Durg::546,drug_target_interaction,Protein::242,0
Durg::229,drug_target_interaction,Protein::526,0
Durg::253,drug_target_interaction,Protein::138,0
Durg::536,drug_target_interaction,Protein::160,0
Durg::261,drug_target_interaction,Protein::83,0
Durg::297,drug_target_interaction,Protein::223,0
Durg::526,drug_target_interaction,Protein::550,0
Durg::229,drug_target_interaction,Protein::151,0
Durg::205,drug_target_interaction,Protein::428,0
Durg::553,drug_target_interaction,Protein::419,0
Durg::704,drug_target_interaction,Protein::264,0
Durg::167,drug_target_interaction,Protein::33,0
Durg::644,drug_target_interaction,Protein::413,0
Durg::264,drug_target_interaction,Protein::1181,0
Durg::315,drug_target_interaction,Protein::1506,0
Durg::158,drug_target_interaction,Protein::296,0
Durg::503,drug_target_interaction,Protein::389,0
Durg::615,drug_target_interaction,Protein::617,0
Durg::330,drug_target_interaction,Protein::358,0
Durg::392,drug_target_interaction,Protein::6,0
Durg::637,drug_target_interaction,Protein::150,0
Durg::46,drug_target_interaction,Protein::164,0
Durg::84,drug_target_interaction,Protein::108,0
Durg::131,drug_target_interaction,Protein::75,0
Durg::335,drug_target_interaction,Protein::183,0
Durg::389,drug_target_interaction,Protein::1184,0
Durg::61,drug_target_interaction,Protein::317,0
Durg::503,drug_target_interaction,Protein::1150,0
Durg::130,drug_target_interaction,Protein::6,0
Durg::536,drug_target_interaction,Protein::2,0
Durg::361,drug_target_interaction,Protein::640,0
Durg::143,drug_target_interaction,Protein::689,0
Durg::538,drug_target_interaction,Protein::1196,0
Durg::419,drug_target_interaction,Protein::647,0
Durg::375,drug_target_interaction,Protein::439,0
Durg::290,drug_target_interaction,Protein::773,0
Durg::623,drug_target_interaction,Protein::592,0
Durg::495,drug_target_interaction,Protein::722,0
Durg::243,drug_target_interaction,Protein::143,0
Durg::362,drug_target_interaction,Protein::569,0
Durg::137,drug_target_interaction,Protein::592,0
Durg::393,drug_target_interaction,Protein::778,0
Durg::500,drug_target_interaction,Protein::1029,0
Durg::420,drug_target_interaction,Protein::32,0
Durg::110,drug_target_interaction,Protein::64,0
Durg::80,drug_target_interaction,Protein::745,0
Durg::535,drug_target_interaction,Protein::744,0
Durg::477,drug_target_interaction,Protein::60,0
Durg::27,drug_target_interaction,Protein::318,0
Durg::137,drug_target_interaction,Protein::985,0
Durg::240,drug_target_interaction,Protein::589,0
Durg::652,drug_target_interaction,Protein::485,0
Durg::260,drug_target_interaction,Protein::509,0
Durg::621,drug_target_interaction,Protein::85,0
Durg::425,drug_target_interaction,Protein::240,0
Durg::379,drug_target_interaction,Protein::185,0
Durg::110,drug_target_interaction,Protein::271,0
Durg::585,drug_target_interaction,Protein::452,0
Durg::586,drug_target_interaction,Protein::155,0
Durg::122,drug_target_interaction,Protein::1165,0
Durg::161,drug_target_interaction,Protein::408,0
Durg::458,drug_target_interaction,Protein::106,0
Durg::100,drug_target_interaction,Protein::240,0
Durg::178,drug_target_interaction,Protein::33,0
Durg::127,drug_target_interaction,Protein::430,0
Durg::550,drug_target_interaction,Protein::817,0
Durg::449,drug_target_interaction,Protein::330,0
Durg::371,drug_target_interaction,Protein::117,0
Durg::289,drug_target_interaction,Protein::140,0
Durg::523,drug_target_interaction,Protein::709,0
Durg::281,drug_target_interaction,Protein::1139,0
Durg::376,drug_target_interaction,Protein::665,0
Durg::495,drug_target_interaction,Protein::486,0
Durg::641,drug_target_interaction,Protein::244,0
Durg::222,drug_target_interaction,Protein::117,0
Durg::498,drug_target_interaction,Protein::73,0
Durg::500,drug_target_interaction,Protein::1172,0
Durg::553,drug_target_interaction,Protein::67,0
Durg::383,drug_target_interaction,Protein::194,0
Durg::279,drug_target_interaction,Protein::394,0
Durg::365,drug_target_interaction,Protein::854,0
Durg::229,drug_target_interaction,Protein::40,0
Durg::30,drug_target_interaction,Protein::1041,0
Durg::514,drug_target_interaction,Protein::1201,0
Durg::553,drug_target_interaction,Protein::495,0
Durg::574,drug_target_interaction,Protein::261,0
Durg::514,drug_target_interaction,Protein::196,0
Durg::338,drug_target_interaction,Protein::295,0
Durg::12,drug_target_interaction,Protein::984,0
Durg::494,drug_target_interaction,Protein::242,0
Durg::92,drug_target_interaction,Protein::610,0
Durg::213,drug_target_interaction,Protein::141,0
Durg::607,drug_target_interaction,Protein::1180,0
Durg::293,drug_target_interaction,Protein::860,0
Durg::480,drug_target_interaction,Protein::1138,0
Durg::526,drug_target_interaction,Protein::203,0
Durg::565,drug_target_interaction,Protein::175,0
Durg::292,drug_target_interaction,Protein::264,0
Durg::329,drug_target_interaction,Protein::82,0
Durg::330,drug_target_interaction,Protein::259,0
Durg::485,drug_target_interaction,Protein::241,0
Durg::528,drug_target_interaction,Protein::484,0
Durg::486,drug_target_interaction,Protein::1508,0
Durg::300,drug_target_interaction,Protein::218,0
Durg::265,drug_target_interaction,Protein::361,0
Durg::122,drug_target_interaction,Protein::18,0
Durg::141,drug_target_interaction,Protein::12,0
Durg::641,drug_target_interaction,Protein::786,0
Durg::57,drug_target_interaction,Protein::429,0
Durg::114,drug_target_interaction,Protein::247,0
Durg::437,drug_target_interaction,Protein::14,0
Durg::224,drug_target_interaction,Protein::195,0
Durg::299,drug_target_interaction,Protein::1138,0
Durg::13,drug_target_interaction,Protein::1153,0
Durg::116,drug_target_interaction,Protein::272,0
Durg::86,drug_target_interaction,Protein::1502,0
Durg::86,drug_target_interaction,Protein::39,0
Durg::615,drug_target_interaction,Protein::127,0
Durg::24,drug_target_interaction,Protein::461,0
Durg::401,drug_target_interaction,Protein::269,0
Durg::400,drug_target_interaction,Protein::569,0
Durg::131,drug_target_interaction,Protein::419,0
Durg::609,drug_target_interaction,Protein::75,0
Durg::47,drug_target_interaction,Protein::291,0
Durg::315,drug_target_interaction,Protein::108,0
Durg::243,drug_target_interaction,Protein::1152,0
Durg::147,drug_target_interaction,Protein::635,0
Durg::229,drug_target_interaction,Protein::201,0
Durg::134,drug_target_interaction,Protein::646,0
Durg::393,drug_target_interaction,Protein::1203,0
Durg::418,drug_target_interaction,Protein::1382,0
Durg::483,drug_target_interaction,Protein::424,0
Durg::201,drug_target_interaction,Protein::773,0
Durg::588,drug_target_interaction,Protein::289,0
Durg::613,drug_target_interaction,Protein::85,0
Durg::579,drug_target_interaction,Protein::561,0
Durg::434,drug_target_interaction,Protein::421,0
Durg::339,drug_target_interaction,Protein::1163,0
Durg::194,drug_target_interaction,Protein::614,0
Durg::47,drug_target_interaction,Protein::1203,0
Durg::347,drug_target_interaction,Protein::617,0
Durg::522,drug_target_interaction,Protein::141,0
Durg::78,drug_target_interaction,Protein::327,0
Durg::702,drug_target_interaction,Protein::142,0
Durg::439,drug_target_interaction,Protein::477,0
Durg::432,drug_target_interaction,Protein::288,0
Durg::316,drug_target_interaction,Protein::1015,0
Durg::579,drug_target_interaction,Protein::1202,0
Durg::264,drug_target_interaction,Protein::430,0
Durg::693,drug_target_interaction,Protein::657,0
Durg::36,drug_target_interaction,Protein::549,0
Durg::69,drug_target_interaction,Protein::144,0
Durg::138,drug_target_interaction,Protein::357,0
Durg::484,drug_target_interaction,Protein::1201,0
Durg::316,drug_target_interaction,Protein::745,0
Durg::148,drug_target_interaction,Protein::232,0
Durg::632,drug_target_interaction,Protein::694,0
Durg::362,drug_target_interaction,Protein::335,0
Durg::364,drug_target_interaction,Protein::242,0
Durg::10,drug_target_interaction,Protein::2,0
Durg::270,drug_target_interaction,Protein::40,0
Durg::38,drug_target_interaction,Protein::1164,0
Durg::195,drug_target_interaction,Protein::675,0
Durg::358,drug_target_interaction,Protein::786,0
Durg::570,drug_target_interaction,Protein::1506,0
Durg::338,drug_target_interaction,Protein::568,0
Durg::374,drug_target_interaction,Protein::996,0
Durg::65,drug_target_interaction,Protein::374,0
Durg::602,drug_target_interaction,Protein::916,0
Durg::497,drug_target_interaction,Protein::429,0
Durg::226,drug_target_interaction,Protein::143,0
Durg::269,drug_target_interaction,Protein::166,0
Durg::308,drug_target_interaction,Protein::707,0
Durg::617,drug_target_interaction,Protein::39,0
Durg::672,drug_target_interaction,Protein::852,0
Durg::191,drug_target_interaction,Protein::1175,0
Durg::596,drug_target_interaction,Protein::194,0
Durg::495,drug_target_interaction,Protein::43,0
Durg::607,drug_target_interaction,Protein::261,0
Durg::520,drug_target_interaction,Protein::621,0
Durg::407,drug_target_interaction,Protein::42,0
Durg::581,drug_target_interaction,Protein::315,0
Durg::291,drug_target_interaction,Protein::326,0
Durg::141,drug_target_interaction,Protein::430,0
Durg::446,drug_target_interaction,Protein::1382,0
Durg::17,drug_target_interaction,Protein::608,0
Durg::181,drug_target_interaction,Protein::1152,0
Durg::48,drug_target_interaction,Protein::244,0
Durg::634,drug_target_interaction,Protein::18,0
Durg::261,drug_target_interaction,Protein::940,0
Durg::130,drug_target_interaction,Protein::124,0
Durg::271,drug_target_interaction,Protein::988,0
Durg::370,drug_target_interaction,Protein::263,0
Durg::594,drug_target_interaction,Protein::856,0
Durg::371,drug_target_interaction,Protein::669,0
Durg::224,drug_target_interaction,Protein::359,0
Durg::343,drug_target_interaction,Protein::656,0
Durg::450,drug_target_interaction,Protein::1177,0
Durg::641,drug_target_interaction,Protein::852,0
Durg::686,drug_target_interaction,Protein::853,0
Durg::52,drug_target_interaction,Protein::78,0
Durg::279,drug_target_interaction,Protein::496,0
Durg::35,drug_target_interaction,Protein::573,0
Durg::574,drug_target_interaction,Protein::990,0
Durg::409,drug_target_interaction,Protein::1029,0
Durg::12,drug_target_interaction,Protein::439,0
Durg::491,drug_target_interaction,Protein::380,0
Durg::4,drug_target_interaction,Protein::1146,0
Durg::292,drug_target_interaction,Protein::738,0
Durg::696,drug_target_interaction,Protein::709,0
Durg::396,drug_target_interaction,Protein::196,0
Durg::343,drug_target_interaction,Protein::512,0
Durg::584,drug_target_interaction,Protein::860,0
Durg::276,drug_target_interaction,Protein::1176,0
Durg::203,drug_target_interaction,Protein::608,0
Durg::481,drug_target_interaction,Protein::170,0
Durg::254,drug_target_interaction,Protein::495,0
Durg::132,drug_target_interaction,Protein::1166,0
Durg::347,drug_target_interaction,Protein::28,0
Durg::460,drug_target_interaction,Protein::516,0
Durg::185,drug_target_interaction,Protein::1038,0
Durg::82,drug_target_interaction,Protein::1188,0
Durg::397,drug_target_interaction,Protein::145,0
Durg::19,drug_target_interaction,Protein::84,0
Durg::463,drug_target_interaction,Protein::34,0
Durg::234,drug_target_interaction,Protein::744,0
Durg::175,drug_target_interaction,Protein::150,0
Durg::624,drug_target_interaction,Protein::569,0
Durg::667,drug_target_interaction,Protein::477,0
Durg::130,drug_target_interaction,Protein::549,0
Durg::358,drug_target_interaction,Protein::42,0
Durg::506,drug_target_interaction,Protein::538,0
Durg::50,drug_target_interaction,Protein::400,0
Durg::76,drug_target_interaction,Protein::98,0
Durg::17,drug_target_interaction,Protein::1381,0
Durg::559,drug_target_interaction,Protein::852,0
Durg::692,drug_target_interaction,Protein::450,0
Durg::426,drug_target_interaction,Protein::726,0
Durg::28,drug_target_interaction,Protein::312,0
Durg::240,drug_target_interaction,Protein::1502,0
Durg::147,drug_target_interaction,Protein::592,0
Durg::265,drug_target_interaction,Protein::709,0
Durg::14,drug_target_interaction,Protein::315,0
Durg::704,drug_target_interaction,Protein::407,0
Durg::297,drug_target_interaction,Protein::340,0
Durg::381,drug_target_interaction,Protein::1504,0
Durg::232,drug_target_interaction,Protein::247,0
Durg::339,drug_target_interaction,Protein::530,0
Durg::337,drug_target_interaction,Protein::648,0
Durg::0,drug_target_interaction,Protein::242,0
Durg::613,drug_target_interaction,Protein::6,0
Durg::335,drug_target_interaction,Protein::166,0
Durg::369,drug_target_interaction,Protein::149,0
Durg::115,drug_target_interaction,Protein::1186,0
Durg::61,drug_target_interaction,Protein::637,0
Durg::368,drug_target_interaction,Protein::1203,0
Durg::87,drug_target_interaction,Protein::82,0
Durg::349,drug_target_interaction,Protein::34,0
Durg::171,drug_target_interaction,Protein::1166,0
Durg::270,drug_target_interaction,Protein::362,0
Durg::502,drug_target_interaction,Protein::144,0
Durg::205,drug_target_interaction,Protein::681,0
Durg::369,drug_target_interaction,Protein::94,0
Durg::291,drug_target_interaction,Protein::927,0
Durg::95,drug_target_interaction,Protein::108,0
Durg::522,drug_target_interaction,Protein::413,0
Durg::439,drug_target_interaction,Protein::574,0
Durg::575,drug_target_interaction,Protein::197,0
Durg::413,drug_target_interaction,Protein::223,0
Durg::614,drug_target_interaction,Protein::852,0
Durg::643,drug_target_interaction,Protein::853,0
Durg::421,drug_target_interaction,Protein::648,0
Durg::529,drug_target_interaction,Protein::390,0
Durg::179,drug_target_interaction,Protein::390,0
Durg::394,drug_target_interaction,Protein::203,0
Durg::47,drug_target_interaction,Protein::854,0
Durg::623,drug_target_interaction,Protein::183,0
Durg::686,drug_target_interaction,Protein::138,0
Durg::394,drug_target_interaction,Protein::312,0
Durg::340,drug_target_interaction,Protein::42,0
Durg::203,drug_target_interaction,Protein::290,0
Durg::567,drug_target_interaction,Protein::852,0
Durg::276,drug_target_interaction,Protein::860,0
Durg::214,drug_target_interaction,Protein::408,0
Durg::27,drug_target_interaction,Protein::477,0
Durg::600,drug_target_interaction,Protein::265,0
Durg::358,drug_target_interaction,Protein::857,0
Durg::291,drug_target_interaction,Protein::383,0
Durg::201,drug_target_interaction,Protein::1000,0
Durg::134,drug_target_interaction,Protein::289,0
Durg::116,drug_target_interaction,Protein::247,0
Durg::181,drug_target_interaction,Protein::859,0
Durg::570,drug_target_interaction,Protein::121,0
Durg::294,drug_target_interaction,Protein::310,0
Durg::239,drug_target_interaction,Protein::141,0
Durg::148,drug_target_interaction,Protein::549,0
Durg::92,drug_target_interaction,Protein::1166,0
Durg::148,drug_target_interaction,Protein::439,0
Durg::343,drug_target_interaction,Protein::272,0
Durg::127,drug_target_interaction,Protein::1196,0
Durg::409,drug_target_interaction,Protein::670,0
Durg::148,drug_target_interaction,Protein::1152,0
Durg::224,drug_target_interaction,Protein::670,0
Durg::272,drug_target_interaction,Protein::33,0
Durg::70,drug_target_interaction,Protein::460,0
Durg::319,drug_target_interaction,Protein::617,0
Durg::352,drug_target_interaction,Protein::1382,0
Durg::607,drug_target_interaction,Protein::94,0
Durg::197,drug_target_interaction,Protein::295,0
Durg::339,drug_target_interaction,Protein::689,0
Durg::509,drug_target_interaction,Protein::605,0
Durg::2,drug_target_interaction,Protein::1160,0
Durg::446,drug_target_interaction,Protein::1009,0
Durg::220,drug_target_interaction,Protein::1502,0
Durg::532,drug_target_interaction,Protein::528,0
Durg::230,drug_target_interaction,Protein::1181,0
Durg::652,drug_target_interaction,Protein::260,0
Durg::350,drug_target_interaction,Protein::185,0
Durg::28,drug_target_interaction,Protein::394,0
Durg::261,drug_target_interaction,Protein::1181,0
Durg::83,drug_target_interaction,Protein::487,0
Durg::561,drug_target_interaction,Protein::12,0
Durg::552,drug_target_interaction,Protein::605,0
Durg::68,drug_target_interaction,Protein::1000,0
Durg::90,drug_target_interaction,Protein::362,0
Durg::65,drug_target_interaction,Protein::856,0
Durg::477,drug_target_interaction,Protein::851,0
Durg::293,drug_target_interaction,Protein::366,0
Durg::694,drug_target_interaction,Protein::75,0
Durg::412,drug_target_interaction,Protein::726,0
Durg::690,drug_target_interaction,Protein::88,0
Durg::451,drug_target_interaction,Protein::243,0
Durg::707,drug_target_interaction,Protein::475,0
Durg::334,drug_target_interaction,Protein::1202,0
Durg::10,drug_target_interaction,Protein::72,0
Durg::25,drug_target_interaction,Protein::419,0
Durg::592,drug_target_interaction,Protein::33,0
Durg::4,drug_target_interaction,Protein::115,0
Durg::566,drug_target_interaction,Protein::1506,0
Durg::94,drug_target_interaction,Protein::40,0
Durg::528,drug_target_interaction,Protein::851,0
Durg::559,drug_target_interaction,Protein::123,0
Durg::424,drug_target_interaction,Protein::276,0
Durg::97,drug_target_interaction,Protein::642,0
Durg::168,drug_target_interaction,Protein::448,0
Durg::82,drug_target_interaction,Protein::175,0
Durg::465,drug_target_interaction,Protein::505,0
Durg::508,drug_target_interaction,Protein::145,0
Durg::309,drug_target_interaction,Protein::505,0
Durg::65,drug_target_interaction,Protein::605,0
Durg::224,drug_target_interaction,Protein::512,0
Durg::180,drug_target_interaction,Protein::81,0
Durg::478,drug_target_interaction,Protein::859,0
Durg::391,drug_target_interaction,Protein::259,0
Durg::277,drug_target_interaction,Protein::1188,0
Durg::35,drug_target_interaction,Protein::497,0
Durg::508,drug_target_interaction,Protein::288,0
Durg::372,drug_target_interaction,Protein::10,0
Durg::529,drug_target_interaction,Protein::264,0
Durg::132,drug_target_interaction,Protein::144,0
Durg::293,drug_target_interaction,Protein::549,0
Durg::201,drug_target_interaction,Protein::62,0
Durg::361,drug_target_interaction,Protein::21,0
Durg::516,drug_target_interaction,Protein::931,0
Durg::584,drug_target_interaction,Protein::340,0
Durg::557,drug_target_interaction,Protein::115,0
Durg::24,drug_target_interaction,Protein::654,0
Durg::408,drug_target_interaction,Protein::918,0
Durg::389,drug_target_interaction,Protein::296,0
Durg::428,drug_target_interaction,Protein::486,0
Durg::380,drug_target_interaction,Protein::401,0
Durg::250,drug_target_interaction,Protein::10,0
Durg::683,drug_target_interaction,Protein::1041,0
Durg::54,drug_target_interaction,Protein::19,0
Durg::532,drug_target_interaction,Protein::1506,0
Durg::298,drug_target_interaction,Protein::993,0
Durg::311,drug_target_interaction,Protein::232,0
Durg::280,drug_target_interaction,Protein::583,0
Durg::276,drug_target_interaction,Protein::1146,0
Durg::31,drug_target_interaction,Protein::515,0
Durg::639,drug_target_interaction,Protein::717,0
Durg::213,drug_target_interaction,Protein::988,0
Durg::406,drug_target_interaction,Protein::452,0
Durg::24,drug_target_interaction,Protein::554,0
Durg::130,drug_target_interaction,Protein::101,0
Durg::395,drug_target_interaction,Protein::26,0
Durg::226,drug_target_interaction,Protein::289,0
Durg::175,drug_target_interaction,Protein::513,0
Durg::84,drug_target_interaction,Protein::302,0
Durg::645,drug_target_interaction,Protein::183,0
Durg::317,drug_target_interaction,Protein::448,0
Durg::580,drug_target_interaction,Protein::722,0
Durg::488,drug_target_interaction,Protein::1179,0
Durg::70,drug_target_interaction,Protein::99,0
Durg::660,drug_target_interaction,Protein::1382,0
Durg::451,drug_target_interaction,Protein::656,0
Durg::144,drug_target_interaction,Protein::311,0
Durg::645,drug_target_interaction,Protein::984,0
Durg::690,drug_target_interaction,Protein::654,0
Durg::85,drug_target_interaction,Protein::427,0
Durg::82,drug_target_interaction,Protein::496,0
Durg::581,drug_target_interaction,Protein::569,0
Durg::371,drug_target_interaction,Protein::1186,0
Durg::58,drug_target_interaction,Protein::783,0
Durg::74,drug_target_interaction,Protein::422,0
Durg::427,drug_target_interaction,Protein::291,0
Durg::25,drug_target_interaction,Protein::550,0
Durg::492,drug_target_interaction,Protein::1146,0
Durg::539,drug_target_interaction,Protein::1009,0
Durg::401,drug_target_interaction,Protein::223,0
Durg::293,drug_target_interaction,Protein::940,0
Durg::481,drug_target_interaction,Protein::407,0
Durg::229,drug_target_interaction,Protein::669,0
Durg::522,drug_target_interaction,Protein::183,0
Durg::396,drug_target_interaction,Protein::773,0
Durg::634,drug_target_interaction,Protein::62,0
Durg::654,drug_target_interaction,Protein::853,0
Durg::128,drug_target_interaction,Protein::1041,0
Durg::96,drug_target_interaction,Protein::429,0
Durg::637,drug_target_interaction,Protein::430,0
Durg::322,drug_target_interaction,Protein::647,0
Durg::685,drug_target_interaction,Protein::526,0
Durg::180,drug_target_interaction,Protein::113,0
Durg::280,drug_target_interaction,Protein::136,0
Durg::671,drug_target_interaction,Protein::1034,0
Durg::446,drug_target_interaction,Protein::922,0
Durg::132,drug_target_interaction,Protein::472,0
Durg::375,drug_target_interaction,Protein::1172,0
Durg::137,drug_target_interaction,Protein::569,0
Durg::74,drug_target_interaction,Protein::106,0
Durg::134,drug_target_interaction,Protein::135,0
Durg::62,drug_target_interaction,Protein::266,0
Durg::406,drug_target_interaction,Protein::657,0
Durg::504,drug_target_interaction,Protein::225,0
Durg::660,drug_target_interaction,Protein::330,0
Durg::72,drug_target_interaction,Protein::550,0
Durg::100,drug_target_interaction,Protein::181,0
Durg::242,drug_target_interaction,Protein::127,0
Durg::161,drug_target_interaction,Protein::13,0
Durg::204,drug_target_interaction,Protein::39,0
Durg::354,drug_target_interaction,Protein::62,0
Durg::214,drug_target_interaction,Protein::581,0
Durg::640,drug_target_interaction,Protein::380,0
Durg::122,drug_target_interaction,Protein::374,0
Durg::3,drug_target_interaction,Protein::526,0
Durg::138,drug_target_interaction,Protein::320,0
Durg::158,drug_target_interaction,Protein::330,0
Durg::489,drug_target_interaction,Protein::124,0
Durg::606,drug_target_interaction,Protein::311,0
Durg::596,drug_target_interaction,Protein::359,0
Durg::495,drug_target_interaction,Protein::783,0
Durg::466,drug_target_interaction,Protein::1066,0
Durg::217,drug_target_interaction,Protein::640,0
Durg::133,drug_target_interaction,Protein::722,0
Durg::315,drug_target_interaction,Protein::515,0
Durg::16,drug_target_interaction,Protein::1175,0
Durg::382,drug_target_interaction,Protein::1166,0
Durg::251,drug_target_interaction,Protein::859,0
Durg::112,drug_target_interaction,Protein::694,0
Durg::339,drug_target_interaction,Protein::637,0
Durg::504,drug_target_interaction,Protein::271,0
Durg::41,drug_target_interaction,Protein::1196,0
Durg::483,drug_target_interaction,Protein::1164,0
Durg::695,drug_target_interaction,Protein::663,0
Durg::406,drug_target_interaction,Protein::261,0
Durg::569,drug_target_interaction,Protein::360,0
Durg::12,drug_target_interaction,Protein::786,0
Durg::225,drug_target_interaction,Protein::218,0
Durg::352,drug_target_interaction,Protein::681,0
Durg::374,drug_target_interaction,Protein::1041,0
Durg::50,drug_target_interaction,Protein::573,0
Durg::430,drug_target_interaction,Protein::185,0
Durg::668,drug_target_interaction,Protein::991,0
Durg::252,drug_target_interaction,Protein::512,0
Durg::485,drug_target_interaction,Protein::185,0
Durg::624,drug_target_interaction,Protein::985,0
Durg::539,drug_target_interaction,Protein::518,0
Durg::49,drug_target_interaction,Protein::395,0
Durg::236,drug_target_interaction,Protein::407,0
Durg::614,drug_target_interaction,Protein::60,0
Durg::17,drug_target_interaction,Protein::75,0
Durg::156,drug_target_interaction,Protein::246,0
Durg::356,drug_target_interaction,Protein::927,0
Durg::457,drug_target_interaction,Protein::1174,0
Durg::361,drug_target_interaction,Protein::433,0
Durg::431,drug_target_interaction,Protein::1152,0
Durg::499,drug_target_interaction,Protein::931,0
Durg::226,drug_target_interaction,Protein::1382,0
Durg::253,drug_target_interaction,Protein::380,0
Durg::367,drug_target_interaction,Protein::43,0
Durg::102,drug_target_interaction,Protein::144,0
Durg::199,drug_target_interaction,Protein::614,0
Durg::319,drug_target_interaction,Protein::1184,0
Durg::163,drug_target_interaction,Protein::589,0
Durg::498,drug_target_interaction,Protein::32,0
Durg::610,drug_target_interaction,Protein::717,0
Durg::228,drug_target_interaction,Protein::512,0
Durg::309,drug_target_interaction,Protein::1160,0
Durg::684,drug_target_interaction,Protein::99,0
Durg::654,drug_target_interaction,Protein::18,0
Durg::178,drug_target_interaction,Protein::21,0
Durg::5,drug_target_interaction,Protein::1000,0
Durg::222,drug_target_interaction,Protein::1138,0
Durg::420,drug_target_interaction,Protein::452,0
Durg::643,drug_target_interaction,Protein::486,0
Durg::321,drug_target_interaction,Protein::851,0
Durg::429,drug_target_interaction,Protein::513,0
Durg::77,drug_target_interaction,Protein::39,0
Durg::179,drug_target_interaction,Protein::992,0
Durg::140,drug_target_interaction,Protein::675,0
Durg::405,drug_target_interaction,Protein::200,0
Durg::277,drug_target_interaction,Protein::207,0
Durg::540,drug_target_interaction,Protein::136,0
Durg::398,drug_target_interaction,Protein::524,0
Durg::391,drug_target_interaction,Protein::509,0
Durg::581,drug_target_interaction,Protein::160,0
Durg::412,drug_target_interaction,Protein::67,0
Durg::507,drug_target_interaction,Protein::264,0
Durg::584,drug_target_interaction,Protein::84,0
Durg::561,drug_target_interaction,Protein::259,0
Durg::554,drug_target_interaction,Protein::442,0
Durg::219,drug_target_interaction,Protein::377,0
Durg::32,drug_target_interaction,Protein::614,0
Durg::446,drug_target_interaction,Protein::663,0
Durg::100,drug_target_interaction,Protein::689,0
Durg::358,drug_target_interaction,Protein::240,0
Durg::125,drug_target_interaction,Protein::1011,0
Durg::54,drug_target_interaction,Protein::272,0
Durg::257,drug_target_interaction,Protein::75,0
Durg::534,drug_target_interaction,Protein::327,0
Durg::627,drug_target_interaction,Protein::689,0
Durg::557,drug_target_interaction,Protein::108,0
Durg::13,drug_target_interaction,Protein::657,0
Durg::537,drug_target_interaction,Protein::368,0
Durg::210,drug_target_interaction,Protein::75,0
Durg::264,drug_target_interaction,Protein::1502,0
Durg::347,drug_target_interaction,Protein::1183,0
Durg::369,drug_target_interaction,Protein::225,0
Durg::351,drug_target_interaction,Protein::1203,0
Durg::22,drug_target_interaction,Protein::380,0
Durg::348,drug_target_interaction,Protein::99,0
Durg::697,drug_target_interaction,Protein::115,0
Durg::114,drug_target_interaction,Protein::448,0
Durg::300,drug_target_interaction,Protein::554,0
Durg::524,drug_target_interaction,Protein::550,0
Durg::376,drug_target_interaction,Protein::448,0
Durg::26,drug_target_interaction,Protein::429,0
Durg::494,drug_target_interaction,Protein::918,0
Durg::644,drug_target_interaction,Protein::549,0
Durg::121,drug_target_interaction,Protein::778,0
Durg::537,drug_target_interaction,Protein::738,0
Durg::88,drug_target_interaction,Protein::32,0
Durg::72,drug_target_interaction,Protein::1011,0
Durg::36,drug_target_interaction,Protein::694,0
Durg::641,drug_target_interaction,Protein::745,0
Durg::232,drug_target_interaction,Protein::266,0
Durg::168,drug_target_interaction,Protein::509,0
Durg::481,drug_target_interaction,Protein::295,0
Durg::337,drug_target_interaction,Protein::1150,0
Durg::492,drug_target_interaction,Protein::538,0
Durg::509,drug_target_interaction,Protein::856,0
Durg::227,drug_target_interaction,Protein::1186,0
Durg::358,drug_target_interaction,Protein::243,0
Durg::651,drug_target_interaction,Protein::383,0
Durg::168,drug_target_interaction,Protein::124,0
Durg::5,drug_target_interaction,Protein::1503,0
Durg::367,drug_target_interaction,Protein::1011,0
Durg::442,drug_target_interaction,Protein::196,0
Durg::627,drug_target_interaction,Protein::134,0
Durg::397,drug_target_interaction,Protein::998,0
Durg::229,drug_target_interaction,Protein::146,0
Durg::222,drug_target_interaction,Protein::203,0
Durg::227,drug_target_interaction,Protein::232,0
Durg::376,drug_target_interaction,Protein::669,0
Durg::176,drug_target_interaction,Protein::246,0
Durg::451,drug_target_interaction,Protein::1502,0
Durg::165,drug_target_interaction,Protein::482,0
Durg::384,drug_target_interaction,Protein::524,0
Durg::16,drug_target_interaction,Protein::390,0
Durg::135,drug_target_interaction,Protein::778,0
Durg::164,drug_target_interaction,Protein::856,0
Durg::28,drug_target_interaction,Protein::550,0
Durg::63,drug_target_interaction,Protein::232,0
Durg::254,drug_target_interaction,Protein::1166,0
Durg::6,drug_target_interaction,Protein::461,0
Durg::658,drug_target_interaction,Protein::84,0
Durg::205,drug_target_interaction,Protein::206,0
Durg::229,drug_target_interaction,Protein::88,0
Durg::546,drug_target_interaction,Protein::707,0
Durg::511,drug_target_interaction,Protein::225,0
Durg::680,drug_target_interaction,Protein::12,0
Durg::406,drug_target_interaction,Protein::78,0
Durg::689,drug_target_interaction,Protein::144,0
Durg::433,drug_target_interaction,Protein::528,0
Durg::580,drug_target_interaction,Protein::121,0
Durg::586,drug_target_interaction,Protein::1502,0
Durg::254,drug_target_interaction,Protein::665,0
Durg::644,drug_target_interaction,Protein::450,0
Durg::316,drug_target_interaction,Protein::817,0
Durg::480,drug_target_interaction,Protein::427,0
Durg::69,drug_target_interaction,Protein::10,0
Durg::115,drug_target_interaction,Protein::745,0
Durg::601,drug_target_interaction,Protein::327,0
Durg::457,drug_target_interaction,Protein::286,0
Durg::528,drug_target_interaction,Protein::1139,0
Durg::181,drug_target_interaction,Protein::483,0
Durg::571,drug_target_interaction,Protein::496,0
Durg::700,drug_target_interaction,Protein::330,0
Durg::612,drug_target_interaction,Protein::987,0
Durg::271,drug_target_interaction,Protein::475,0
Durg::131,drug_target_interaction,Protein::144,0
Durg::523,drug_target_interaction,Protein::240,0
Durg::683,drug_target_interaction,Protein::460,0
Durg::23,drug_target_interaction,Protein::1161,0
Durg::12,drug_target_interaction,Protein::108,0
Durg::545,drug_target_interaction,Protein::689,0
Durg::299,drug_target_interaction,Protein::422,0
Durg::72,drug_target_interaction,Protein::1066,0
Durg::252,drug_target_interaction,Protein::452,0
Durg::224,drug_target_interaction,Protein::51,0
Durg::474,drug_target_interaction,Protein::856,0
Durg::374,drug_target_interaction,Protein::127,0
Durg::7,drug_target_interaction,Protein::665,0
Durg::581,drug_target_interaction,Protein::646,0
Durg::340,drug_target_interaction,Protein::1022,0
Durg::478,drug_target_interaction,Protein::407,0
Durg::449,drug_target_interaction,Protein::360,0
Durg::247,drug_target_interaction,Protein::657,0
Durg::564,drug_target_interaction,Protein::1009,0
Durg::89,drug_target_interaction,Protein::1060,0
Durg::639,drug_target_interaction,Protein::744,0
Durg::65,drug_target_interaction,Protein::264,0
Durg::251,drug_target_interaction,Protein::717,0
Durg::623,drug_target_interaction,Protein::335,0
Durg::549,drug_target_interaction,Protein::428,0
Durg::606,drug_target_interaction,Protein::727,0
Durg::572,drug_target_interaction,Protein::39,0
Durg::219,drug_target_interaction,Protein::364,0
Durg::569,drug_target_interaction,Protein::1299,0
Durg::498,drug_target_interaction,Protein::269,0
Durg::288,drug_target_interaction,Protein::32,0
Durg::377,drug_target_interaction,Protein::681,0
Durg::179,drug_target_interaction,Protein::181,0
Durg::471,drug_target_interaction,Protein::85,0
Durg::333,drug_target_interaction,Protein::139,0
Durg::373,drug_target_interaction,Protein::636,0
Durg::401,drug_target_interaction,Protein::583,0
Durg::542,drug_target_interaction,Protein::421,0
Durg::343,drug_target_interaction,Protein::18,0
Durg::47,drug_target_interaction,Protein::528,0
Durg::609,drug_target_interaction,Protein::223,0
Durg::332,drug_target_interaction,Protein::206,0
Durg::622,drug_target_interaction,Protein::428,0
Durg::125,drug_target_interaction,Protein::453,0
Durg::156,drug_target_interaction,Protein::428,0
Durg::535,drug_target_interaction,Protein::430,0
Durg::163,drug_target_interaction,Protein::166,0
Durg::652,drug_target_interaction,Protein::300,0
Durg::424,drug_target_interaction,Protein::497,0
Durg::158,drug_target_interaction,Protein::362,0
Durg::260,drug_target_interaction,Protein::605,0
Durg::392,drug_target_interaction,Protein::1502,0
Durg::76,drug_target_interaction,Protein::663,0
Durg::507,drug_target_interaction,Protein::1138,0
Durg::251,drug_target_interaction,Protein::143,0
Durg::93,drug_target_interaction,Protein::546,0
Durg::167,drug_target_interaction,Protein::470,0
Durg::78,drug_target_interaction,Protein::663,0
Durg::127,drug_target_interaction,Protein::568,0
Durg::181,drug_target_interaction,Protein::82,0
Durg::606,drug_target_interaction,Protein::1163,0
Durg::214,drug_target_interaction,Protein::656,0
Durg::693,drug_target_interaction,Protein::75,0
Durg::242,drug_target_interaction,Protein::1160,0
Durg::528,drug_target_interaction,Protein::289,0
Durg::302,drug_target_interaction,Protein::295,0
Durg::299,drug_target_interaction,Protein::140,0
Durg::413,drug_target_interaction,Protein::136,0
Durg::373,drug_target_interaction,Protein::139,0
Durg::95,drug_target_interaction,Protein::1029,0
Durg::662,drug_target_interaction,Protein::362,0
Durg::569,drug_target_interaction,Protein::264,0
Durg::152,drug_target_interaction,Protein::2,0
Durg::369,drug_target_interaction,Protein::495,0
Durg::75,drug_target_interaction,Protein::1170,0
Durg::468,drug_target_interaction,Protein::151,0
Durg::539,drug_target_interaction,Protein::554,0
Durg::622,drug_target_interaction,Protein::569,0
Durg::362,drug_target_interaction,Protein::84,0
Durg::266,drug_target_interaction,Protein::514,0
Durg::219,drug_target_interaction,Protein::309,0
Durg::369,drug_target_interaction,Protein::1148,0
Durg::184,drug_target_interaction,Protein::495,0
Durg::245,drug_target_interaction,Protein::166,0
Durg::428,drug_target_interaction,Protein::43,0
Durg::130,drug_target_interaction,Protein::260,0
Durg::552,drug_target_interaction,Protein::25,0
Durg::271,drug_target_interaction,Protein::1188,0
Durg::138,drug_target_interaction,Protein::1164,0
Durg::474,drug_target_interaction,Protein::1185,0
Durg::63,drug_target_interaction,Protein::394,0
Durg::523,drug_target_interaction,Protein::242,0
Durg::232,drug_target_interaction,Protein::1161,0
Durg::299,drug_target_interaction,Protein::727,0
Durg::697,drug_target_interaction,Protein::407,0
Durg::472,drug_target_interaction,Protein::366,0
Durg::585,drug_target_interaction,Protein::361,0
Durg::643,drug_target_interaction,Protein::73,0
Durg::497,drug_target_interaction,Protein::124,0
Durg::529,drug_target_interaction,Protein::1148,0
Durg::211,drug_target_interaction,Protein::366,0
Durg::496,drug_target_interaction,Protein::123,0
Durg::229,drug_target_interaction,Protein::310,0
Durg::294,drug_target_interaction,Protein::637,0
Durg::592,drug_target_interaction,Protein::289,0
Durg::406,drug_target_interaction,Protein::617,0
Durg::509,drug_target_interaction,Protein::727,0
Durg::514,drug_target_interaction,Protein::390,0
Durg::252,drug_target_interaction,Protein::67,0
Durg::283,drug_target_interaction,Protein::449,0
Durg::251,drug_target_interaction,Protein::573,0
Durg::156,drug_target_interaction,Protein::1185,0
Durg::114,drug_target_interaction,Protein::289,0
Durg::433,drug_target_interaction,Protein::295,0
Durg::509,drug_target_interaction,Protein::726,0
Durg::358,drug_target_interaction,Protein::73,0
Durg::49,drug_target_interaction,Protein::146,0
Durg::644,drug_target_interaction,Protein::359,0
Durg::528,drug_target_interaction,Protein::996,0
Durg::645,drug_target_interaction,Protein::452,0
Durg::634,drug_target_interaction,Protein::924,0
Durg::633,drug_target_interaction,Protein::101,0
Durg::696,drug_target_interaction,Protein::10,0
Durg::457,drug_target_interaction,Protein::487,0
Durg::393,drug_target_interaction,Protein::225,0
Durg::179,drug_target_interaction,Protein::279,0
Durg::69,drug_target_interaction,Protein::581,0
Durg::195,drug_target_interaction,Protein::407,0
Durg::702,drug_target_interaction,Protein::225,0
Durg::338,drug_target_interaction,Protein::185,0
Durg::493,drug_target_interaction,Protein::121,0
Durg::333,drug_target_interaction,Protein::642,0
Durg::346,drug_target_interaction,Protein::39,0
Durg::138,drug_target_interaction,Protein::273,0
Durg::494,drug_target_interaction,Protein::422,0
Durg::668,drug_target_interaction,Protein::98,0
Durg::152,drug_target_interaction,Protein::852,0
Durg::123,drug_target_interaction,Protein::296,0
Durg::495,drug_target_interaction,Protein::51,0
Durg::308,drug_target_interaction,Protein::1166,0
Durg::61,drug_target_interaction,Protein::610,0
Durg::167,drug_target_interaction,Protein::418,0
Durg::2,drug_target_interaction,Protein::166,0
Durg::573,drug_target_interaction,Protein::64,0
Durg::71,drug_target_interaction,Protein::439,0
Durg::432,drug_target_interaction,Protein::484,0
Durg::695,drug_target_interaction,Protein::528,0
Durg::333,drug_target_interaction,Protein::931,0
Durg::632,drug_target_interaction,Protein::435,0
Durg::662,drug_target_interaction,Protein::241,0
Durg::382,drug_target_interaction,Protein::852,0
Durg::49,drug_target_interaction,Protein::448,0
Durg::546,drug_target_interaction,Protein::203,0
Durg::375,drug_target_interaction,Protein::317,0
Durg::503,drug_target_interaction,Protein::60,0
Durg::696,drug_target_interaction,Protein::149,0
Durg::221,drug_target_interaction,Protein::149,0
Durg::283,drug_target_interaction,Protein::568,0
Durg::261,drug_target_interaction,Protein::745,0
Durg::404,drug_target_interaction,Protein::1504,0
Durg::650,drug_target_interaction,Protein::71,0
Durg::183,drug_target_interaction,Protein::33,0
Durg::298,drug_target_interaction,Protein::361,0
Durg::93,drug_target_interaction,Protein::115,0
Durg::245,drug_target_interaction,Protein::637,0
Durg::174,drug_target_interaction,Protein::269,0
Durg::283,drug_target_interaction,Protein::528,0
Durg::265,drug_target_interaction,Protein::1506,0
Durg::333,drug_target_interaction,Protein::485,0
Durg::291,drug_target_interaction,Protein::726,0
Durg::560,drug_target_interaction,Protein::113,0
Durg::165,drug_target_interaction,Protein::10,0
Durg::615,drug_target_interaction,Protein::113,0
Durg::541,drug_target_interaction,Protein::509,0
Durg::570,drug_target_interaction,Protein::1000,0
Durg::211,drug_target_interaction,Protein::289,0
Durg::493,drug_target_interaction,Protein::573,0
Durg::662,drug_target_interaction,Protein::583,0
Durg::370,drug_target_interaction,Protein::1504,0
Durg::68,drug_target_interaction,Protein::383,0
Durg::352,drug_target_interaction,Protein::258,0
Durg::22,drug_target_interaction,Protein::418,0
Durg::145,drug_target_interaction,Protein::984,0
Durg::569,drug_target_interaction,Protein::43,0
Durg::143,drug_target_interaction,Protein::635,0
Durg::270,drug_target_interaction,Protein::67,0
Durg::325,drug_target_interaction,Protein::486,0
Durg::24,drug_target_interaction,Protein::675,0
Durg::625,drug_target_interaction,Protein::561,0
Durg::656,drug_target_interaction,Protein::144,0
Durg::369,drug_target_interaction,Protein::141,0
Durg::507,drug_target_interaction,Protein::707,0
Durg::279,drug_target_interaction,Protein::439,0
Durg::69,drug_target_interaction,Protein::175,0
Durg::592,drug_target_interaction,Protein::261,0
Durg::264,drug_target_interaction,Protein::452,0
Durg::97,drug_target_interaction,Protein::60,0
Durg::315,drug_target_interaction,Protein::922,0
Durg::488,drug_target_interaction,Protein::581,0
Durg::302,drug_target_interaction,Protein::681,0
Durg::526,drug_target_interaction,Protein::608,0
Durg::28,drug_target_interaction,Protein::1167,0
Durg::308,drug_target_interaction,Protein::374,0
Durg::247,drug_target_interaction,Protein::1169,0
Durg::391,drug_target_interaction,Protein::413,0
Durg::330,drug_target_interaction,Protein::526,0
Durg::228,drug_target_interaction,Protein::482,0
Durg::472,drug_target_interaction,Protein::240,0
Durg::597,drug_target_interaction,Protein::124,0
Durg::252,drug_target_interaction,Protein::617,0
Durg::618,drug_target_interaction,Protein::1506,0
Durg::367,drug_target_interaction,Protein::470,0
Durg::357,drug_target_interaction,Protein::1174,0
Durg::194,drug_target_interaction,Protein::1201,0
Durg::61,drug_target_interaction,Protein::817,0
Durg::408,drug_target_interaction,Protein::448,0
Durg::449,drug_target_interaction,Protein::143,0
Durg::469,drug_target_interaction,Protein::115,0
Durg::573,drug_target_interaction,Protein::737,0
Durg::380,drug_target_interaction,Protein::260,0
Durg::564,drug_target_interaction,Protein::149,0
Durg::213,drug_target_interaction,Protein::851,0
Durg::479,drug_target_interaction,Protein::225,0
Durg::603,drug_target_interaction,Protein::183,0
Durg::31,drug_target_interaction,Protein::175,0
Durg::58,drug_target_interaction,Protein::814,0
Durg::43,drug_target_interaction,Protein::28,0
Durg::25,drug_target_interaction,Protein::670,0
Durg::698,drug_target_interaction,Protein::429,0
Durg::612,drug_target_interaction,Protein::300,0
Durg::357,drug_target_interaction,Protein::1175,0
Durg::451,drug_target_interaction,Protein::98,0
Durg::672,drug_target_interaction,Protein::745,0
Durg::158,drug_target_interaction,Protein::326,0
Durg::103,drug_target_interaction,Protein::722,0
Durg::368,drug_target_interaction,Protein::742,0
Durg::433,drug_target_interaction,Protein::45,0
Durg::546,drug_target_interaction,Protein::264,0
Durg::415,drug_target_interaction,Protein::72,0
Durg::252,drug_target_interaction,Protein::142,0
Durg::201,drug_target_interaction,Protein::854,0
Durg::502,drug_target_interaction,Protein::991,0
Durg::454,drug_target_interaction,Protein::400,0
Durg::450,drug_target_interaction,Protein::240,0
Durg::667,drug_target_interaction,Protein::1382,0
Durg::61,drug_target_interaction,Protein::108,0
Durg::492,drug_target_interaction,Protein::138,0
Durg::590,drug_target_interaction,Protein::635,0
Durg::260,drug_target_interaction,Protein::1172,0
Durg::392,drug_target_interaction,Protein::90,0
Durg::475,drug_target_interaction,Protein::135,0
Durg::364,drug_target_interaction,Protein::72,0
Durg::409,drug_target_interaction,Protein::401,0
Durg::675,drug_target_interaction,Protein::526,0
Durg::168,drug_target_interaction,Protein::359,0
Durg::566,drug_target_interaction,Protein::310,0
Durg::312,drug_target_interaction,Protein::986,0
Durg::365,drug_target_interaction,Protein::1009,0
Durg::75,drug_target_interaction,Protein::1201,0
Durg::658,drug_target_interaction,Protein::85,0
Durg::240,drug_target_interaction,Protein::89,0
Durg::125,drug_target_interaction,Protein::247,0
Durg::528,drug_target_interaction,Protein::19,0
Durg::58,drug_target_interaction,Protein::1202,0
Durg::505,drug_target_interaction,Protein::288,0
Durg::404,drug_target_interaction,Protein::1184,0
Durg::76,drug_target_interaction,Protein::276,0
Durg::145,drug_target_interaction,Protein::112,0
Durg::243,drug_target_interaction,Protein::1299,0
Durg::158,drug_target_interaction,Protein::1504,0
Durg::532,drug_target_interaction,Protein::589,0
Durg::102,drug_target_interaction,Protein::440,0
Durg::407,drug_target_interaction,Protein::106,0
Durg::130,drug_target_interaction,Protein::266,0
Durg::76,drug_target_interaction,Protein::561,0
Durg::704,drug_target_interaction,Protein::985,0
Durg::76,drug_target_interaction,Protein::106,0
Durg::57,drug_target_interaction,Protein::62,0
Durg::329,drug_target_interaction,Protein::296,0
Durg::294,drug_target_interaction,Protein::527,0
Durg::221,drug_target_interaction,Protein::720,0
Durg::505,drug_target_interaction,Protein::851,0
Durg::27,drug_target_interaction,Protein::72,0
Durg::526,drug_target_interaction,Protein::1181,0
Durg::179,drug_target_interaction,Protein::1175,0
Durg::121,drug_target_interaction,Protein::366,0
Durg::191,drug_target_interaction,Protein::82,0
Durg::43,drug_target_interaction,Protein::1000,0
Durg::491,drug_target_interaction,Protein::90,0
Durg::621,drug_target_interaction,Protein::1010,0
Durg::409,drug_target_interaction,Protein::1155,0
Durg::338,drug_target_interaction,Protein::1150,0
Durg::128,drug_target_interaction,Protein::453,0
Durg::397,drug_target_interaction,Protein::90,0
Durg::24,drug_target_interaction,Protein::335,0
Durg::367,drug_target_interaction,Protein::427,0
Durg::477,drug_target_interaction,Protein::31,0
Durg::17,drug_target_interaction,Protein::1163,0
Durg::176,drug_target_interaction,Protein::330,0
Durg::707,drug_target_interaction,Protein::717,0
Durg::696,drug_target_interaction,Protein::101,0
Durg::348,drug_target_interaction,Protein::81,0
Durg::600,drug_target_interaction,Protein::1169,0
Durg::324,drug_target_interaction,Protein::592,0
Durg::141,drug_target_interaction,Protein::989,0
Durg::16,drug_target_interaction,Protein::40,0
Durg::566,drug_target_interaction,Protein::241,0
Durg::526,drug_target_interaction,Protein::817,0
Durg::532,drug_target_interaction,Protein::84,0
Durg::520,drug_target_interaction,Protein::1139,0
Durg::46,drug_target_interaction,Protein::1015,0
Durg::432,drug_target_interaction,Protein::440,0
Durg::143,drug_target_interaction,Protein::617,0
Durg::168,drug_target_interaction,Protein::1172,0
Durg::136,drug_target_interaction,Protein::203,0
Durg::481,drug_target_interaction,Protein::442,0
Durg::364,drug_target_interaction,Protein::195,0
Durg::684,drug_target_interaction,Protein::989,0
Durg::175,drug_target_interaction,Protein::1181,0
Durg::153,drug_target_interaction,Protein::317,0
Durg::545,drug_target_interaction,Protein::720,0
Durg::680,drug_target_interaction,Protein::112,0
Durg::262,drug_target_interaction,Protein::430,0
Durg::541,drug_target_interaction,Protein::1034,0
Durg::373,drug_target_interaction,Protein::588,0
Durg::472,drug_target_interaction,Protein::271,0
Durg::165,drug_target_interaction,Protein::82,0
Durg::625,drug_target_interaction,Protein::390,0
Durg::436,drug_target_interaction,Protein::273,0
Durg::34,drug_target_interaction,Protein::1066,0
Durg::61,drug_target_interaction,Protein::997,0
Durg::260,drug_target_interaction,Protein::340,0
Durg::224,drug_target_interaction,Protein::589,0
Durg::273,drug_target_interaction,Protein::931,0
Durg::671,drug_target_interaction,Protein::663,0
Durg::121,drug_target_interaction,Protein::273,0
Durg::130,drug_target_interaction,Protein::696,0
Durg::410,drug_target_interaction,Protein::1165,0
Durg::576,drug_target_interaction,Protein::62,0
Durg::625,drug_target_interaction,Protein::1153,0
Durg::184,drug_target_interaction,Protein::927,0
Durg::382,drug_target_interaction,Protein::665,0
Durg::624,drug_target_interaction,Protein::134,0
Durg::265,drug_target_interaction,Protein::94,0
Durg::102,drug_target_interaction,Protein::516,0
Durg::520,drug_target_interaction,Protein::523,0
Durg::587,drug_target_interaction,Protein::272,0
Durg::151,drug_target_interaction,Protein::327,0
Durg::94,drug_target_interaction,Protein::221,0
Durg::663,drug_target_interaction,Protein::311,0
Durg::0,drug_target_interaction,Protein::610,0
Durg::378,drug_target_interaction,Protein::291,0
Durg::574,drug_target_interaction,Protein::1010,0
Durg::343,drug_target_interaction,Protein::207,0
Durg::140,drug_target_interaction,Protein::989,0
Durg::337,drug_target_interaction,Protein::138,0
Durg::702,drug_target_interaction,Protein::605,0
Durg::181,drug_target_interaction,Protein::496,0
Durg::194,drug_target_interaction,Protein::783,0
Durg::167,drug_target_interaction,Protein::497,0
Durg::348,drug_target_interaction,Protein::931,0
Durg::655,drug_target_interaction,Protein::561,0
Durg::222,drug_target_interaction,Protein::681,0
Durg::349,drug_target_interaction,Protein::1381,0
Durg::153,drug_target_interaction,Protein::142,0
Durg::78,drug_target_interaction,Protein::429,0
Durg::230,drug_target_interaction,Protein::2,0
Durg::601,drug_target_interaction,Protein::400,0
Durg::273,drug_target_interaction,Protein::141,0
Durg::511,drug_target_interaction,Protein::427,0
Durg::123,drug_target_interaction,Protein::207,0
Durg::242,drug_target_interaction,Protein::922,0
Durg::211,drug_target_interaction,Protein::134,0
Durg::154,drug_target_interaction,Protein::123,0
Durg::264,drug_target_interaction,Protein::856,0
Durg::281,drug_target_interaction,Protein::817,0
Durg::685,drug_target_interaction,Protein::1167,0
Durg::23,drug_target_interaction,Protein::581,0
Durg::529,drug_target_interaction,Protein::1203,0
Durg::548,drug_target_interaction,Protein::295,0
Durg::488,drug_target_interaction,Protein::88,0
Durg::271,drug_target_interaction,Protein::302,0
Durg::333,drug_target_interaction,Protein::717,0
Durg::205,drug_target_interaction,Protein::42,0
Durg::76,drug_target_interaction,Protein::461,0
Durg::529,drug_target_interaction,Protein::538,0
Durg::120,drug_target_interaction,Protein::614,0
Durg::16,drug_target_interaction,Protein::84,0
Durg::382,drug_target_interaction,Protein::88,0
Durg::497,drug_target_interaction,Protein::1022,0
Durg::437,drug_target_interaction,Protein::1187,0
Durg::434,drug_target_interaction,Protein::1504,0
Durg::550,drug_target_interaction,Protein::75,0
Durg::489,drug_target_interaction,Protein::569,0
Durg::617,drug_target_interaction,Protein::138,0
Durg::345,drug_target_interaction,Protein::28,0
Durg::575,drug_target_interaction,Protein::170,0
Durg::280,drug_target_interaction,Protein::181,0
Durg::580,drug_target_interaction,Protein::549,0
Durg::36,drug_target_interaction,Protein::563,0
Durg::660,drug_target_interaction,Protein::717,0
Durg::474,drug_target_interaction,Protein::243,0
Durg::84,drug_target_interaction,Protein::260,0
Durg::369,drug_target_interaction,Protein::592,0
Durg::152,drug_target_interaction,Protein::1196,0
Durg::101,drug_target_interaction,Protein::625,0
Durg::245,drug_target_interaction,Protein::1055,0
Durg::442,drug_target_interaction,Protein::1382,0
Durg::25,drug_target_interaction,Protein::12,0
Durg::497,drug_target_interaction,Protein::527,0
Durg::319,drug_target_interaction,Protein::1160,0
Durg::485,drug_target_interaction,Protein::67,0
Durg::432,drug_target_interaction,Protein::19,0
Durg::185,drug_target_interaction,Protein::120,0
Durg::574,drug_target_interaction,Protein::689,0
Durg::111,drug_target_interaction,Protein::513,0
Durg::190,drug_target_interaction,Protein::1177,0
Durg::75,drug_target_interaction,Protein::127,0
Durg::63,drug_target_interaction,Protein::433,0
Durg::534,drug_target_interaction,Protein::461,0
Durg::475,drug_target_interaction,Protein::440,0
Durg::86,drug_target_interaction,Protein::783,0
Durg::579,drug_target_interaction,Protein::326,0
Durg::228,drug_target_interaction,Protein::272,0
Durg::678,drug_target_interaction,Protein::1029,0
Durg::195,drug_target_interaction,Protein::269,0
Durg::229,drug_target_interaction,Protein::319,0
Durg::458,drug_target_interaction,Protein::362,0
Durg::500,drug_target_interaction,Protein::120,0
Durg::144,drug_target_interaction,Protein::940,0
Durg::52,drug_target_interaction,Protein::665,0
Durg::707,drug_target_interaction,Protein::661,0
Durg::542,drug_target_interaction,Protein::260,0
Durg::381,drug_target_interaction,Protein::13,0
Durg::205,drug_target_interaction,Protein::291,0
Durg::303,drug_target_interaction,Protein::814,0
Durg::96,drug_target_interaction,Protein::470,0
Durg::675,drug_target_interaction,Protein::581,0
Durg::560,drug_target_interaction,Protein::922,0
Durg::213,drug_target_interaction,Protein::613,0
Durg::468,drug_target_interaction,Protein::1504,0
Durg::78,drug_target_interaction,Protein::315,0
Durg::134,drug_target_interaction,Protein::330,0
Durg::64,drug_target_interaction,Protein::726,0
Durg::13,drug_target_interaction,Protein::408,0
Durg::359,drug_target_interaction,Protein::170,0
Durg::97,drug_target_interaction,Protein::394,0
Durg::164,drug_target_interaction,Protein::1164,0
Durg::93,drug_target_interaction,Protein::335,0
Durg::695,drug_target_interaction,Protein::1179,0
Durg::346,drug_target_interaction,Protein::309,0
Durg::15,drug_target_interaction,Protein::518,0
Durg::352,drug_target_interaction,Protein::288,0
Durg::134,drug_target_interaction,Protein::1375,0
Durg::315,drug_target_interaction,Protein::136,0
Durg::474,drug_target_interaction,Protein::383,0
Durg::536,drug_target_interaction,Protein::995,0
Durg::137,drug_target_interaction,Protein::1153,0
Durg::242,drug_target_interaction,Protein::528,0
Durg::270,drug_target_interaction,Protein::422,0
Durg::677,drug_target_interaction,Protein::364,0
Durg::441,drug_target_interaction,Protein::113,0
Durg::586,drug_target_interaction,Protein::72,0
Durg::593,drug_target_interaction,Protein::640,0
Durg::191,drug_target_interaction,Protein::737,0
Durg::325,drug_target_interaction,Protein::588,0
Durg::506,drug_target_interaction,Protein::395,0
Durg::43,drug_target_interaction,Protein::426,0
Durg::698,drug_target_interaction,Protein::242,0
Durg::476,drug_target_interaction,Protein::1153,0
Durg::259,drug_target_interaction,Protein::389,0
Durg::596,drug_target_interaction,Protein::1162,0
Durg::137,drug_target_interaction,Protein::814,0
Durg::27,drug_target_interaction,Protein::142,0
Durg::550,drug_target_interaction,Protein::327,0
Durg::458,drug_target_interaction,Protein::60,0
Durg::93,drug_target_interaction,Protein::853,0
Durg::346,drug_target_interaction,Protein::143,0
Durg::317,drug_target_interaction,Protein::1381,0
Durg::164,drug_target_interaction,Protein::574,0
Durg::190,drug_target_interaction,Protein::707,0
Durg::52,drug_target_interaction,Protein::208,0
Durg::316,drug_target_interaction,Protein::101,0
Durg::94,drug_target_interaction,Protein::402,0
Durg::406,drug_target_interaction,Protein::357,0
Durg::26,drug_target_interaction,Protein::574,0
Durg::24,drug_target_interaction,Protein::460,0
Durg::692,drug_target_interaction,Protein::694,0
Durg::230,drug_target_interaction,Protein::83,0
Durg::112,drug_target_interaction,Protein::1029,0
Durg::530,drug_target_interaction,Protein::424,0
Durg::595,drug_target_interaction,Protein::94,0
Durg::383,drug_target_interaction,Protein::368,0
Durg::580,drug_target_interaction,Protein::1153,0
Durg::332,drug_target_interaction,Protein::244,0
Durg::90,drug_target_interaction,Protein::60,0
Durg::5,drug_target_interaction,Protein::987,0
Durg::434,drug_target_interaction,Protein::675,0
Durg::278,drug_target_interaction,Protein::588,0
Durg::595,drug_target_interaction,Protein::985,0
Durg::685,drug_target_interaction,Protein::289,0
Durg::2,drug_target_interaction,Protein::286,0
Durg::80,drug_target_interaction,Protein::647,0
Durg::612,drug_target_interaction,Protein::135,0
Durg::65,drug_target_interaction,Protein::477,0
Durg::8,drug_target_interaction,Protein::401,0
Durg::193,drug_target_interaction,Protein::78,0
Durg::459,drug_target_interaction,Protein::526,0
Durg::175,drug_target_interaction,Protein::1038,0
Durg::366,drug_target_interaction,Protein::988,0
Durg::179,drug_target_interaction,Protein::98,0
Durg::378,drug_target_interaction,Protein::48,0
Durg::623,drug_target_interaction,Protein::670,0
Durg::196,drug_target_interaction,Protein::1187,0
Durg::338,drug_target_interaction,Protein::32,0
Durg::597,drug_target_interaction,Protein::993,0
Durg::262,drug_target_interaction,Protein::744,0
Durg::233,drug_target_interaction,Protein::546,0
Durg::380,drug_target_interaction,Protein::263,0
Durg::572,drug_target_interaction,Protein::1181,0
Durg::163,drug_target_interaction,Protein::18,0
Durg::164,drug_target_interaction,Protein::550,0
Durg::108,drug_target_interaction,Protein::166,0
Durg::565,drug_target_interaction,Protein::1187,0
Durg::654,drug_target_interaction,Protein::208,0
Durg::508,drug_target_interaction,Protein::745,0
Durg::95,drug_target_interaction,Protein::475,0
Durg::123,drug_target_interaction,Protein::429,0
Durg::116,drug_target_interaction,Protein::433,0
Durg::621,drug_target_interaction,Protein::856,0
Durg::441,drug_target_interaction,Protein::142,0
Durg::419,drug_target_interaction,Protein::573,0
Durg::131,drug_target_interaction,Protein::475,0
Durg::220,drug_target_interaction,Protein::142,0
Durg::495,drug_target_interaction,Protein::413,0
Durg::299,drug_target_interaction,Protein::859,0
Durg::11,drug_target_interaction,Protein::1188,0
Durg::315,drug_target_interaction,Protein::310,0
Durg::446,drug_target_interaction,Protein::496,0
Durg::606,drug_target_interaction,Protein::408,0
Durg::667,drug_target_interaction,Protein::108,0
Durg::49,drug_target_interaction,Protein::1153,0
Durg::261,drug_target_interaction,Protein::614,0
Durg::138,drug_target_interaction,Protein::300,0
Durg::189,drug_target_interaction,Protein::194,0
Durg::54,drug_target_interaction,Protein::493,0
Durg::364,drug_target_interaction,Protein::60,0
Durg::31,drug_target_interaction,Protein::554,0
Durg::411,drug_target_interaction,Protein::241,0
Durg::278,drug_target_interaction,Protein::223,0
Durg::650,drug_target_interaction,Protein::990,0
Durg::250,drug_target_interaction,Protein::1174,0
Durg::496,drug_target_interaction,Protein::276,0
Durg::303,drug_target_interaction,Protein::635,0
Durg::678,drug_target_interaction,Protein::924,0
Durg::408,drug_target_interaction,Protein::138,0
Durg::380,drug_target_interaction,Protein::84,0
Durg::308,drug_target_interaction,Protein::1022,0
Durg::514,drug_target_interaction,Protein::121,0
Durg::588,drug_target_interaction,Protein::554,0
Durg::433,drug_target_interaction,Protein::694,0
Durg::404,drug_target_interaction,Protein::1041,0
Durg::373,drug_target_interaction,Protein::574,0
Durg::451,drug_target_interaction,Protein::90,0
Durg::297,drug_target_interaction,Protein::117,0
Durg::362,drug_target_interaction,Protein::487,0
Durg::356,drug_target_interaction,Protein::430,0
Durg::703,drug_target_interaction,Protein::155,0
Durg::564,drug_target_interaction,Protein::1175,0
Durg::354,drug_target_interaction,Protein::223,0
Durg::64,drug_target_interaction,Protein::546,0
Durg::213,drug_target_interaction,Protein::113,0
Durg::683,drug_target_interaction,Protein::717,0
Durg::422,drug_target_interaction,Protein::81,0
Durg::89,drug_target_interaction,Protein::574,0
Durg::349,drug_target_interaction,Protein::1502,0
Durg::103,drug_target_interaction,Protein::99,0
Durg::47,drug_target_interaction,Protein::726,0
Durg::206,drug_target_interaction,Protein::694,0
Durg::176,drug_target_interaction,Protein::28,0
Durg::70,drug_target_interaction,Protein::514,0
Durg::400,drug_target_interaction,Protein::1172,0
Durg::34,drug_target_interaction,Protein::1186,0
Durg::57,drug_target_interaction,Protein::589,0
Durg::90,drug_target_interaction,Protein::149,0
Durg::118,drug_target_interaction,Protein::390,0
Durg::645,drug_target_interaction,Protein::657,0
Durg::383,drug_target_interaction,Protein::140,0
Durg::661,drug_target_interaction,Protein::14,0
Durg::76,drug_target_interaction,Protein::527,0
Durg::114,drug_target_interaction,Protein::696,0
Durg::606,drug_target_interaction,Protein::143,0
Durg::115,drug_target_interaction,Protein::817,0
Durg::351,drug_target_interaction,Protein::993,0
Durg::597,drug_target_interaction,Protein::783,0
Durg::36,drug_target_interaction,Protein::418,0
Durg::356,drug_target_interaction,Protein::82,0
Durg::165,drug_target_interaction,Protein::475,0
Durg::63,drug_target_interaction,Protein::854,0
Durg::151,drug_target_interaction,Protein::1162,0
Durg::306,drug_target_interaction,Protein::1173,0
Durg::346,drug_target_interaction,Protein::407,0
Durg::228,drug_target_interaction,Protein::1066,0
Durg::434,drug_target_interaction,Protein::28,0
Durg::15,drug_target_interaction,Protein::717,0
Durg::83,drug_target_interaction,Protein::657,0
Durg::574,drug_target_interaction,Protein::151,0
Durg::141,drug_target_interaction,Protein::448,0
Durg::219,drug_target_interaction,Protein::516,0
Durg::625,drug_target_interaction,Protein::10,0
Durg::351,drug_target_interaction,Protein::195,0
Durg::383,drug_target_interaction,Protein::117,0
Durg::611,drug_target_interaction,Protein::483,0
Durg::565,drug_target_interaction,Protein::12,0
Durg::247,drug_target_interaction,Protein::858,0
Durg::341,drug_target_interaction,Protein::610,0
Durg::188,drug_target_interaction,Protein::1155,0
Durg::443,drug_target_interaction,Protein::340,0
Durg::109,drug_target_interaction,Protein::663,0
Durg::211,drug_target_interaction,Protein::51,0
Durg::224,drug_target_interaction,Protein::516,0
Durg::347,drug_target_interaction,Protein::1174,0
Durg::366,drug_target_interaction,Protein::995,0
Durg::136,drug_target_interaction,Protein::918,0
Durg::48,drug_target_interaction,Protein::1029,0
Durg::236,drug_target_interaction,Protein::1022,0
Durg::505,drug_target_interaction,Protein::94,0
Durg::410,drug_target_interaction,Protein::654,0
Durg::234,drug_target_interaction,Protein::139,0
Durg::114,drug_target_interaction,Protein::117,0
Durg::179,drug_target_interaction,Protein::482,0
Durg::61,drug_target_interaction,Protein::493,0
Durg::312,drug_target_interaction,Protein::509,0
Durg::132,drug_target_interaction,Protein::924,0
Durg::607,drug_target_interaction,Protein::85,0
Durg::362,drug_target_interaction,Protein::426,0
Durg::423,drug_target_interaction,Protein::85,0
Durg::137,drug_target_interaction,Protein::475,0
Durg::268,drug_target_interaction,Protein::366,0
Durg::120,drug_target_interaction,Protein::505,0
Durg::49,drug_target_interaction,Protein::1146,0
Durg::103,drug_target_interaction,Protein::561,0
Durg::369,drug_target_interaction,Protein::330,0
Durg::514,drug_target_interaction,Protein::1174,0
Durg::219,drug_target_interaction,Protein::783,0
Durg::224,drug_target_interaction,Protein::985,0
Durg::612,drug_target_interaction,Protein::45,0
Durg::316,drug_target_interaction,Protein::175,0
Durg::376,drug_target_interaction,Protein::509,0
Durg::4,drug_target_interaction,Protein::241,0
Durg::233,drug_target_interaction,Protein::984,0
Durg::60,drug_target_interaction,Protein::273,0
Durg::36,drug_target_interaction,Protein::319,0
Durg::252,drug_target_interaction,Protein::1150,0
Durg::244,drug_target_interaction,Protein::1161,0
Durg::3,drug_target_interaction,Protein::1153,0
Durg::570,drug_target_interaction,Protein::185,0
Durg::640,drug_target_interaction,Protein::931,0
Durg::122,drug_target_interaction,Protein::1185,0
Durg::108,drug_target_interaction,Protein::322,0
Durg::614,drug_target_interaction,Protein::461,0
Durg::521,drug_target_interaction,Protein::138,0
Durg::466,drug_target_interaction,Protein::106,0
Durg::178,drug_target_interaction,Protein::143,0
Durg::24,drug_target_interaction,Protein::581,0
Durg::611,drug_target_interaction,Protein::853,0
Durg::475,drug_target_interaction,Protein::408,0
Durg::606,drug_target_interaction,Protein::530,0
Durg::693,drug_target_interaction,Protein::246,0
Durg::458,drug_target_interaction,Protein::402,0
Durg::252,drug_target_interaction,Protein::266,0
Durg::96,drug_target_interaction,Protein::42,0
Durg::374,drug_target_interaction,Protein::452,0
Durg::365,drug_target_interaction,Protein::114,0
Durg::332,drug_target_interaction,Protein::149,0
Durg::330,drug_target_interaction,Protein::513,0
Durg::138,drug_target_interaction,Protein::613,0
Durg::669,drug_target_interaction,Protein::853,0
Durg::391,drug_target_interaction,Protein::1503,0
Durg::378,drug_target_interaction,Protein::121,0
Durg::682,drug_target_interaction,Protein::470,0
Durg::120,drug_target_interaction,Protein::994,0
Durg::567,drug_target_interaction,Protein::34,0
Durg::476,drug_target_interaction,Protein::992,0
Durg::413,drug_target_interaction,Protein::151,0
Durg::588,drug_target_interaction,Protein::472,0
Durg::340,drug_target_interaction,Protein::992,0
Durg::65,drug_target_interaction,Protein::291,0
Durg::245,drug_target_interaction,Protein::322,0
Durg::3,drug_target_interaction,Protein::94,0
Durg::671,drug_target_interaction,Protein::940,0
Durg::450,drug_target_interaction,Protein::155,0
Durg::596,drug_target_interaction,Protein::505,0
Durg::78,drug_target_interaction,Protein::244,0
Durg::199,drug_target_interaction,Protein::433,0
Durg::337,drug_target_interaction,Protein::223,0
Durg::505,drug_target_interaction,Protein::328,0
Durg::260,drug_target_interaction,Protein::995,0
Durg::275,drug_target_interaction,Protein::997,0
Durg::303,drug_target_interaction,Protein::374,0
Durg::441,drug_target_interaction,Protein::608,0
Durg::567,drug_target_interaction,Protein::856,0
Durg::543,drug_target_interaction,Protein::574,0
Durg::257,drug_target_interaction,Protein::429,0
Durg::457,drug_target_interaction,Protein::82,0
Durg::379,drug_target_interaction,Protein::859,0
Durg::437,drug_target_interaction,Protein::10,0
Durg::651,drug_target_interaction,Protein::1022,0
Durg::69,drug_target_interaction,Protein::814,0
Durg::236,drug_target_interaction,Protein::428,0
Durg::444,drug_target_interaction,Protein::43,0
Durg::592,drug_target_interaction,Protein::773,0
Durg::221,drug_target_interaction,Protein::696,0
Durg::122,drug_target_interaction,Protein::366,0
Durg::587,drug_target_interaction,Protein::1196,0
Durg::17,drug_target_interaction,Protein::624,0
Durg::370,drug_target_interaction,Protein::19,0
Durg::68,drug_target_interaction,Protein::1138,0
Durg::548,drug_target_interaction,Protein::408,0
Durg::127,drug_target_interaction,Protein::272,0
Durg::197,drug_target_interaction,Protein::263,0
Durg::356,drug_target_interaction,Protein::402,0
Durg::508,drug_target_interaction,Protein::139,0
Durg::90,drug_target_interaction,Protein::918,0
Durg::213,drug_target_interaction,Protein::181,0
Durg::116,drug_target_interaction,Protein::1508,0
Durg::314,drug_target_interaction,Protein::588,0
Durg::147,drug_target_interaction,Protein::853,0
Durg::322,drug_target_interaction,Protein::663,0
Durg::365,drug_target_interaction,Protein::1034,0
Durg::536,drug_target_interaction,Protein::430,0
Durg::90,drug_target_interaction,Protein::2,0
Durg::109,drug_target_interaction,Protein::13,0
Durg::292,drug_target_interaction,Protein::368,0
Durg::28,drug_target_interaction,Protein::241,0
Durg::190,drug_target_interaction,Protein::380,0
Durg::383,drug_target_interaction,Protein::358,0
Durg::494,drug_target_interaction,Protein::309,0
Durg::41,drug_target_interaction,Protein::312,0
Durg::90,drug_target_interaction,Protein::289,0
Durg::201,drug_target_interaction,Protein::1150,0
Durg::77,drug_target_interaction,Protein::269,0
Durg::252,drug_target_interaction,Protein::1504,0
Durg::183,drug_target_interaction,Protein::203,0
Durg::590,drug_target_interaction,Protein::459,0
Durg::141,drug_target_interaction,Protein::440,0
Durg::444,drug_target_interaction,Protein::550,0
Durg::141,drug_target_interaction,Protein::433,0
Durg::72,drug_target_interaction,Protein::28,0
Durg::463,drug_target_interaction,Protein::380,0
Durg::599,drug_target_interaction,Protein::493,0
Durg::230,drug_target_interaction,Protein::1508,0
Durg::689,drug_target_interaction,Protein::1203,0
Durg::432,drug_target_interaction,Protein::546,0
Durg::580,drug_target_interaction,Protein::546,0
Durg::60,drug_target_interaction,Protein::1169,0
Durg::103,drug_target_interaction,Protein::389,0
Durg::14,drug_target_interaction,Protein::1150,0
Durg::10,drug_target_interaction,Protein::1029,0
Durg::295,drug_target_interaction,Protein::518,0
Durg::291,drug_target_interaction,Protein::450,0
Durg::599,drug_target_interaction,Protein::773,0
Durg::499,drug_target_interaction,Protein::518,0
Durg::75,drug_target_interaction,Protein::656,0
Durg::224,drug_target_interaction,Protein::657,0
Durg::383,drug_target_interaction,Protein::120,0
Durg::42,drug_target_interaction,Protein::694,0
Durg::662,drug_target_interaction,Protein::1187,0
Durg::638,drug_target_interaction,Protein::663,0
Durg::503,drug_target_interaction,Protein::1066,0
Durg::71,drug_target_interaction,Protein::143,0
Durg::265,drug_target_interaction,Protein::1183,0
Durg::316,drug_target_interaction,Protein::440,0
Durg::161,drug_target_interaction,Protein::453,0
Durg::314,drug_target_interaction,Protein::1011,0
Durg::410,drug_target_interaction,Protein::722,0
Durg::569,drug_target_interaction,Protein::424,0
Durg::668,drug_target_interaction,Protein::738,0
Durg::257,drug_target_interaction,Protein::1000,0
Durg::9,drug_target_interaction,Protein::12,0
Durg::226,drug_target_interaction,Protein::738,0
Durg::272,drug_target_interaction,Protein::14,0
Durg::26,drug_target_interaction,Protein::1175,0
Durg::303,drug_target_interaction,Protein::113,0
Durg::175,drug_target_interaction,Protein::990,0
Durg::557,drug_target_interaction,Protein::1151,0
Durg::160,drug_target_interaction,Protein::1504,0
Durg::458,drug_target_interaction,Protein::145,0
Durg::571,drug_target_interaction,Protein::993,0
Durg::468,drug_target_interaction,Protein::1508,0
Durg::461,drug_target_interaction,Protein::185,0
Durg::443,drug_target_interaction,Protein::493,0
Durg::599,drug_target_interaction,Protein::617,0
Durg::633,drug_target_interaction,Protein::170,0
Durg::391,drug_target_interaction,Protein::727,0
Durg::553,drug_target_interaction,Protein::496,0
Durg::516,drug_target_interaction,Protein::918,0
Durg::630,drug_target_interaction,Protein::1179,0
Durg::520,drug_target_interaction,Protein::561,0
Durg::483,drug_target_interaction,Protein::1162,0
Durg::206,drug_target_interaction,Protein::995,0
Durg::554,drug_target_interaction,Protein::28,0
Durg::622,drug_target_interaction,Protein::1175,0
Durg::573,drug_target_interaction,Protein::10,0
Durg::61,drug_target_interaction,Protein::139,0
Durg::6,drug_target_interaction,Protein::1504,0
Durg::609,drug_target_interaction,Protein::995,0
Durg::141,drug_target_interaction,Protein::858,0
Durg::388,drug_target_interaction,Protein::518,0
Durg::429,drug_target_interaction,Protein::563,0
Durg::675,drug_target_interaction,Protein::1506,0
Durg::164,drug_target_interaction,Protein::470,0
Durg::474,drug_target_interaction,Protein::527,0
Durg::703,drug_target_interaction,Protein::138,0
Durg::327,drug_target_interaction,Protein::642,0
Durg::690,drug_target_interaction,Protein::1029,0
Durg::194,drug_target_interaction,Protein::745,0
Durg::690,drug_target_interaction,Protein::232,0
Durg::23,drug_target_interaction,Protein::610,0
Durg::89,drug_target_interaction,Protein::99,0
Durg::400,drug_target_interaction,Protein::581,0
Durg::190,drug_target_interaction,Protein::987,0
Durg::349,drug_target_interaction,Protein::175,0
Durg::172,drug_target_interaction,Protein::497,0
Durg::362,drug_target_interaction,Protein::368,0
Durg::168,drug_target_interaction,Protein::1151,0
Durg::74,drug_target_interaction,Protein::738,0
Durg::22,drug_target_interaction,Protein::266,0
Durg::297,drug_target_interaction,Protein::1175,0
Durg::465,drug_target_interaction,Protein::312,0
Durg::32,drug_target_interaction,Protein::1041,0
Durg::632,drug_target_interaction,Protein::773,0
Durg::475,drug_target_interaction,Protein::991,0
Durg::179,drug_target_interaction,Protein::528,0
Durg::19,drug_target_interaction,Protein::170,0
Durg::689,drug_target_interaction,Protein::1038,0
Durg::70,drug_target_interaction,Protein::427,0
Durg::609,drug_target_interaction,Protein::320,0
Durg::76,drug_target_interaction,Protein::545,0
Durg::457,drug_target_interaction,Protein::514,0
Durg::133,drug_target_interaction,Protein::526,0
Durg::202,drug_target_interaction,Protein::330,0
Durg::52,drug_target_interaction,Protein::495,0
Durg::494,drug_target_interaction,Protein::327,0
Durg::372,drug_target_interaction,Protein::361,0
Durg::244,drug_target_interaction,Protein::859,0
Durg::595,drug_target_interaction,Protein::127,0
Durg::285,drug_target_interaction,Protein::377,0
Durg::508,drug_target_interaction,Protein::523,0
Durg::293,drug_target_interaction,Protein::429,0
Durg::191,drug_target_interaction,Protein::992,0
Durg::38,drug_target_interaction,Protein::1167,0
Durg::418,drug_target_interaction,Protein::62,0
Durg::299,drug_target_interaction,Protein::402,0
Durg::76,drug_target_interaction,Protein::1066,0
Durg::115,drug_target_interaction,Protein::720,0
Durg::334,drug_target_interaction,Protein::988,0
Durg::396,drug_target_interaction,Protein::783,0
Durg::10,drug_target_interaction,Protein::394,0
Durg::17,drug_target_interaction,Protein::515,0
Durg::615,drug_target_interaction,Protein::195,0
Durg::4,drug_target_interaction,Protein::696,0
Durg::579,drug_target_interaction,Protein::201,0
Durg::251,drug_target_interaction,Protein::1066,0
Durg::46,drug_target_interaction,Protein::430,0
Durg::503,drug_target_interaction,Protein::265,0
Durg::252,drug_target_interaction,Protein::526,0
Durg::561,drug_target_interaction,Protein::654,0
Durg::428,drug_target_interaction,Protein::289,0
Durg::466,drug_target_interaction,Protein::259,0
Durg::672,drug_target_interaction,Protein::261,0
Durg::22,drug_target_interaction,Protein::151,0
Durg::663,drug_target_interaction,Protein::380,0
Durg::333,drug_target_interaction,Protein::408,0
Durg::564,drug_target_interaction,Protein::545,0
Durg::143,drug_target_interaction,Protein::496,0
Durg::266,drug_target_interaction,Protein::139,0
Durg::537,drug_target_interaction,Protein::335,0
Durg::463,drug_target_interaction,Protein::696,0
Durg::569,drug_target_interaction,Protein::242,0
Durg::496,drug_target_interaction,Protein::991,0
Durg::23,drug_target_interaction,Protein::423,0
Durg::40,drug_target_interaction,Protein::33,0
Durg::581,drug_target_interaction,Protein::636,0
Durg::0,drug_target_interaction,Protein::524,0
Durg::90,drug_target_interaction,Protein::996,0
Durg::381,drug_target_interaction,Protein::859,0
Durg::532,drug_target_interaction,Protein::986,0
Durg::84,drug_target_interaction,Protein::264,0
Durg::335,drug_target_interaction,Protein::1139,0
Durg::684,drug_target_interaction,Protein::1180,0
Durg::319,drug_target_interaction,Protein::1508,0
Durg::521,drug_target_interaction,Protein::1503,0
Durg::489,drug_target_interaction,Protein::452,0
Durg::462,drug_target_interaction,Protein::461,0
Durg::540,drug_target_interaction,Protein::394,0
Durg::612,drug_target_interaction,Protein::1015,0
Durg::626,drug_target_interaction,Protein::674,0
Durg::570,drug_target_interaction,Protein::1160,0
Durg::630,drug_target_interaction,Protein::383,0
Durg::372,drug_target_interaction,Protein::554,0
Durg::497,drug_target_interaction,Protein::505,0
Durg::82,drug_target_interaction,Protein::995,0
Durg::442,drug_target_interaction,Protein::272,0
Durg::621,drug_target_interaction,Protein::1015,0
Durg::345,drug_target_interaction,Protein::317,0
Durg::314,drug_target_interaction,Protein::310,0
Durg::469,drug_target_interaction,Protein::647,0
Durg::154,drug_target_interaction,Protein::195,0
Durg::130,drug_target_interaction,Protein::1151,0
Durg::345,drug_target_interaction,Protein::1034,0
Durg::30,drug_target_interaction,Protein::993,0
Durg::622,drug_target_interaction,Protein::139,0
Durg::553,drug_target_interaction,Protein::738,0
Durg::196,drug_target_interaction,Protein::263,0
Durg::35,drug_target_interaction,Protein::439,0
Durg::161,drug_target_interaction,Protein::448,0
Durg::477,drug_target_interaction,Protein::918,0
Durg::302,drug_target_interaction,Protein::592,0
Durg::626,drug_target_interaction,Protein::778,0
Durg::344,drug_target_interaction,Protein::42,0
Durg::312,drug_target_interaction,Protein::1185,0
Durg::13,drug_target_interaction,Protein::1139,0
Durg::682,drug_target_interaction,Protein::32,0
Durg::691,drug_target_interaction,Protein::377,0
Durg::480,drug_target_interaction,Protein::918,0
Durg::567,drug_target_interaction,Protein::429,0
Durg::102,drug_target_interaction,Protein::610,0
Durg::189,drug_target_interaction,Protein::588,0
Durg::36,drug_target_interaction,Protein::19,0
Durg::22,drug_target_interaction,Protein::450,0
Durg::471,drug_target_interaction,Protein::112,0
Durg::585,drug_target_interaction,Protein::113,0
Durg::425,drug_target_interaction,Protein::296,0
Durg::225,drug_target_interaction,Protein::814,0
Durg::306,drug_target_interaction,Protein::113,0
Durg::485,drug_target_interaction,Protein::931,0
Durg::340,drug_target_interaction,Protein::554,0
Durg::661,drug_target_interaction,Protein::279,0
Durg::433,drug_target_interaction,Protein::258,0
Durg::272,drug_target_interaction,Protein::1000,0
Durg::5,drug_target_interaction,Protein::513,0
Durg::176,drug_target_interaction,Protein::475,0
Durg::184,drug_target_interaction,Protein::496,0
Durg::222,drug_target_interaction,Protein::322,0
Durg::35,drug_target_interaction,Protein::524,0
Durg::658,drug_target_interaction,Protein::374,0
Durg::260,drug_target_interaction,Protein::25,0
Durg::603,drug_target_interaction,Protein::273,0
Durg::275,drug_target_interaction,Protein::315,0
Durg::327,drug_target_interaction,Protein::1196,0
Durg::236,drug_target_interaction,Protein::707,0
Durg::689,drug_target_interaction,Protein::419,0
Durg::571,drug_target_interaction,Protein::241,0
Durg::167,drug_target_interaction,Protein::291,0
Durg::561,drug_target_interaction,Protein::625,0
Durg::508,drug_target_interaction,Protein::380,0
Durg::153,drug_target_interaction,Protein::518,0
Durg::15,drug_target_interaction,Protein::26,0
Durg::114,drug_target_interaction,Protein::243,0
Durg::595,drug_target_interaction,Protein::183,0
Durg::334,drug_target_interaction,Protein::573,0
Durg::136,drug_target_interaction,Protein::449,0
Durg::633,drug_target_interaction,Protein::28,0
Durg::645,drug_target_interaction,Protein::439,0
Durg::210,drug_target_interaction,Protein::120,0
Durg::483,drug_target_interaction,Protein::278,0
Durg::606,drug_target_interaction,Protein::78,0
Durg::58,drug_target_interaction,Protein::430,0
Durg::672,drug_target_interaction,Protein::189,0
Durg::163,drug_target_interaction,Protein::127,0
Durg::264,drug_target_interaction,Protein::271,0
Durg::146,drug_target_interaction,Protein::34,0
Durg::220,drug_target_interaction,Protein::155,0
Durg::641,drug_target_interaction,Protein::1000,0
Durg::38,drug_target_interaction,Protein::670,0
Durg::110,drug_target_interaction,Protein::112,0
Durg::650,drug_target_interaction,Protein::922,0
Durg::116,drug_target_interaction,Protein::573,0
Durg::506,drug_target_interaction,Protein::927,0
Durg::656,drug_target_interaction,Protein::34,0
Durg::479,drug_target_interaction,Protein::442,0
Durg::520,drug_target_interaction,Protein::368,0
Durg::114,drug_target_interaction,Protein::194,0
Durg::112,drug_target_interaction,Protein::195,0
Durg::126,drug_target_interaction,Protein::773,0
Durg::125,drug_target_interaction,Protein::81,0
Durg::254,drug_target_interaction,Protein::670,0
Durg::229,drug_target_interaction,Protein::428,0
Durg::369,drug_target_interaction,Protein::39,0
Durg::125,drug_target_interaction,Protein::82,0
Durg::40,drug_target_interaction,Protein::1503,0
Durg::406,drug_target_interaction,Protein::271,0
Durg::271,drug_target_interaction,Protein::400,0
Durg::523,drug_target_interaction,Protein::400,0
Durg::615,drug_target_interaction,Protein::1055,0
Durg::80,drug_target_interaction,Protein::402,0
Durg::175,drug_target_interaction,Protein::419,0
Durg::392,drug_target_interaction,Protein::67,0
Durg::253,drug_target_interaction,Protein::440,0
Durg::596,drug_target_interaction,Protein::1164,0
Durg::270,drug_target_interaction,Protein::1034,0
Durg::585,drug_target_interaction,Protein::196,0
Durg::548,drug_target_interaction,Protein::1185,0
Durg::466,drug_target_interaction,Protein::453,0
Durg::265,drug_target_interaction,Protein::988,0
Durg::234,drug_target_interaction,Protein::1034,0
Durg::357,drug_target_interaction,Protein::124,0
Durg::683,drug_target_interaction,Protein::1180,0
Durg::541,drug_target_interaction,Protein::145,0
Durg::178,drug_target_interaction,Protein::319,0
Durg::76,drug_target_interaction,Protein::327,0
Durg::564,drug_target_interaction,Protein::990,0
Durg::154,drug_target_interaction,Protein::223,0
Durg::9,drug_target_interaction,Protein::94,0
Durg::176,drug_target_interaction,Protein::857,0
Durg::228,drug_target_interaction,Protein::635,0
Durg::697,drug_target_interaction,Protein::146,0
Durg::370,drug_target_interaction,Protein::783,0
Durg::160,drug_target_interaction,Protein::493,0
Durg::663,drug_target_interaction,Protein::696,0
Durg::184,drug_target_interaction,Protein::640,0
Durg::43,drug_target_interaction,Protein::183,0
Durg::607,drug_target_interaction,Protein::1164,0
Durg::97,drug_target_interaction,Protein::433,0
Durg::641,drug_target_interaction,Protein::121,0
Durg::259,drug_target_interaction,Protein::648,0
Durg::154,drug_target_interaction,Protein::656,0
Durg::145,drug_target_interaction,Protein::143,0
Durg::541,drug_target_interaction,Protein::1188,0
Durg::83,drug_target_interaction,Protein::407,0
Durg::408,drug_target_interaction,Protein::460,0
Durg::340,drug_target_interaction,Protein::1503,0
Durg::68,drug_target_interaction,Protein::1186,0
Durg::141,drug_target_interaction,Protein::181,0
Durg::163,drug_target_interaction,Protein::858,0
Durg::707,drug_target_interaction,Protein::288,0
Durg::270,drug_target_interaction,Protein::674,0
Durg::532,drug_target_interaction,Protein::75,0
Durg::509,drug_target_interaction,Protein::19,0
Durg::316,drug_target_interaction,Protein::1508,0
Durg::19,drug_target_interaction,Protein::296,0
Durg::61,drug_target_interaction,Protein::860,0
Durg::276,drug_target_interaction,Protein::241,0
Durg::327,drug_target_interaction,Protein::817,0
Durg::343,drug_target_interaction,Protein::994,0
Durg::471,drug_target_interaction,Protein::523,0
Durg::16,drug_target_interaction,Protein::271,0
Durg::111,drug_target_interaction,Protein::681,0
Durg::389,drug_target_interaction,Protein::140,0
Durg::102,drug_target_interaction,Protein::483,0
Durg::372,drug_target_interaction,Protein::583,0
Durg::25,drug_target_interaction,Protein::390,0
Durg::351,drug_target_interaction,Protein::98,0
Durg::393,drug_target_interaction,Protein::1187,0
Durg::35,drug_target_interaction,Protein::1160,0
Durg::358,drug_target_interaction,Protein::151,0
Durg::356,drug_target_interaction,Protein::856,0
Durg::434,drug_target_interaction,Protein::340,0
Durg::97,drug_target_interaction,Protein::31,0
Durg::352,drug_target_interaction,Protein::1009,0
Durg::32,drug_target_interaction,Protein::569,0
Durg::99,drug_target_interaction,Protein::48,0
Durg::93,drug_target_interaction,Protein::259,0
Durg::494,drug_target_interaction,Protein::512,0
Durg::458,drug_target_interaction,Protein::1162,0
Durg::28,drug_target_interaction,Protein::166,0
Durg::136,drug_target_interaction,Protein::1503,0
Durg::418,drug_target_interaction,Protein::518,0
Durg::278,drug_target_interaction,Protein::181,0
Durg::358,drug_target_interaction,Protein::1502,0
Durg::38,drug_target_interaction,Protein::98,0
Durg::439,drug_target_interaction,Protein::2,0
Durg::511,drug_target_interaction,Protein::395,0
Durg::194,drug_target_interaction,Protein::449,0
Durg::405,drug_target_interaction,Protein::394,0
Durg::136,drug_target_interaction,Protein::648,0
Durg::615,drug_target_interaction,Protein::278,0
Durg::612,drug_target_interaction,Protein::170,0
Durg::536,drug_target_interaction,Protein::1138,0
Durg::297,drug_target_interaction,Protein::635,0
Durg::587,drug_target_interaction,Protein::527,0
Durg::317,drug_target_interaction,Protein::681,0
Durg::266,drug_target_interaction,Protein::395,0
Durg::46,drug_target_interaction,Protein::197,0
Durg::372,drug_target_interaction,Protein::1139,0
Durg::573,drug_target_interaction,Protein::1299,0
Durg::40,drug_target_interaction,Protein::155,0
Durg::580,drug_target_interaction,Protein::654,0
Durg::188,drug_target_interaction,Protein::390,0
Durg::26,drug_target_interaction,Protein::526,0
Durg::43,drug_target_interaction,Protein::681,0
Durg::546,drug_target_interaction,Protein::266,0
Durg::677,drug_target_interaction,Protein::84,0
Durg::80,drug_target_interaction,Protein::538,0
Durg::565,drug_target_interaction,Protein::477,0
Durg::5,drug_target_interaction,Protein::12,0
Durg::473,drug_target_interaction,Protein::317,0
Durg::137,drug_target_interaction,Protein::141,0
Durg::68,drug_target_interaction,Protein::357,0
Durg::283,drug_target_interaction,Protein::1186,0
Durg::220,drug_target_interaction,Protein::269,0
Durg::239,drug_target_interaction,Protein::42,0
Durg::571,drug_target_interaction,Protein::1006,0
Durg::495,drug_target_interaction,Protein::484,0
Durg::272,drug_target_interaction,Protein::166,0
Durg::268,drug_target_interaction,Protein::208,0
Durg::153,drug_target_interaction,Protein::311,0
Durg::287,drug_target_interaction,Protein::1381,0
Durg::250,drug_target_interaction,Protein::407,0
Durg::61,drug_target_interaction,Protein::738,0
Durg::506,drug_target_interaction,Protein::194,0
Durg::170,drug_target_interaction,Protein::1179,0
Durg::158,drug_target_interaction,Protein::435,0
Durg::182,drug_target_interaction,Protein::940,0
Durg::443,drug_target_interaction,Protein::208,0
Durg::548,drug_target_interaction,Protein::1022,0
Durg::120,drug_target_interaction,Protein::335,0
Durg::109,drug_target_interaction,Protein::515,0
Durg::617,drug_target_interaction,Protein::43,0
Durg::398,drug_target_interaction,Protein::201,0
Durg::10,drug_target_interaction,Protein::357,0
Durg::689,drug_target_interaction,Protein::1196,0
Durg::432,drug_target_interaction,Protein::1201,0
Durg::298,drug_target_interaction,Protein::484,0
Durg::25,drug_target_interaction,Protein::19,0
Durg::611,drug_target_interaction,Protein::656,0
Durg::692,drug_target_interaction,Protein::40,0
Durg::329,drug_target_interaction,Protein::592,0
Durg::163,drug_target_interaction,Protein::689,0
Durg::264,drug_target_interaction,Protein::241,0
Durg::415,drug_target_interaction,Protein::160,0
Durg::400,drug_target_interaction,Protein::1177,0
Durg::261,drug_target_interaction,Protein::1153,0
Durg::178,drug_target_interaction,Protein::89,0
Durg::58,drug_target_interaction,Protein::101,0
Durg::83,drug_target_interaction,Protein::83,0
Durg::100,drug_target_interaction,Protein::45,0
Durg::660,drug_target_interaction,Protein::470,0
Durg::617,drug_target_interaction,Protein::67,0
Durg::672,drug_target_interaction,Protein::265,0
Durg::557,drug_target_interaction,Protein::918,0
Durg::361,drug_target_interaction,Protein::635,0
Durg::444,drug_target_interaction,Protein::470,0
Durg::217,drug_target_interaction,Protein::1188,0
Durg::379,drug_target_interaction,Protein::1174,0
Durg::389,drug_target_interaction,Protein::1166,0
Durg::565,drug_target_interaction,Protein::322,0
Durg::298,drug_target_interaction,Protein::248,0
Durg::314,drug_target_interaction,Protein::497,0
Durg::217,drug_target_interaction,Protein::244,0
Durg::172,drug_target_interaction,Protein::483,0
Durg::316,drug_target_interaction,Protein::296,0
Durg::175,drug_target_interaction,Protein::71,0
Durg::449,drug_target_interaction,Protein::1150,0
Durg::83,drug_target_interaction,Protein::123,0
Durg::180,drug_target_interaction,Protein::853,0
Durg::520,drug_target_interaction,Protein::726,0
Durg::243,drug_target_interaction,Protein::1502,0
Durg::377,drug_target_interaction,Protein::218,0
Durg::27,drug_target_interaction,Protein::246,0
Durg::669,drug_target_interaction,Protein::707,0
Durg::655,drug_target_interaction,Protein::1173,0
Durg::450,drug_target_interaction,Protein::43,0
Durg::375,drug_target_interaction,Protein::241,0
Durg::448,drug_target_interaction,Protein::408,0
Durg::480,drug_target_interaction,Protein::269,0
Durg::541,drug_target_interaction,Protein::689,0
Durg::692,drug_target_interaction,Protein::291,0
Durg::413,drug_target_interaction,Protein::377,0
Durg::672,drug_target_interaction,Protein::394,0
Durg::645,drug_target_interaction,Protein::624,0
Durg::97,drug_target_interaction,Protein::85,0
Durg::340,drug_target_interaction,Protein::225,0
Durg::190,drug_target_interaction,Protein::665,0
Durg::319,drug_target_interaction,Protein::605,0
Durg::433,drug_target_interaction,Protein::524,0
Durg::694,drug_target_interaction,Protein::624,0
Durg::123,drug_target_interaction,Protein::389,0
Durg::94,drug_target_interaction,Protein::247,0
Durg::611,drug_target_interaction,Protein::985,0
Durg::221,drug_target_interaction,Protein::637,0
Durg::404,drug_target_interaction,Protein::550,0
Durg::184,drug_target_interaction,Protein::124,0
Durg::350,drug_target_interaction,Protein::143,0
Durg::625,drug_target_interaction,Protein::112,0
Durg::108,drug_target_interaction,Protein::773,0
Durg::66,drug_target_interaction,Protein::1000,0
Durg::441,drug_target_interaction,Protein::486,0
Durg::529,drug_target_interaction,Protein::554,0
Durg::286,drug_target_interaction,Protein::922,0
Durg::463,drug_target_interaction,Protein::1375,0
Durg::72,drug_target_interaction,Protein::273,0
Durg::678,drug_target_interaction,Protein::1150,0
Durg::419,drug_target_interaction,Protein::1172,0
Durg::338,drug_target_interaction,Protein::990,0
Durg::102,drug_target_interaction,Protein::395,0
Durg::227,drug_target_interaction,Protein::554,0
Durg::609,drug_target_interaction,Protein::707,0
Durg::168,drug_target_interaction,Protein::40,0
Durg::344,drug_target_interaction,Protein::1148,0
Durg::99,drug_target_interaction,Protein::528,0
Durg::272,drug_target_interaction,Protein::588,0
Durg::102,drug_target_interaction,Protein::428,0
Durg::506,drug_target_interaction,Protein::625,0
Durg::259,drug_target_interaction,Protein::151,0
Durg::10,drug_target_interaction,Protein::408,0
Durg::625,drug_target_interaction,Protein::466,0
Durg::193,drug_target_interaction,Protein::581,0
Durg::359,drug_target_interaction,Protein::530,0
Durg::682,drug_target_interaction,Protein::435,0
Durg::168,drug_target_interaction,Protein::486,0
Durg::641,drug_target_interaction,Protein::720,0
Durg::575,drug_target_interaction,Protein::335,0
Durg::421,drug_target_interaction,Protein::524,0
Durg::6,drug_target_interaction,Protein::223,0
Durg::628,drug_target_interaction,Protein::194,0
Durg::167,drug_target_interaction,Protein::302,0
Durg::458,drug_target_interaction,Protein::635,0
Durg::11,drug_target_interaction,Protein::401,0
Durg::484,drug_target_interaction,Protein::71,0
Durg::229,drug_target_interaction,Protein::75,0
Durg::478,drug_target_interaction,Protein::266,0
Durg::405,drug_target_interaction,Protein::1180,0
Durg::689,drug_target_interaction,Protein::1166,0
Durg::529,drug_target_interaction,Protein::516,0
Durg::244,drug_target_interaction,Protein::33,0
Durg::23,drug_target_interaction,Protein::241,0
Durg::16,drug_target_interaction,Protein::32,0
Durg::552,drug_target_interaction,Protein::647,0
Durg::393,drug_target_interaction,Protein::1041,0
Durg::675,drug_target_interaction,Protein::744,0
Durg::502,drug_target_interaction,Protein::1299,0
Durg::645,drug_target_interaction,Protein::524,0
Durg::236,drug_target_interaction,Protein::528,0
Durg::66,drug_target_interaction,Protein::654,0
Durg::686,drug_target_interaction,Protein::550,0
Durg::285,drug_target_interaction,Protein::73,0
Durg::144,drug_target_interaction,Protein::1177,0
Durg::24,drug_target_interaction,Protein::150,0
Durg::19,drug_target_interaction,Protein::1163,0
Durg::232,drug_target_interaction,Protein::916,0
Durg::276,drug_target_interaction,Protein::19,0
Durg::152,drug_target_interaction,Protein::1060,0
Durg::410,drug_target_interaction,Protein::88,0
Durg::451,drug_target_interaction,Protein::43,0
Durg::54,drug_target_interaction,Protein::538,0
Durg::672,drug_target_interaction,Protein::328,0
Durg::597,drug_target_interaction,Protein::189,0
Durg::151,drug_target_interaction,Protein::1382,0
Durg::330,drug_target_interaction,Protein::330,0
Durg::62,drug_target_interaction,Protein::141,0
Durg::628,drug_target_interaction,Protein::269,0
Durg::444,drug_target_interaction,Protein::340,0
Durg::152,drug_target_interaction,Protein::487,0
Durg::595,drug_target_interaction,Protein::26,0
Durg::415,drug_target_interaction,Protein::185,0
Durg::480,drug_target_interaction,Protein::183,0
Durg::451,drug_target_interaction,Protein::518,0
Durg::147,drug_target_interaction,Protein::264,0
Durg::637,drug_target_interaction,Protein::674,0
Durg::458,drug_target_interaction,Protein::326,0
Durg::30,drug_target_interaction,Protein::745,0
Durg::31,drug_target_interaction,Protein::858,0
Durg::457,drug_target_interaction,Protein::48,0
Durg::97,drug_target_interaction,Protein::358,0
Durg::52,drug_target_interaction,Protein::1202,0
Durg::147,drug_target_interaction,Protein::26,0
Durg::540,drug_target_interaction,Protein::439,0
Durg::575,drug_target_interaction,Protein::319,0
Durg::134,drug_target_interaction,Protein::7,0
Durg::393,drug_target_interaction,Protein::123,0
Durg::239,drug_target_interaction,Protein::197,0
Durg::125,drug_target_interaction,Protein::1170,0
Durg::675,drug_target_interaction,Protein::497,0
Durg::380,drug_target_interaction,Protein::302,0
Durg::17,drug_target_interaction,Protein::1170,0
Durg::136,drug_target_interaction,Protein::608,0
Durg::126,drug_target_interaction,Protein::90,0
Durg::243,drug_target_interaction,Protein::269,0
Durg::151,drug_target_interaction,Protein::151,0
Durg::9,drug_target_interaction,Protein::859,0
Durg::662,drug_target_interaction,Protein::514,0
Durg::514,drug_target_interaction,Protein::419,0
Durg::339,drug_target_interaction,Protein::43,0
Durg::672,drug_target_interaction,Protein::196,0
Durg::156,drug_target_interaction,Protein::101,0
Durg::27,drug_target_interaction,Protein::89,0
Durg::270,drug_target_interaction,Protein::858,0
Durg::283,drug_target_interaction,Protein::1375,0
Durg::521,drug_target_interaction,Protein::526,0
Durg::536,drug_target_interaction,Protein::1299,0
Durg::159,drug_target_interaction,Protein::418,0
Durg::43,drug_target_interaction,Protein::663,0
Durg::634,drug_target_interaction,Protein::856,0
Durg::322,drug_target_interaction,Protein::89,0
Durg::622,drug_target_interaction,Protein::289,0
Durg::409,drug_target_interaction,Protein::487,0
Durg::408,drug_target_interaction,Protein::266,0
Durg::611,drug_target_interaction,Protein::206,0
Durg::316,drug_target_interaction,Protein::138,0
Durg::54,drug_target_interaction,Protein::1174,0
Durg::143,drug_target_interaction,Protein::636,0
Durg::499,drug_target_interaction,Protein::1009,0
Durg::172,drug_target_interaction,Protein::1161,0
Durg::191,drug_target_interaction,Protein::271,0
Durg::396,drug_target_interaction,Protein::459,0
Durg::279,drug_target_interaction,Protein::428,0
Durg::4,drug_target_interaction,Protein::78,0
Durg::537,drug_target_interaction,Protein::221,0
Durg::330,drug_target_interaction,Protein::318,0
Durg::601,drug_target_interaction,Protein::203,0
Durg::659,drug_target_interaction,Protein::423,0
Durg::176,drug_target_interaction,Protein::442,0
Durg::634,drug_target_interaction,Protein::588,0
Durg::159,drug_target_interaction,Protein::185,0
Durg::214,drug_target_interaction,Protein::512,0
Durg::593,drug_target_interaction,Protein::1011,0
Durg::306,drug_target_interaction,Protein::42,0
Durg::90,drug_target_interaction,Protein::121,0
Durg::463,drug_target_interaction,Protein::482,0
Durg::395,drug_target_interaction,Protein::635,0
Durg::359,drug_target_interaction,Protein::135,0
Durg::560,drug_target_interaction,Protein::1029,0
Durg::471,drug_target_interaction,Protein::1382,0
Durg::442,drug_target_interaction,Protein::136,0
Durg::465,drug_target_interaction,Protein::786,0
Durg::175,drug_target_interaction,Protein::563,0
Durg::101,drug_target_interaction,Protein::530,0
Durg::41,drug_target_interaction,Protein::440,0
Durg::656,drug_target_interaction,Protein::1164,0
Durg::68,drug_target_interaction,Protein::518,0
Durg::7,drug_target_interaction,Protein::1010,0
Durg::615,drug_target_interaction,Protein::1164,0
Durg::31,drug_target_interaction,Protein::996,0
Durg::153,drug_target_interaction,Protein::113,0
Durg::375,drug_target_interaction,Protein::1153,0
Durg::592,drug_target_interaction,Protein::461,0
Durg::295,drug_target_interaction,Protein::513,0
Durg::176,drug_target_interaction,Protein::265,0
Durg::76,drug_target_interaction,Protein::18,0
Durg::409,drug_target_interaction,Protein::346,0
Durg::384,drug_target_interaction,Protein::635,0
Durg::466,drug_target_interaction,Protein::1138,0
Durg::171,drug_target_interaction,Protein::860,0
Durg::102,drug_target_interaction,Protein::453,0
Durg::366,drug_target_interaction,Protein::195,0
Durg::8,drug_target_interaction,Protein::206,0
Durg::694,drug_target_interaction,Protein::120,0
Durg::17,drug_target_interaction,Protein::569,0
Durg::465,drug_target_interaction,Protein::247,0
Durg::641,drug_target_interaction,Protein::6,0
Durg::582,drug_target_interaction,Protein::14,0
Durg::221,drug_target_interaction,Protein::738,0
Durg::672,drug_target_interaction,Protein::998,0
Durg::639,drug_target_interaction,Protein::528,0
Durg::229,drug_target_interaction,Protein::1382,0
Durg::682,drug_target_interaction,Protein::656,0
Durg::398,drug_target_interaction,Protein::433,0
Durg::346,drug_target_interaction,Protein::361,0
Durg::427,drug_target_interaction,Protein::136,0
Durg::520,drug_target_interaction,Protein::60,0
Durg::294,drug_target_interaction,Protein::242,0
Durg::694,drug_target_interaction,Protein::33,0
Durg::202,drug_target_interaction,Protein::237,0
Durg::593,drug_target_interaction,Protein::340,0
Durg::101,drug_target_interaction,Protein::114,0
Durg::87,drug_target_interaction,Protein::523,0
Durg::76,drug_target_interaction,Protein::43,0
Durg::498,drug_target_interaction,Protein::440,0
Durg::418,drug_target_interaction,Protein::389,0
Durg::398,drug_target_interaction,Protein::1508,0
Durg::277,drug_target_interaction,Protein::19,0
Durg::549,drug_target_interaction,Protein::201,0
Durg::691,drug_target_interaction,Protein::427,0
Durg::451,drug_target_interaction,Protein::134,0
Durg::340,drug_target_interaction,Protein::322,0
Durg::69,drug_target_interaction,Protein::6,0
Durg::661,drug_target_interaction,Protein::421,0
Durg::315,drug_target_interaction,Protein::311,0
Durg::203,drug_target_interaction,Protein::289,0
Durg::609,drug_target_interaction,Protein::466,0
Durg::52,drug_target_interaction,Protein::773,0
Durg::415,drug_target_interaction,Protein::142,0
Durg::159,drug_target_interaction,Protein::189,0
Durg::327,drug_target_interaction,Protein::272,0
Durg::152,drug_target_interaction,Protein::121,0
Durg::140,drug_target_interaction,Protein::120,0
Durg::302,drug_target_interaction,Protein::1185,0
Durg::697,drug_target_interaction,Protein::568,0
Durg::96,drug_target_interaction,Protein::328,0
Durg::461,drug_target_interaction,Protein::127,0
Durg::184,drug_target_interaction,Protein::99,0
Durg::624,drug_target_interaction,Protein::640,0
Durg::333,drug_target_interaction,Protein::1181,0
Durg::294,drug_target_interaction,Protein::383,0
Durg::395,drug_target_interaction,Protein::312,0
Durg::22,drug_target_interaction,Protein::648,0
Durg::659,drug_target_interaction,Protein::164,0
Durg::178,drug_target_interaction,Protein::694,0
Durg::690,drug_target_interaction,Protein::1172,0
Durg::78,drug_target_interaction,Protein::1201,0
Durg::276,drug_target_interaction,Protein::166,0
Durg::504,drug_target_interaction,Protein::164,0
Durg::347,drug_target_interaction,Protein::526,0
Durg::28,drug_target_interaction,Protein::1176,0
Durg::677,drug_target_interaction,Protein::924,0
Durg::110,drug_target_interaction,Protein::291,0
Durg::95,drug_target_interaction,Protein::286,0
Durg::472,drug_target_interaction,Protein::134,0
Durg::58,drug_target_interaction,Protein::383,0
Durg::689,drug_target_interaction,Protein::992,0
Durg::671,drug_target_interaction,Protein::986,0
Durg::325,drug_target_interaction,Protein::244,0
Durg::301,drug_target_interaction,Protein::427,0
Durg::481,drug_target_interaction,Protein::493,0
Durg::308,drug_target_interaction,Protein::496,0
Durg::181,drug_target_interaction,Protein::357,0
Durg::87,drug_target_interaction,Protein::135,0
Durg::54,drug_target_interaction,Protein::10,0
Durg::5,drug_target_interaction,Protein::34,0
Durg::191,drug_target_interaction,Protein::261,0
Durg::507,drug_target_interaction,Protein::89,0
Durg::42,drug_target_interaction,Protein::744,0
Durg::382,drug_target_interaction,Protein::745,0
Durg::42,drug_target_interaction,Protein::657,0
Durg::516,drug_target_interaction,Protein::261,0
Durg::634,drug_target_interaction,Protein::265,0
Durg::618,drug_target_interaction,Protein::430,0
Durg::499,drug_target_interaction,Protein::244,0
Durg::134,drug_target_interaction,Protein::181,0
Durg::97,drug_target_interaction,Protein::1176,0
Durg::486,drug_target_interaction,Protein::994,0
Durg::112,drug_target_interaction,Protein::265,0
Durg::574,drug_target_interaction,Protein::243,0
Durg::100,drug_target_interaction,Protein::426,0
Durg::524,drug_target_interaction,Protein::317,0
Durg::424,drug_target_interaction,Protein::279,0
Durg::424,drug_target_interaction,Protein::6,0
Durg::633,drug_target_interaction,Protein::773,0
Durg::692,drug_target_interaction,Protein::1055,0
Durg::366,drug_target_interaction,Protein::1382,0
Durg::75,drug_target_interaction,Protein::114,0
Durg::46,drug_target_interaction,Protein::1504,0
Durg::255,drug_target_interaction,Protein::423,0
Durg::84,drug_target_interaction,Protein::742,0
Durg::325,drug_target_interaction,Protein::470,0
Durg::97,drug_target_interaction,Protein::1187,0
Durg::569,drug_target_interaction,Protein::1055,0
Durg::441,drug_target_interaction,Protein::636,0
Durg::312,drug_target_interaction,Protein::291,0
Durg::429,drug_target_interaction,Protein::528,0
Durg::0,drug_target_interaction,Protein::123,0
Durg::242,drug_target_interaction,Protein::610,0
Durg::343,drug_target_interaction,Protein::985,0
Durg::95,drug_target_interaction,Protein::927,0
Durg::667,drug_target_interaction,Protein::1196,0
Durg::243,drug_target_interaction,Protein::569,0
Durg::630,drug_target_interaction,Protein::1151,0
Durg::645,drug_target_interaction,Protein::201,0
Durg::617,drug_target_interaction,Protein::1502,0
Durg::13,drug_target_interaction,Protein::60,0
Durg::214,drug_target_interaction,Protein::646,0
Durg::217,drug_target_interaction,Protein::286,0
Durg::54,drug_target_interaction,Protein::569,0
Durg::151,drug_target_interaction,Protein::778,0
Durg::314,drug_target_interaction,Protein::1203,0
Durg::373,drug_target_interaction,Protein::206,0
Durg::291,drug_target_interaction,Protein::859,0
Durg::259,drug_target_interaction,Protein::1177,0
Durg::9,drug_target_interaction,Protein::530,0
Durg::651,drug_target_interaction,Protein::605,0
Durg::593,drug_target_interaction,Protein::674,0
Durg::500,drug_target_interaction,Protein::927,0
Durg::627,drug_target_interaction,Protein::289,0
Durg::692,drug_target_interaction,Protein::1146,0
Durg::593,drug_target_interaction,Protein::648,0
Durg::529,drug_target_interaction,Protein::860,0
Durg::570,drug_target_interaction,Protein::1174,0
Durg::508,drug_target_interaction,Protein::452,0
Durg::65,drug_target_interaction,Protein::1164,0
Durg::156,drug_target_interaction,Protein::266,0
Durg::695,drug_target_interaction,Protein::185,0
Durg::35,drug_target_interaction,Protein::487,0
Durg::288,drug_target_interaction,Protein::1202,0
Durg::324,drug_target_interaction,Protein::546,0
Durg::183,drug_target_interaction,Protein::290,0
Durg::167,drug_target_interaction,Protein::853,0
Durg::252,drug_target_interaction,Protein::472,0
Durg::654,drug_target_interaction,Protein::170,0
Durg::165,drug_target_interaction,Protein::852,0
Durg::8,drug_target_interaction,Protein::647,0
Durg::259,drug_target_interaction,Protein::1155,0
Durg::153,drug_target_interaction,Protein::426,0
Durg::2,drug_target_interaction,Protein::1148,0
Durg::15,drug_target_interaction,Protein::1188,0
Durg::541,drug_target_interaction,Protein::120,0
Durg::83,drug_target_interaction,Protein::524,0
Durg::622,drug_target_interaction,Protein::240,0
Durg::479,drug_target_interaction,Protein::1164,0
Durg::122,drug_target_interaction,Protein::286,0
Durg::564,drug_target_interaction,Protein::71,0
Durg::468,drug_target_interaction,Protein::1153,0
Durg::190,drug_target_interaction,Protein::514,0
Durg::535,drug_target_interaction,Protein::625,0
Durg::257,drug_target_interaction,Protein::675,0
Durg::660,drug_target_interaction,Protein::335,0
Durg::581,drug_target_interaction,Protein::987,0
Durg::625,drug_target_interaction,Protein::170,0
Durg::158,drug_target_interaction,Protein::286,0
Durg::534,drug_target_interaction,Protein::296,0
Durg::77,drug_target_interaction,Protein::625,0
Durg::455,drug_target_interaction,Protein::851,0
Durg::374,drug_target_interaction,Protein::203,0
Durg::400,drug_target_interaction,Protein::647,0
Durg::219,drug_target_interaction,Protein::1503,0
Durg::365,drug_target_interaction,Protein::674,0
Durg::100,drug_target_interaction,Protein::424,0
Durg::156,drug_target_interaction,Protein::413,0
Durg::613,drug_target_interaction,Protein::113,0
Durg::286,drug_target_interaction,Protein::181,0
Durg::384,drug_target_interaction,Protein::717,0
Durg::272,drug_target_interaction,Protein::994,0
Durg::630,drug_target_interaction,Protein::300,0
Durg::478,drug_target_interaction,Protein::322,0
Durg::349,drug_target_interaction,Protein::694,0
Durg::30,drug_target_interaction,Protein::642,0
Durg::358,drug_target_interaction,Protein::320,0
Durg::211,drug_target_interaction,Protein::854,0
Durg::341,drug_target_interaction,Protein::561,0
Durg::557,drug_target_interaction,Protein::1169,0
Durg::419,drug_target_interaction,Protein::240,0
Durg::110,drug_target_interaction,Protein::43,0
Durg::678,drug_target_interaction,Protein::223,0
Durg::131,drug_target_interaction,Protein::150,0
Durg::565,drug_target_interaction,Protein::200,0
Durg::78,drug_target_interaction,Protein::241,0
Durg::425,drug_target_interaction,Protein::470,0
Durg::22,drug_target_interaction,Protein::421,0
Durg::118,drug_target_interaction,Protein::170,0
Durg::270,drug_target_interaction,Protein::340,0
Durg::28,drug_target_interaction,Protein::315,0
Durg::352,drug_target_interaction,Protein::550,0
Durg::32,drug_target_interaction,Protein::7,0
Durg::468,drug_target_interaction,Protein::39,0
Durg::153,drug_target_interaction,Protein::315,0
Durg::276,drug_target_interaction,Protein::817,0
Durg::349,drug_target_interaction,Protein::71,0
Durg::159,drug_target_interaction,Protein::657,0
Durg::497,drug_target_interaction,Protein::858,0
Durg::355,drug_target_interaction,Protein::276,0
Durg::439,drug_target_interaction,Protein::475,0
Durg::622,drug_target_interaction,Protein::528,0
Durg::19,drug_target_interaction,Protein::1041,0
Durg::391,drug_target_interaction,Protein::484,0
Durg::618,drug_target_interaction,Protein::450,0
Durg::52,drug_target_interaction,Protein::647,0
Durg::378,drug_target_interaction,Protein::75,0
Durg::462,drug_target_interaction,Protein::1029,0
Durg::251,drug_target_interaction,Protein::295,0
Durg::473,drug_target_interaction,Protein::276,0
Durg::189,drug_target_interaction,Protein::390,0
Durg::122,drug_target_interaction,Protein::483,0
Durg::658,drug_target_interaction,Protein::120,0
Durg::378,drug_target_interaction,Protein::407,0
Durg::610,drug_target_interaction,Protein::315,0
Durg::288,drug_target_interaction,Protein::856,0
Durg::474,drug_target_interaction,Protein::19,0
Durg::71,drug_target_interaction,Protein::194,0
Durg::622,drug_target_interaction,Protein::621,0
Durg::603,drug_target_interaction,Protein::1000,0
Durg::633,drug_target_interaction,Protein::272,0
Durg::128,drug_target_interaction,Protein::648,0
Durg::564,drug_target_interaction,Protein::427,0
Durg::245,drug_target_interaction,Protein::617,0
Durg::616,drug_target_interaction,Protein::106,0
Durg::349,drug_target_interaction,Protein::986,0
Durg::691,drug_target_interaction,Protein::637,0
Durg::341,drug_target_interaction,Protein::40,0
Durg::262,drug_target_interaction,Protein::94,0
Durg::397,drug_target_interaction,Protein::320,0
Durg::275,drug_target_interaction,Protein::114,0
Durg::340,drug_target_interaction,Protein::401,0
Durg::659,drug_target_interaction,Protein::175,0
Durg::75,drug_target_interaction,Protein::1167,0
Durg::322,drug_target_interaction,Protein::1175,0
Durg::348,drug_target_interaction,Protein::400,0
Durg::202,drug_target_interaction,Protein::7,0
Durg::61,drug_target_interaction,Protein::1151,0
Durg::193,drug_target_interaction,Protein::124,0
Durg::131,drug_target_interaction,Protein::635,0
Durg::445,drug_target_interaction,Protein::309,0
Durg::66,drug_target_interaction,Protein::330,0
Durg::694,drug_target_interaction,Protein::402,0
Durg::319,drug_target_interaction,Protein::452,0
Durg::259,drug_target_interaction,Protein::1166,0
Durg::638,drug_target_interaction,Protein::1175,0
Durg::696,drug_target_interaction,Protein::1167,0
Durg::226,drug_target_interaction,Protein::614,0
Durg::661,drug_target_interaction,Protein::310,0
Durg::179,drug_target_interaction,Protein::394,0
Durg::442,drug_target_interaction,Protein::72,0
Durg::239,drug_target_interaction,Protein::940,0
Durg::481,drug_target_interaction,Protein::1055,0
Durg::41,drug_target_interaction,Protein::617,0
Durg::587,drug_target_interaction,Protein::380,0
Durg::550,drug_target_interaction,Protein::549,0
Durg::118,drug_target_interaction,Protein::142,0
Durg::7,drug_target_interaction,Protein::408,0
Durg::381,drug_target_interaction,Protein::435,0
Durg::4,drug_target_interaction,Protein::433,0
Durg::658,drug_target_interaction,Protein::424,0
Durg::700,drug_target_interaction,Protein::160,0
Durg::412,drug_target_interaction,Protein::43,0
Durg::439,drug_target_interaction,Protein::300,0
Durg::383,drug_target_interaction,Protein::12,0
Durg::609,drug_target_interaction,Protein::989,0
Durg::400,drug_target_interaction,Protein::237,0
Durg::214,drug_target_interaction,Protein::663,0
Durg::288,drug_target_interaction,Protein::317,0
Durg::5,drug_target_interaction,Protein::144,0
Durg::315,drug_target_interaction,Protein::317,0
Durg::364,drug_target_interaction,Protein::164,0
Durg::662,drug_target_interaction,Protein::505,0
Durg::273,drug_target_interaction,Protein::31,0
Durg::463,drug_target_interaction,Protein::296,0
Durg::690,drug_target_interaction,Protein::1055,0
Durg::83,drug_target_interaction,Protein::527,0
Durg::548,drug_target_interaction,Protein::40,0
Durg::419,drug_target_interaction,Protein::442,0
Durg::537,drug_target_interaction,Protein::1138,0
Durg::374,drug_target_interaction,Protein::485,0
Durg::651,drug_target_interaction,Protein::466,0
Durg::368,drug_target_interaction,Protein::995,0
Durg::690,drug_target_interaction,Protein::207,0
Durg::311,drug_target_interaction,Protein::1506,0
Durg::668,drug_target_interaction,Protein::550,0
Durg::623,drug_target_interaction,Protein::569,0
Durg::2,drug_target_interaction,Protein::475,0
Durg::204,drug_target_interaction,Protein::145,0
Durg::534,drug_target_interaction,Protein::300,0
Durg::700,drug_target_interaction,Protein::400,0
Durg::171,drug_target_interaction,Protein::265,0
Durg::35,drug_target_interaction,Protein::642,0
Durg::156,drug_target_interaction,Protein::259,0
Durg::543,drug_target_interaction,Protein::1188,0
Durg::275,drug_target_interaction,Protein::335,0
Durg::612,drug_target_interaction,Protein::78,0
Durg::601,drug_target_interaction,Protein::526,0
Durg::423,drug_target_interaction,Protein::669,0
Durg::495,drug_target_interaction,Protein::428,0
Durg::30,drug_target_interaction,Protein::248,0
Durg::171,drug_target_interaction,Protein::266,0
Durg::222,drug_target_interaction,Protein::1503,0
Durg::468,drug_target_interaction,Protein::528,0
Durg::160,drug_target_interaction,Protein::640,0
Durg::330,drug_target_interaction,Protein::642,0
Durg::72,drug_target_interaction,Protein::85,0
Durg::299,drug_target_interaction,Protein::485,0
Durg::621,drug_target_interaction,Protein::993,0
Durg::607,drug_target_interaction,Protein::563,0
Durg::175,drug_target_interaction,Protein::155,0
Durg::152,drug_target_interaction,Protein::389,0
Durg::396,drug_target_interaction,Protein::429,0
Durg::488,drug_target_interaction,Protein::311,0
Durg::458,drug_target_interaction,Protein::265,0
Durg::133,drug_target_interaction,Protein::554,0
Durg::348,drug_target_interaction,Protein::720,0
Durg::586,drug_target_interaction,Protein::82,0
Durg::491,drug_target_interaction,Protein::421,0
Durg::680,drug_target_interaction,Protein::637,0
Durg::408,drug_target_interaction,Protein::75,0
Durg::54,drug_target_interaction,Protein::483,0
Durg::294,drug_target_interaction,Protein::424,0
Durg::370,drug_target_interaction,Protein::853,0
Durg::514,drug_target_interaction,Protein::637,0
Durg::549,drug_target_interaction,Protein::1177,0
Durg::190,drug_target_interaction,Protein::515,0
Durg::485,drug_target_interaction,Protein::860,0
Durg::618,drug_target_interaction,Protein::1184,0
Durg::298,drug_target_interaction,Protein::244,0
Durg::702,drug_target_interaction,Protein::1160,0
Durg::420,drug_target_interaction,Protein::1167,0
Durg::672,drug_target_interaction,Protein::592,0
Durg::691,drug_target_interaction,Protein::232,0
Durg::473,drug_target_interaction,Protein::136,0
Durg::315,drug_target_interaction,Protein::484,0
Durg::471,drug_target_interaction,Protein::340,0
Durg::61,drug_target_interaction,Protein::273,0
Durg::379,drug_target_interaction,Protein::1164,0
Durg::345,drug_target_interaction,Protein::421,0
Durg::351,drug_target_interaction,Protein::472,0
Durg::540,drug_target_interaction,Protein::605,0
Durg::31,drug_target_interaction,Protein::1009,0
Durg::504,drug_target_interaction,Protein::1161,0
Durg::458,drug_target_interaction,Protein::140,0
Durg::433,drug_target_interaction,Protein::278,0
Durg::460,drug_target_interaction,Protein::428,0
Durg::454,drug_target_interaction,Protein::358,0
Durg::252,drug_target_interaction,Protein::851,0
Durg::85,drug_target_interaction,Protein::550,0
Durg::405,drug_target_interaction,Protein::1060,0
Durg::205,drug_target_interaction,Protein::335,0
Durg::643,drug_target_interaction,Protein::71,0
Durg::693,drug_target_interaction,Protein::201,0
Durg::433,drug_target_interaction,Protein::1165,0
Durg::534,drug_target_interaction,Protein::1152,0
Durg::160,drug_target_interaction,Protein::924,0
Durg::628,drug_target_interaction,Protein::1187,0
Durg::225,drug_target_interaction,Protein::581,0
Durg::12,drug_target_interaction,Protein::487,0
Durg::643,drug_target_interaction,Protein::994,0
Durg::359,drug_target_interaction,Protein::18,0
Durg::593,drug_target_interaction,Protein::279,0
Durg::508,drug_target_interaction,Protein::200,0
Durg::689,drug_target_interaction,Protein::259,0
Durg::9,drug_target_interaction,Protein::569,0
Durg::71,drug_target_interaction,Protein::1203,0
Durg::289,drug_target_interaction,Protein::14,0
Durg::677,drug_target_interaction,Protein::223,0
Durg::321,drug_target_interaction,Protein::482,0
Durg::540,drug_target_interaction,Protein::742,0
Durg::441,drug_target_interaction,Protein::1138,0
Durg::242,drug_target_interaction,Protein::241,0
Durg::42,drug_target_interaction,Protein::453,0
Durg::369,drug_target_interaction,Protein::106,0
Durg::606,drug_target_interaction,Protein::138,0
Durg::133,drug_target_interaction,Protein::538,0
Durg::261,drug_target_interaction,Protein::1011,0
Durg::436,drug_target_interaction,Protein::296,0
Durg::15,drug_target_interaction,Protein::207,0
Durg::366,drug_target_interaction,Protein::1176,0
Durg::12,drug_target_interaction,Protein::1176,0
Durg::122,drug_target_interaction,Protein::992,0
Durg::309,drug_target_interaction,Protein::460,0
Durg::335,drug_target_interaction,Protein::1196,0
Durg::358,drug_target_interaction,Protein::994,0
Durg::287,drug_target_interaction,Protein::496,0
Durg::269,drug_target_interaction,Protein::647,0
Durg::492,drug_target_interaction,Protein::648,0
Durg::536,drug_target_interaction,Protein::71,0
Durg::332,drug_target_interaction,Protein::315,0
Durg::373,drug_target_interaction,Protein::98,0
Durg::243,drug_target_interaction,Protein::98,0
Durg::225,drug_target_interaction,Protein::484,0
Durg::25,drug_target_interaction,Protein::346,0
Durg::362,drug_target_interaction,Protein::694,0
Durg::378,drug_target_interaction,Protein::546,0
Durg::24,drug_target_interaction,Protein::857,0
Durg::352,drug_target_interaction,Protein::1010,0
Durg::210,drug_target_interaction,Protein::610,0
Durg::339,drug_target_interaction,Protein::139,0
Durg::559,drug_target_interaction,Protein::120,0
Durg::111,drug_target_interaction,Protein::362,0
Durg::448,drug_target_interaction,Protein::142,0
Durg::377,drug_target_interaction,Protein::614,0
Durg::516,drug_target_interaction,Protein::859,0
Durg::205,drug_target_interaction,Protein::390,0
Durg::126,drug_target_interaction,Protein::514,0
Durg::30,drug_target_interaction,Protein::1504,0
Durg::524,drug_target_interaction,Protein::200,0
Durg::125,drug_target_interaction,Protein::475,0
Durg::503,drug_target_interaction,Protein::357,0
Durg::217,drug_target_interaction,Protein::141,0
Durg::156,drug_target_interaction,Protein::90,0
Durg::131,drug_target_interaction,Protein::89,0
Durg::581,drug_target_interaction,Protein::322,0
Durg::349,drug_target_interaction,Protein::1185,0
Durg::413,drug_target_interaction,Protein::720,0
Durg::398,drug_target_interaction,Protein::987,0
Durg::172,drug_target_interaction,Protein::783,0
Durg::277,drug_target_interaction,Protein::40,0
Durg::405,drug_target_interaction,Protein::2,0
Durg::17,drug_target_interaction,Protein::1153,0
Durg::582,drug_target_interaction,Protein::170,0
Durg::573,drug_target_interaction,Protein::426,0
Durg::409,drug_target_interaction,Protein::857,0
Durg::60,drug_target_interaction,Protein::1155,0
Durg::370,drug_target_interaction,Protein::319,0
Durg::182,drug_target_interaction,Protein::426,0
Durg::406,drug_target_interaction,Protein::924,0
Durg::109,drug_target_interaction,Protein::424,0
Durg::262,drug_target_interaction,Protein::418,0
Durg::366,drug_target_interaction,Protein::423,0
Durg::400,drug_target_interaction,Protein::433,0
Durg::459,drug_target_interaction,Protein::990,0
Durg::396,drug_target_interaction,Protein::924,0
Durg::213,drug_target_interaction,Protein::1174,0
Durg::195,drug_target_interaction,Protein::318,0
Durg::675,drug_target_interaction,Protein::1196,0
Durg::682,drug_target_interaction,Protein::857,0
Durg::641,drug_target_interaction,Protein::1508,0
Durg::618,drug_target_interaction,Protein::1148,0
Durg::439,drug_target_interaction,Protein::330,0
Durg::433,drug_target_interaction,Protein::317,0
Durg::495,drug_target_interaction,Protein::516,0
Durg::374,drug_target_interaction,Protein::361,0
Durg::225,drug_target_interaction,Protein::181,0
Durg::682,drug_target_interaction,Protein::646,0
Durg::38,drug_target_interaction,Protein::538,0
Durg::168,drug_target_interaction,Protein::657,0
Durg::152,drug_target_interaction,Protein::335,0
Durg::618,drug_target_interaction,Protein::1183,0
Durg::182,drug_target_interaction,Protein::853,0
Durg::662,drug_target_interaction,Protein::98,0
Durg::644,drug_target_interaction,Protein::289,0
Durg::433,drug_target_interaction,Protein::390,0
Durg::462,drug_target_interaction,Protein::727,0
Durg::110,drug_target_interaction,Protein::1173,0
Durg::613,drug_target_interaction,Protein::742,0
Durg::262,drug_target_interaction,Protein::291,0
Durg::303,drug_target_interaction,Protein::1164,0
Durg::19,drug_target_interaction,Protein::78,0
Durg::697,drug_target_interaction,Protein::62,0
Durg::317,drug_target_interaction,Protein::1184,0
Durg::103,drug_target_interaction,Protein::429,0
Durg::83,drug_target_interaction,Protein::1148,0
Durg::389,drug_target_interaction,Protein::1029,0
Durg::197,drug_target_interaction,Protein::413,0
Durg::363,drug_target_interaction,Protein::48,0
Durg::552,drug_target_interaction,Protein::1151,0
Durg::645,drug_target_interaction,Protein::120,0
Durg::41,drug_target_interaction,Protein::315,0
Durg::695,drug_target_interaction,Protein::260,0
Durg::322,drug_target_interaction,Protein::221,0
Durg::290,drug_target_interaction,Protein::1015,0
Durg::430,drug_target_interaction,Protein::1502,0
Durg::381,drug_target_interaction,Protein::340,0
Durg::593,drug_target_interaction,Protein::814,0
Durg::554,drug_target_interaction,Protein::112,0
Durg::217,drug_target_interaction,Protein::1164,0
Durg::101,drug_target_interaction,Protein::988,0
Durg::68,drug_target_interaction,Protein::722,0
Durg::174,drug_target_interaction,Protein::1381,0
Durg::530,drug_target_interaction,Protein::1188,0
Durg::345,drug_target_interaction,Protein::512,0
Durg::616,drug_target_interaction,Protein::1201,0
Durg::252,drug_target_interaction,Protein::272,0
Durg::178,drug_target_interaction,Protein::654,0
Durg::703,drug_target_interaction,Protein::6,0
Durg::10,drug_target_interaction,Protein::244,0
Durg::312,drug_target_interaction,Protein::241,0
Durg::346,drug_target_interaction,Protein::290,0
Durg::599,drug_target_interaction,Protein::269,0
Durg::662,drug_target_interaction,Protein::778,0
Durg::303,drug_target_interaction,Protein::470,0
Durg::349,drug_target_interaction,Protein::1011,0
Durg::125,drug_target_interaction,Protein::1175,0
Durg::195,drug_target_interaction,Protein::1167,0
Durg::240,drug_target_interaction,Protein::408,0
Durg::264,drug_target_interaction,Protein::1066,0
Durg::340,drug_target_interaction,Protein::985,0
Durg::227,drug_target_interaction,Protein::150,0
Durg::478,drug_target_interaction,Protein::39,0
Durg::239,drug_target_interaction,Protein::317,0
Durg::75,drug_target_interaction,Protein::320,0
Durg::99,drug_target_interaction,Protein::991,0
Durg::552,drug_target_interaction,Protein::783,0
Durg::486,drug_target_interaction,Protein::853,0
Durg::388,drug_target_interaction,Protein::665,0
Durg::311,drug_target_interaction,Protein::1029,0
Durg::656,drug_target_interaction,Protein::279,0
Durg::672,drug_target_interaction,Protein::248,0
Durg::408,drug_target_interaction,Protein::545,0
Durg::327,drug_target_interaction,Protein::992,0
Durg::461,drug_target_interaction,Protein::207,0
Durg::281,drug_target_interaction,Protein::101,0
Durg::381,drug_target_interaction,Protein::670,0
Durg::373,drug_target_interaction,Protein::568,0
Durg::130,drug_target_interaction,Protein::1160,0
Durg::544,drug_target_interaction,Protein::1164,0
Durg::90,drug_target_interaction,Protein::117,0
Durg::546,drug_target_interaction,Protein::1060,0
Durg::549,drug_target_interaction,Protein::665,0
Durg::36,drug_target_interaction,Protein::362,0
Durg::678,drug_target_interaction,Protein::327,0
Durg::500,drug_target_interaction,Protein::1174,0
Durg::439,drug_target_interaction,Protein::550,0
Durg::364,drug_target_interaction,Protein::1183,0
Durg::259,drug_target_interaction,Protein::64,0
Durg::697,drug_target_interaction,Protein::1034,0
Durg::459,drug_target_interaction,Protein::246,0
Durg::27,drug_target_interaction,Protein::40,0
Durg::335,drug_target_interaction,Protein::278,0
Durg::255,drug_target_interaction,Protein::246,0
Durg::179,drug_target_interaction,Protein::433,0
Durg::224,drug_target_interaction,Protein::296,0
Durg::401,drug_target_interaction,Protein::2,0
Durg::69,drug_target_interaction,Protein::1165,0
Durg::669,drug_target_interaction,Protein::232,0
Durg::232,drug_target_interaction,Protein::183,0
Durg::338,drug_target_interaction,Protein::442,0
Durg::337,drug_target_interaction,Protein::19,0
Durg::582,drug_target_interaction,Protein::1201,0
Durg::363,drug_target_interaction,Protein::85,0
Durg::600,drug_target_interaction,Protein::67,0
Durg::255,drug_target_interaction,Protein::1010,0
Durg::431,drug_target_interaction,Protein::642,0
Durg::580,drug_target_interaction,Protein::574,0
Durg::626,drug_target_interaction,Protein::470,0
Durg::375,drug_target_interaction,Protein::71,0
Durg::84,drug_target_interaction,Protein::1202,0
Durg::375,drug_target_interaction,Protein::423,0
Durg::369,drug_target_interaction,Protein::60,0
Durg::364,drug_target_interaction,Protein::101,0
Durg::564,drug_target_interaction,Protein::1148,0
Durg::607,drug_target_interaction,Protein::433,0
Durg::668,drug_target_interaction,Protein::260,0
Durg::144,drug_target_interaction,Protein::1174,0
Durg::672,drug_target_interaction,Protein::621,0
Durg::451,drug_target_interaction,Protein::408,0
Durg::183,drug_target_interaction,Protein::985,0
Durg::164,drug_target_interaction,Protein::346,0
Durg::401,drug_target_interaction,Protein::592,0
Durg::544,drug_target_interaction,Protein::990,0
Durg::372,drug_target_interaction,Protein::624,0
Durg::622,drug_target_interaction,Protein::696,0
Durg::302,drug_target_interaction,Protein::617,0
Durg::265,drug_target_interaction,Protein::588,0
Durg::494,drug_target_interaction,Protein::150,0
Durg::358,drug_target_interaction,Protein::300,0
Durg::40,drug_target_interaction,Protein::312,0
Durg::496,drug_target_interaction,Protein::428,0
Durg::126,drug_target_interaction,Protein::94,0
Durg::217,drug_target_interaction,Protein::288,0
Durg::338,drug_target_interaction,Protein::88,0
Durg::272,drug_target_interaction,Protein::6,0
Durg::70,drug_target_interaction,Protein::1153,0
Durg::112,drug_target_interaction,Protein::309,0
Durg::87,drug_target_interaction,Protein::326,0
Durg::479,drug_target_interaction,Protein::1015,0
Durg::450,drug_target_interaction,Protein::477,0
Durg::485,drug_target_interaction,Protein::2,0
Durg::418,drug_target_interaction,Protein::1150,0
Durg::334,drug_target_interaction,Protein::160,0
Durg::251,drug_target_interaction,Protein::1187,0
Durg::658,drug_target_interaction,Protein::123,0
Durg::383,drug_target_interaction,Protein::43,0
Durg::294,drug_target_interaction,Protein::75,0
Durg::276,drug_target_interaction,Protein::528,0
Durg::594,drug_target_interaction,Protein::170,0
Durg::23,drug_target_interaction,Protein::290,0
Durg::195,drug_target_interaction,Protein::290,0
Durg::83,drug_target_interaction,Protein::1172,0
Durg::62,drug_target_interaction,Protein::924,0
Durg::302,drug_target_interaction,Protein::613,0
Durg::77,drug_target_interaction,Protein::264,0
Durg::394,drug_target_interaction,Protein::418,0
Durg::128,drug_target_interaction,Protein::744,0
Durg::273,drug_target_interaction,Protein::72,0
Durg::506,drug_target_interaction,Protein::554,0
Durg::433,drug_target_interaction,Protein::261,0
Durg::20,drug_target_interaction,Protein::518,0
Durg::236,drug_target_interaction,Protein::717,0
Durg::214,drug_target_interaction,Protein::433,0
Durg::80,drug_target_interaction,Protein::461,0
Durg::138,drug_target_interaction,Protein::84,0
Durg::375,drug_target_interaction,Protein::493,0
Durg::32,drug_target_interaction,Protein::206,0
Durg::659,drug_target_interaction,Protein::737,0
Durg::225,drug_target_interaction,Protein::1176,0
Durg::230,drug_target_interaction,Protein::142,0
Durg::372,drug_target_interaction,Protein::1161,0
Durg::71,drug_target_interaction,Protein::990,0
Durg::697,drug_target_interaction,Protein::994,0
Durg::58,drug_target_interaction,Protein::1176,0
Durg::280,drug_target_interaction,Protein::368,0
Durg::143,drug_target_interaction,Protein::170,0
Durg::3,drug_target_interaction,Protein::452,0
Durg::159,drug_target_interaction,Protein::6,0
Durg::343,drug_target_interaction,Protein::108,0
Durg::450,drug_target_interaction,Protein::319,0
Durg::244,drug_target_interaction,Protein::312,0
Durg::310,drug_target_interaction,Protein::424,0
Durg::50,drug_target_interaction,Protein::496,0
Durg::549,drug_target_interaction,Protein::487,0
Durg::579,drug_target_interaction,Protein::856,0
Durg::480,drug_target_interaction,Protein::992,0
Durg::159,drug_target_interaction,Protein::717,0
Durg::195,drug_target_interaction,Protein::646,0
Durg::460,drug_target_interaction,Protein::1504,0
Durg::19,drug_target_interaction,Protein::994,0
Durg::333,drug_target_interaction,Protein::581,0
Durg::41,drug_target_interaction,Protein::992,0
Durg::153,drug_target_interaction,Protein::1152,0
Durg::102,drug_target_interaction,Protein::988,0
Durg::680,drug_target_interaction,Protein::195,0
Durg::469,drug_target_interaction,Protein::1010,0
Durg::17,drug_target_interaction,Protein::470,0
Durg::174,drug_target_interaction,Protein::276,0
Durg::308,drug_target_interaction,Protein::665,0
Durg::514,drug_target_interaction,Protein::73,0
Durg::398,drug_target_interaction,Protein::1161,0
Durg::281,drug_target_interaction,Protein::993,0
Durg::300,drug_target_interaction,Protein::290,0
Durg::306,drug_target_interaction,Protein::663,0
Durg::613,drug_target_interaction,Protein::1185,0
Durg::401,drug_target_interaction,Protein::90,0
Durg::114,drug_target_interaction,Protein::208,0
Durg::703,drug_target_interaction,Protein::857,0
Durg::191,drug_target_interaction,Protein::279,0
Durg::582,drug_target_interaction,Protein::21,0
Durg::321,drug_target_interaction,Protein::466,0
Durg::278,drug_target_interaction,Protein::34,0
Durg::255,drug_target_interaction,Protein::1155,0
Durg::626,drug_target_interaction,Protein::592,0
Durg::329,drug_target_interaction,Protein::727,0
Durg::233,drug_target_interaction,Protein::265,0
Durg::112,drug_target_interaction,Protein::42,0
Durg::101,drug_target_interaction,Protein::617,0
Durg::329,drug_target_interaction,Protein::1381,0
Durg::661,drug_target_interaction,Protein::60,0
Durg::534,drug_target_interaction,Protein::985,0
Durg::47,drug_target_interaction,Protein::461,0
Durg::197,drug_target_interaction,Protein::1139,0
Durg::553,drug_target_interaction,Protein::64,0
Durg::298,drug_target_interaction,Protein::195,0
Durg::194,drug_target_interaction,Protein::60,0
Durg::278,drug_target_interaction,Protein::1503,0
Durg::343,drug_target_interaction,Protein::927,0
Durg::607,drug_target_interaction,Protein::309,0
Durg::271,drug_target_interaction,Protein::1181,0
Durg::309,drug_target_interaction,Protein::266,0
Durg::100,drug_target_interaction,Protein::1055,0
Durg::536,drug_target_interaction,Protein::744,0
Durg::95,drug_target_interaction,Protein::707,0
Durg::550,drug_target_interaction,Protein::295,0
Durg::632,drug_target_interaction,Protein::625,0
Durg::134,drug_target_interaction,Protein::486,0
Durg::526,drug_target_interaction,Protein::84,0
Durg::627,drug_target_interaction,Protein::266,0
Durg::509,drug_target_interaction,Protein::858,0
Durg::141,drug_target_interaction,Protein::554,0
Durg::163,drug_target_interaction,Protein::140,0
Durg::131,drug_target_interaction,Protein::663,0
Durg::677,drug_target_interaction,Protein::322,0
Durg::495,drug_target_interaction,Protein::170,0
Durg::625,drug_target_interaction,Protein::423,0
Durg::455,drug_target_interaction,Protein::487,0
Durg::340,drug_target_interaction,Protein::1202,0
Durg::481,drug_target_interaction,Protein::617,0
Durg::692,drug_target_interaction,Protein::427,0
Durg::396,drug_target_interaction,Protein::28,0
Durg::5,drug_target_interaction,Protein::514,0
Durg::7,drug_target_interaction,Protein::185,0
Durg::356,drug_target_interaction,Protein::859,0
Durg::633,drug_target_interaction,Protein::206,0
Durg::460,drug_target_interaction,Protein::88,0
Durg::704,drug_target_interaction,Protein::289,0
Durg::49,drug_target_interaction,Protein::225,0
Durg::115,drug_target_interaction,Protein::39,0
Durg::127,drug_target_interaction,Protein::1153,0
Durg::489,drug_target_interaction,Protein::984,0
Durg::462,drug_target_interaction,Protein::526,0
Durg::609,drug_target_interaction,Protein::136,0
Durg::460,drug_target_interaction,Protein::1148,0
Durg::100,drug_target_interaction,Protein::1166,0
Durg::269,drug_target_interaction,Protein::42,0
Durg::418,drug_target_interaction,Protein::263,0
Durg::252,drug_target_interaction,Protein::141,0
Durg::476,drug_target_interaction,Protein::427,0
Durg::0,drug_target_interaction,Protein::127,0
Durg::645,drug_target_interaction,Protein::83,0
Durg::211,drug_target_interaction,Protein::175,0
Durg::347,drug_target_interaction,Protein::320,0
Durg::278,drug_target_interaction,Protein::1060,0
Durg::586,drug_target_interaction,Protein::516,0
Durg::16,drug_target_interaction,Protein::514,0
Durg::448,drug_target_interaction,Protein::538,0
Durg::154,drug_target_interaction,Protein::550,0
Durg::522,drug_target_interaction,Protein::260,0
Durg::341,drug_target_interaction,Protein::493,0
Durg::541,drug_target_interaction,Protein::6,0
Durg::225,drug_target_interaction,Protein::1148,0
Durg::423,drug_target_interaction,Protein::424,0
Durg::289,drug_target_interaction,Protein::418,0
Durg::363,drug_target_interaction,Protein::108,0
Durg::217,drug_target_interaction,Protein::206,0
Durg::273,drug_target_interaction,Protein::482,0
Durg::298,drug_target_interaction,Protein::302,0
Durg::47,drug_target_interaction,Protein::296,0
Durg::74,drug_target_interaction,Protein::485,0
Durg::412,drug_target_interaction,Protein::32,0
Durg::560,drug_target_interaction,Protein::924,0
Durg::253,drug_target_interaction,Protein::657,0
Durg::316,drug_target_interaction,Protein::368,0
Durg::238,drug_target_interaction,Protein::1006,0
Durg::471,drug_target_interaction,Protein::989,0
Durg::596,drug_target_interaction,Protein::361,0
Durg::610,drug_target_interaction,Protein::1163,0
Durg::201,drug_target_interaction,Protein::401,0
Durg::536,drug_target_interaction,Protein::1508,0
Durg::345,drug_target_interaction,Protein::918,0
Durg::311,drug_target_interaction,Protein::435,0
Durg::371,drug_target_interaction,Protein::260,0
Durg::702,drug_target_interaction,Protein::440,0
Durg::409,drug_target_interaction,Protein::931,0
Durg::700,drug_target_interaction,Protein::170,0
Durg::298,drug_target_interaction,Protein::545,0
Durg::703,drug_target_interaction,Protein::727,0
Durg::683,drug_target_interaction,Protein::1022,0
Durg::6,drug_target_interaction,Protein::588,0
Durg::624,drug_target_interaction,Protein::526,0
Durg::370,drug_target_interaction,Protein::482,0
Durg::87,drug_target_interaction,Protein::315,0
Durg::460,drug_target_interaction,Protein::995,0
Durg::100,drug_target_interaction,Protein::583,0
Durg::199,drug_target_interaction,Protein::1041,0
Durg::172,drug_target_interaction,Protein::918,0
Durg::454,drug_target_interaction,Protein::326,0
Durg::90,drug_target_interaction,Protein::1166,0
Durg::75,drug_target_interaction,Protein::346,0
Durg::358,drug_target_interaction,Protein::261,0
Durg::585,drug_target_interaction,Protein::694,0
Durg::584,drug_target_interaction,Protein::75,0
Durg::247,drug_target_interaction,Protein::289,0
Durg::6,drug_target_interaction,Protein::665,0
Durg::675,drug_target_interaction,Protein::918,0
Durg::553,drug_target_interaction,Protein::340,0
Durg::508,drug_target_interaction,Protein::89,0
Durg::179,drug_target_interaction,Protein::358,0
Durg::675,drug_target_interaction,Protein::527,0
Durg::363,drug_target_interaction,Protein::859,0
Durg::15,drug_target_interaction,Protein::916,0
Durg::111,drug_target_interaction,Protein::143,0
Durg::153,drug_target_interaction,Protein::717,0
Durg::694,drug_target_interaction,Protein::573,0
Durg::503,drug_target_interaction,Protein::561,0
Durg::538,drug_target_interaction,Protein::709,0
Durg::140,drug_target_interaction,Protein::605,0
Durg::476,drug_target_interaction,Protein::669,0
Durg::415,drug_target_interaction,Protein::62,0
Durg::594,drug_target_interaction,Protein::273,0
Durg::443,drug_target_interaction,Protein::83,0
Durg::483,drug_target_interaction,Protein::150,0
Durg::602,drug_target_interaction,Protein::997,0
Durg::325,drug_target_interaction,Protein::589,0
Durg::188,drug_target_interaction,Protein::854,0
Durg::540,drug_target_interaction,Protein::466,0
Durg::379,drug_target_interaction,Protein::991,0
Durg::422,drug_target_interaction,Protein::141,0
Durg::474,drug_target_interaction,Protein::674,0
Durg::565,drug_target_interaction,Protein::624,0
Durg::560,drug_target_interaction,Protein::421,0
Durg::194,drug_target_interaction,Protein::1176,0
Durg::5,drug_target_interaction,Protein::773,0
Durg::406,drug_target_interaction,Protein::1163,0
Durg::160,drug_target_interaction,Protein::1066,0
Durg::264,drug_target_interaction,Protein::497,0
Durg::539,drug_target_interaction,Protein::34,0
Durg::350,drug_target_interaction,Protein::988,0
Durg::322,drug_target_interaction,Protein::657,0
Durg::133,drug_target_interaction,Protein::530,0
Durg::672,drug_target_interaction,Protein::10,0
Durg::413,drug_target_interaction,Protein::1166,0
Durg::627,drug_target_interaction,Protein::994,0
Durg::28,drug_target_interaction,Protein::43,0
Durg::588,drug_target_interaction,Protein::1174,0
Durg::493,drug_target_interaction,Protein::783,0
Durg::463,drug_target_interaction,Protein::993,0
Durg::693,drug_target_interaction,Protein::1146,0
Durg::449,drug_target_interaction,Protein::146,0
Durg::539,drug_target_interaction,Protein::1180,0
Durg::292,drug_target_interaction,Protein::1009,0
Durg::497,drug_target_interaction,Protein::31,0
Durg::32,drug_target_interaction,Protein::203,0
Durg::459,drug_target_interaction,Protein::924,0
Durg::230,drug_target_interaction,Protein::73,0
Durg::462,drug_target_interaction,Protein::261,0
Durg::85,drug_target_interaction,Protein::1169,0
Durg::459,drug_target_interaction,Protein::127,0
Durg::584,drug_target_interaction,Protein::39,0
Durg::704,drug_target_interaction,Protein::588,0
Durg::532,drug_target_interaction,Protein::991,0
Durg::355,drug_target_interaction,Protein::1170,0
Durg::685,drug_target_interaction,Protein::134,0
Durg::594,drug_target_interaction,Protein::276,0
Durg::477,drug_target_interaction,Protein::1167,0
Durg::516,drug_target_interaction,Protein::858,0
Durg::602,drug_target_interaction,Protein::322,0
Durg::214,drug_target_interaction,Protein::927,0
Durg::135,drug_target_interaction,Protein::18,0
Durg::243,drug_target_interaction,Protein::773,0
Durg::294,drug_target_interaction,Protein::1166,0
Durg::378,drug_target_interaction,Protein::1167,0
Durg::692,drug_target_interaction,Protein::395,0
Durg::199,drug_target_interaction,Protein::28,0
Durg::593,drug_target_interaction,Protein::495,0
Durg::89,drug_target_interaction,Protein::94,0
Durg::349,drug_target_interaction,Protein::408,0
Durg::164,drug_target_interaction,Protein::242,0
Durg::182,drug_target_interaction,Protein::439,0
Durg::141,drug_target_interaction,Protein::1181,0
Durg::410,drug_target_interaction,Protein::1167,0
Durg::703,drug_target_interaction,Protein::990,0
Durg::230,drug_target_interaction,Protein::854,0
Durg::541,drug_target_interaction,Protein::401,0
Durg::135,drug_target_interaction,Protein::550,0
Durg::521,drug_target_interaction,Protein::34,0
Durg::566,drug_target_interaction,Protein::18,0
Durg::651,drug_target_interaction,Protein::427,0
Durg::24,drug_target_interaction,Protein::164,0
Durg::28,drug_target_interaction,Protein::518,0
Durg::26,drug_target_interaction,Protein::160,0
Durg::298,drug_target_interaction,Protein::127,0
Durg::244,drug_target_interaction,Protein::449,0
Durg::335,drug_target_interaction,Protein::569,0
Durg::407,drug_target_interaction,Protein::138,0
Durg::184,drug_target_interaction,Protein::264,0
Durg::277,drug_target_interaction,Protein::442,0
Durg::698,drug_target_interaction,Protein::1150,0
Durg::516,drug_target_interaction,Protein::1164,0
Durg::632,drug_target_interaction,Protein::207,0
Durg::151,drug_target_interaction,Protein::360,0
Durg::442,drug_target_interaction,Protein::75,0
Durg::11,drug_target_interaction,Protein::114,0
Durg::473,drug_target_interaction,Protein::48,0
Durg::210,drug_target_interaction,Protein::430,0
Durg::23,drug_target_interaction,Protein::722,0
Durg::572,drug_target_interaction,Protein::996,0
Durg::170,drug_target_interaction,Protein::549,0
Durg::17,drug_target_interaction,Protein::402,0
Durg::528,drug_target_interaction,Protein::1164,0
Durg::94,drug_target_interaction,Protein::291,0
Durg::70,drug_target_interaction,Protein::916,0
Durg::695,drug_target_interaction,Protein::394,0
Durg::455,drug_target_interaction,Protein::859,0
Durg::355,drug_target_interaction,Protein::689,0
Durg::144,drug_target_interaction,Protein::737,0
Durg::616,drug_target_interaction,Protein::987,0
Durg::494,drug_target_interaction,Protein::1183,0
Durg::10,drug_target_interaction,Protein::272,0
Durg::8,drug_target_interaction,Protein::1151,0
Durg::261,drug_target_interaction,Protein::783,0
Durg::5,drug_target_interaction,Protein::426,0
Durg::462,drug_target_interaction,Protein::514,0
Durg::43,drug_target_interaction,Protein::675,0
Durg::283,drug_target_interaction,Protein::550,0
Durg::36,drug_target_interaction,Protein::317,0
Durg::554,drug_target_interaction,Protein::574,0
Durg::566,drug_target_interaction,Protein::90,0
Durg::499,drug_target_interaction,Protein::526,0
Durg::473,drug_target_interaction,Protein::140,0
Durg::410,drug_target_interaction,Protein::1151,0
Durg::159,drug_target_interaction,Protein::852,0
Durg::395,drug_target_interaction,Protein::181,0
Durg::445,drug_target_interaction,Protein::232,0
Durg::628,drug_target_interaction,Protein::10,0
Durg::7,drug_target_interaction,Protein::546,0
Durg::366,drug_target_interaction,Protein::272,0
Durg::61,drug_target_interaction,Protein::991,0
Durg::358,drug_target_interaction,Protein::330,0
Durg::500,drug_target_interaction,Protein::358,0
Durg::660,drug_target_interaction,Protein::421,0
Durg::154,drug_target_interaction,Protein::648,0
Durg::146,drug_target_interaction,Protein::185,0
Durg::662,drug_target_interaction,Protein::987,0
Durg::127,drug_target_interaction,Protein::1034,0
Durg::498,drug_target_interaction,Protein::656,0
Durg::11,drug_target_interaction,Protein::487,0
Durg::27,drug_target_interaction,Protein::330,0
Durg::324,drug_target_interaction,Protein::366,0
Durg::337,drug_target_interaction,Protein::40,0
Durg::88,drug_target_interaction,Protein::264,0
Durg::507,drug_target_interaction,Protein::318,0
Durg::63,drug_target_interaction,Protein::583,0
Durg::406,drug_target_interaction,Protein::663,0
Durg::141,drug_target_interaction,Protein::742,0
Durg::496,drug_target_interaction,Protein::994,0
Durg::439,drug_target_interaction,Protein::856,0
Durg::468,drug_target_interaction,Protein::995,0
Durg::680,drug_target_interaction,Protein::286,0
Durg::163,drug_target_interaction,Protein::744,0
Durg::615,drug_target_interaction,Protein::401,0
Durg::338,drug_target_interaction,Protein::670,0
Durg::632,drug_target_interaction,Protein::742,0
Durg::8,drug_target_interaction,Protein::496,0
Durg::85,drug_target_interaction,Protein::516,0
Durg::97,drug_target_interaction,Protein::1165,0
Durg::477,drug_target_interaction,Protein::546,0
Durg::230,drug_target_interaction,Protein::141,0
Durg::136,drug_target_interaction,Protein::81,0
Durg::667,drug_target_interaction,Protein::14,0
Durg::156,drug_target_interaction,Protein::918,0
Durg::623,drug_target_interaction,Protein::45,0
Durg::442,drug_target_interaction,Protein::32,0
Durg::118,drug_target_interaction,Protein::21,0
Durg::348,drug_target_interaction,Protein::6,0
Durg::17,drug_target_interaction,Protein::625,0
Durg::366,drug_target_interaction,Protein::1155,0
Durg::671,drug_target_interaction,Protein::189,0
Durg::352,drug_target_interaction,Protein::857,0
Durg::319,drug_target_interaction,Protein::407,0
Durg::481,drug_target_interaction,Protein::1161,0
Durg::480,drug_target_interaction,Protein::722,0
Durg::690,drug_target_interaction,Protein::265,0
Durg::422,drug_target_interaction,Protein::218,0
Durg::17,drug_target_interaction,Protein::259,0
Durg::677,drug_target_interaction,Protein::656,0
Durg::7,drug_target_interaction,Protein::563,0
Durg::612,drug_target_interaction,Protein::400,0
Durg::445,drug_target_interaction,Protein::592,0
Durg::148,drug_target_interaction,Protein::737,0
Durg::49,drug_target_interaction,Protein::707,0
Durg::388,drug_target_interaction,Protein::635,0
Durg::461,drug_target_interaction,Protein::1010,0
Durg::411,drug_target_interaction,Protein::264,0
Durg::199,drug_target_interaction,Protein::647,0
Durg::178,drug_target_interaction,Protein::32,0
Durg::584,drug_target_interaction,Protein::654,0
Durg::391,drug_target_interaction,Protein::90,0
Durg::226,drug_target_interaction,Protein::512,0
Durg::28,drug_target_interaction,Protein::276,0
Durg::338,drug_target_interaction,Protein::642,0
Durg::518,drug_target_interaction,Protein::407,0
Durg::310,drug_target_interaction,Protein::1381,0
Durg::539,drug_target_interaction,Protein::681,0
Durg::572,drug_target_interaction,Protein::665,0
Durg::184,drug_target_interaction,Protein::51,0
Durg::497,drug_target_interaction,Protein::362,0
Durg::250,drug_target_interaction,Protein::1155,0
Durg::134,drug_target_interaction,Protein::786,0
Durg::329,drug_target_interaction,Protein::260,0
Durg::656,drug_target_interaction,Protein::674,0
Durg::611,drug_target_interaction,Protein::78,0
Durg::345,drug_target_interaction,Protein::854,0
Durg::486,drug_target_interaction,Protein::916,0
Durg::542,drug_target_interaction,Protein::459,0
Durg::5,drug_target_interaction,Protein::149,0
Durg::25,drug_target_interaction,Protein::194,0
Durg::349,drug_target_interaction,Protein::25,0
Durg::146,drug_target_interaction,Protein::419,0
Durg::458,drug_target_interaction,Protein::570,0
Durg::210,drug_target_interaction,Protein::389,0
Durg::426,drug_target_interaction,Protein::927,0
Durg::429,drug_target_interaction,Protein::1177,0
Durg::341,drug_target_interaction,Protein::433,0
Durg::684,drug_target_interaction,Protein::778,0
Durg::103,drug_target_interaction,Protein::574,0
Durg::594,drug_target_interaction,Protein::185,0
Durg::514,drug_target_interaction,Protein::2,0
Durg::182,drug_target_interaction,Protein::149,0
Durg::624,drug_target_interaction,Protein::940,0
Durg::662,drug_target_interaction,Protein::527,0
Durg::15,drug_target_interaction,Protein::401,0
Durg::273,drug_target_interaction,Protein::419,0
Durg::441,drug_target_interaction,Protein::1163,0
Durg::369,drug_target_interaction,Protein::1299,0
Durg::676,drug_target_interaction,Protein::401,0
Durg::131,drug_target_interaction,Protein::241,0
Durg::675,drug_target_interaction,Protein::315,0
Durg::26,drug_target_interaction,Protein::42,0
Durg::154,drug_target_interaction,Protein::170,0
Durg::425,drug_target_interaction,Protein::745,0
Durg::86,drug_target_interaction,Protein::164,0
Durg::359,drug_target_interaction,Protein::1138,0
Durg::288,drug_target_interaction,Protein::312,0
Durg::332,drug_target_interaction,Protein::588,0
Durg::86,drug_target_interaction,Protein::218,0
Durg::436,drug_target_interaction,Protein::310,0
Durg::204,drug_target_interaction,Protein::413,0
Durg::345,drug_target_interaction,Protein::477,0
Durg::518,drug_target_interaction,Protein::742,0
Durg::89,drug_target_interaction,Protein::419,0
Durg::299,drug_target_interaction,Protein::240,0
Durg::146,drug_target_interaction,Protein::509,0
Durg::354,drug_target_interaction,Protein::1041,0
Durg::408,drug_target_interaction,Protein::665,0
Durg::410,drug_target_interaction,Protein::374,0
Durg::314,drug_target_interaction,Protein::223,0
Durg::383,drug_target_interaction,Protein::924,0
Durg::308,drug_target_interaction,Protein::13,0
Durg::442,drug_target_interaction,Protein::407,0
Durg::152,drug_target_interaction,Protein::987,0
Durg::299,drug_target_interaction,Protein::1155,0
Durg::491,drug_target_interaction,Protein::997,0
Durg::99,drug_target_interaction,Protein::418,0
Durg::396,drug_target_interaction,Protein::261,0
Durg::287,drug_target_interaction,Protein::570,0
Durg::319,drug_target_interaction,Protein::315,0
Durg::194,drug_target_interaction,Protein::120,0
Durg::294,drug_target_interaction,Protein::286,0
Durg::16,drug_target_interaction,Protein::422,0
Durg::366,drug_target_interaction,Protein::1041,0
Durg::26,drug_target_interaction,Protein::493,0
Durg::441,drug_target_interaction,Protein::150,0
Durg::466,drug_target_interaction,Protein::73,0
Durg::586,drug_target_interaction,Protein::401,0
Durg::302,drug_target_interaction,Protein::1162,0
Durg::138,drug_target_interaction,Protein::985,0
Durg::521,drug_target_interaction,Protein::453,0
Durg::541,drug_target_interaction,Protein::78,0
Durg::692,drug_target_interaction,Protein::401,0
Durg::655,drug_target_interaction,Protein::487,0
Durg::682,drug_target_interaction,Protein::160,0
Durg::378,drug_target_interaction,Protein::394,0
Durg::521,drug_target_interaction,Protein::196,0
Durg::492,drug_target_interaction,Protein::433,0
Durg::306,drug_target_interaction,Protein::477,0
Durg::379,drug_target_interaction,Protein::368,0
Durg::112,drug_target_interaction,Protein::439,0
Durg::101,drug_target_interaction,Protein::495,0
Durg::69,drug_target_interaction,Protein::72,0
Durg::182,drug_target_interaction,Protein::208,0
Durg::534,drug_target_interaction,Protein::315,0
Durg::433,drug_target_interaction,Protein::744,0
Durg::481,drug_target_interaction,Protein::290,0
Durg::254,drug_target_interaction,Protein::450,0
Durg::540,drug_target_interaction,Protein::1188,0
Durg::522,drug_target_interaction,Protein::18,0
Durg::114,drug_target_interaction,Protein::407,0
Durg::432,drug_target_interaction,Protein::67,0
Durg::65,drug_target_interaction,Protein::1155,0
Durg::259,drug_target_interaction,Protein::394,0
Durg::327,drug_target_interaction,Protein::160,0
Durg::601,drug_target_interaction,Protein::495,0
Durg::408,drug_target_interaction,Protein::493,0
Durg::661,drug_target_interaction,Protein::1202,0
Durg::463,drug_target_interaction,Protein::418,0
Durg::15,drug_target_interaction,Protein::151,0
Durg::675,drug_target_interaction,Protein::817,0
Durg::99,drug_target_interaction,Protein::428,0
Durg::365,drug_target_interaction,Protein::610,0
Durg::330,drug_target_interaction,Protein::524,0
Durg::70,drug_target_interaction,Protein::136,0
Durg::685,drug_target_interaction,Protein::1164,0
Durg::489,drug_target_interaction,Protein::208,0
Durg::410,drug_target_interaction,Protein::442,0
Durg::613,drug_target_interaction,Protein::136,0
Durg::344,drug_target_interaction,Protein::383,0
Durg::596,drug_target_interaction,Protein::260,0
Durg::388,drug_target_interaction,Protein::853,0
Durg::71,drug_target_interaction,Protein::31,0
Durg::131,drug_target_interaction,Protein::918,0
Durg::523,drug_target_interaction,Protein::786,0
Durg::191,drug_target_interaction,Protein::300,0
Durg::193,drug_target_interaction,Protein::400,0
Durg::366,drug_target_interaction,Protein::225,0
Durg::628,drug_target_interaction,Protein::518,0
Durg::28,drug_target_interaction,Protein::374,0
Durg::71,drug_target_interaction,Protein::330,0
Durg::500,drug_target_interaction,Protein::1151,0
Durg::561,drug_target_interaction,Protein::368,0
Durg::658,drug_target_interaction,Protein::296,0
Durg::661,drug_target_interaction,Protein::497,0
Durg::201,drug_target_interaction,Protein::613,0
Durg::343,drug_target_interaction,Protein::419,0
Durg::610,drug_target_interaction,Protein::1167,0
Durg::285,drug_target_interaction,Protein::656,0
Durg::445,drug_target_interaction,Protein::1185,0
Durg::663,drug_target_interaction,Protein::85,0
Durg::521,drug_target_interaction,Protein::1155,0
Durg::32,drug_target_interaction,Protein::149,0
Durg::193,drug_target_interaction,Protein::694,0
Durg::71,drug_target_interaction,Protein::1015,0
Durg::540,drug_target_interaction,Protein::25,0
Durg::259,drug_target_interaction,Protein::263,0
Durg::652,drug_target_interaction,Protein::648,0
Durg::669,drug_target_interaction,Protein::140,0
Durg::420,drug_target_interaction,Protein::302,0
Durg::77,drug_target_interaction,Protein::1188,0
Durg::401,drug_target_interaction,Protein::246,0
Durg::358,drug_target_interaction,Protein::613,0
Durg::179,drug_target_interaction,Protein::1180,0
Durg::455,drug_target_interaction,Protein::146,0
Durg::436,drug_target_interaction,Protein::114,0
Durg::622,drug_target_interaction,Protein::99,0
Durg::571,drug_target_interaction,Protein::1166,0
Durg::22,drug_target_interaction,Protein::654,0
Durg::690,drug_target_interaction,Protein::155,0
Durg::663,drug_target_interaction,Protein::569,0
Durg::492,drug_target_interaction,Protein::1186,0
Durg::278,drug_target_interaction,Protein::485,0
Durg::309,drug_target_interaction,Protein::984,0
Durg::427,drug_target_interaction,Protein::922,0
Durg::450,drug_target_interaction,Protein::18,0
Durg::160,drug_target_interaction,Protein::390,0
Durg::446,drug_target_interaction,Protein::195,0
Durg::341,drug_target_interaction,Protein::512,0
Durg::6,drug_target_interaction,Protein::786,0
Durg::242,drug_target_interaction,Protein::1161,0
Durg::474,drug_target_interaction,Protein::817,0
Durg::420,drug_target_interaction,Protein::1187,0
Durg::633,drug_target_interaction,Protein::496,0
Durg::377,drug_target_interaction,Protein::90,0
Durg::400,drug_target_interaction,Protein::326,0
Durg::279,drug_target_interaction,Protein::200,0
Durg::397,drug_target_interaction,Protein::1153,0
Durg::436,drug_target_interaction,Protein::554,0
Durg::85,drug_target_interaction,Protein::260,0
Durg::75,drug_target_interaction,Protein::121,0
Durg::676,drug_target_interaction,Protein::13,0
Durg::115,drug_target_interaction,Protein::450,0
Durg::500,drug_target_interaction,Protein::83,0
Durg::394,drug_target_interaction,Protein::319,0
Durg::317,drug_target_interaction,Protein::1139,0
Durg::581,drug_target_interaction,Protein::21,0
Durg::454,drug_target_interaction,Protein::1188,0
Durg::561,drug_target_interaction,Protein::1029,0
Durg::85,drug_target_interaction,Protein::1503,0
Durg::570,drug_target_interaction,Protein::418,0
Durg::475,drug_target_interaction,Protein::1163,0
Durg::301,drug_target_interaction,Protein::78,0
Durg::569,drug_target_interaction,Protein::429,0
Durg::146,drug_target_interaction,Protein::195,0
Durg::393,drug_target_interaction,Protein::1160,0
Durg::114,drug_target_interaction,Protein::374,0
Durg::315,drug_target_interaction,Protein::859,0
Durg::479,drug_target_interaction,Protein::453,0
Durg::564,drug_target_interaction,Protein::291,0
Durg::228,drug_target_interaction,Protein::357,0
Durg::511,drug_target_interaction,Protein::1177,0
Durg::94,drug_target_interaction,Protein::485,0
Durg::273,drug_target_interaction,Protein::112,0
Durg::329,drug_target_interaction,Protein::1179,0
Durg::286,drug_target_interaction,Protein::573,0
Durg::618,drug_target_interaction,Protein::246,0
Durg::574,drug_target_interaction,Protein::241,0
Durg::595,drug_target_interaction,Protein::269,0
Durg::182,drug_target_interaction,Protein::538,0
Durg::632,drug_target_interaction,Protein::940,0
Durg::459,drug_target_interaction,Protein::25,0
Durg::302,drug_target_interaction,Protein::483,0
Durg::496,drug_target_interaction,Protein::675,0
Durg::312,drug_target_interaction,Protein::78,0
Durg::362,drug_target_interaction,Protein::402,0
Durg::637,drug_target_interaction,Protein::610,0
Durg::49,drug_target_interaction,Protein::1160,0
Durg::28,drug_target_interaction,Protein::986,0
Durg::553,drug_target_interaction,Protein::857,0
Durg::626,drug_target_interaction,Protein::450,0
Durg::668,drug_target_interaction,Protein::389,0
Durg::617,drug_target_interaction,Protein::726,0
Durg::375,drug_target_interaction,Protein::569,0
Durg::236,drug_target_interaction,Protein::665,0
Durg::298,drug_target_interaction,Protein::81,0
Durg::191,drug_target_interaction,Protein::924,0
Durg::449,drug_target_interaction,Protein::663,0
Durg::277,drug_target_interaction,Protein::106,0
Durg::4,drug_target_interaction,Protein::617,0
Durg::428,drug_target_interaction,Protein::477,0
Durg::644,drug_target_interaction,Protein::259,0
Durg::147,drug_target_interaction,Protein::608,0
Durg::197,drug_target_interaction,Protein::583,0
Durg::423,drug_target_interaction,Protein::857,0
Durg::363,drug_target_interaction,Protein::175,0
Durg::138,drug_target_interaction,Protein::515,0
Durg::623,drug_target_interaction,Protein::90,0
Durg::181,drug_target_interaction,Protein::509,0
Durg::61,drug_target_interaction,Protein::927,0
Durg::141,drug_target_interaction,Protein::636,0
Durg::523,drug_target_interaction,Protein::1187,0
Durg::461,drug_target_interaction,Protein::346,0
Durg::27,drug_target_interaction,Protein::383,0
Durg::293,drug_target_interaction,Protein::112,0
Durg::459,drug_target_interaction,Protein::12,0
Durg::164,drug_target_interaction,Protein::194,0
Durg::40,drug_target_interaction,Protein::117,0
Durg::47,drug_target_interaction,Protein::656,0
Durg::586,drug_target_interaction,Protein::1375,0
Durg::423,drug_target_interaction,Protein::657,0
Durg::14,drug_target_interaction,Protein::232,0
Durg::84,drug_target_interaction,Protein::459,0
Durg::252,drug_target_interaction,Protein::276,0
Durg::283,drug_target_interaction,Protein::428,0
Durg::144,drug_target_interaction,Protein::1160,0
Durg::244,drug_target_interaction,Protein::608,0
Durg::290,drug_target_interaction,Protein::1148,0
Durg::189,drug_target_interaction,Protein::247,0
Durg::281,drug_target_interaction,Protein::1038,0
Durg::445,drug_target_interaction,Protein::138,0
Durg::518,drug_target_interaction,Protein::1375,0
Durg::133,drug_target_interaction,Protein::745,0
Durg::582,drug_target_interaction,Protein::1177,0
Durg::573,drug_target_interaction,Protein::276,0
Durg::234,drug_target_interaction,Protein::563,0
Durg::97,drug_target_interaction,Protein::98,0
Durg::650,drug_target_interaction,Protein::505,0
Durg::75,drug_target_interaction,Protein::85,0
Durg::606,drug_target_interaction,Protein::196,0
Durg::163,drug_target_interaction,Protein::1299,0
Durg::233,drug_target_interaction,Protein::401,0
Durg::243,drug_target_interaction,Protein::390,0
Durg::308,drug_target_interaction,Protein::1034,0
Durg::503,drug_target_interaction,Protein::286,0
Durg::472,drug_target_interaction,Protein::614,0
Durg::597,drug_target_interaction,Protein::84,0
Durg::35,drug_target_interaction,Protein::1060,0
Durg::654,drug_target_interaction,Protein::266,0
Durg::351,drug_target_interaction,Protein::43,0
Durg::294,drug_target_interaction,Protein::221,0
Durg::94,drug_target_interaction,Protein::992,0
Durg::463,drug_target_interaction,Protein::496,0
Durg::41,drug_target_interaction,Protein::85,0
Durg::545,drug_target_interaction,Protein::990,0
Durg::545,drug_target_interaction,Protein::546,0
Durg::78,drug_target_interaction,Protein::1503,0
Durg::632,drug_target_interaction,Protein::608,0
Durg::31,drug_target_interaction,Protein::1010,0
Durg::564,drug_target_interaction,Protein::817,0
Durg::448,drug_target_interaction,Protein::429,0
Durg::676,drug_target_interaction,Protein::359,0
Durg::288,drug_target_interaction,Protein::1038,0
Durg::622,drug_target_interaction,Protein::545,0
Durg::229,drug_target_interaction,Protein::1176,0
Durg::87,drug_target_interaction,Protein::240,0
Durg::634,drug_target_interaction,Protein::25,0
Durg::428,drug_target_interaction,Protein::81,0
Durg::526,drug_target_interaction,Protein::374,0
Durg::516,drug_target_interaction,Protein::570,0
Durg::383,drug_target_interaction,Protein::317,0
Durg::126,drug_target_interaction,Protein::25,0
Durg::690,drug_target_interaction,Protein::1166,0
Durg::337,drug_target_interaction,Protein::737,0
Durg::50,drug_target_interaction,Protein::185,0
Durg::2,drug_target_interaction,Protein::526,0
Durg::509,drug_target_interaction,Protein::1184,0
Durg::38,drug_target_interaction,Protein::312,0
Durg::69,drug_target_interaction,Protein::315,0
Durg::638,drug_target_interaction,Protein::637,0
Durg::103,drug_target_interaction,Protein::550,0
Durg::92,drug_target_interaction,Protein::516,0
Durg::324,drug_target_interaction,Protein::773,0
Durg::522,drug_target_interaction,Protein::550,0
Durg::471,drug_target_interaction,Protein::663,0
Durg::444,drug_target_interaction,Protein::922,0
Durg::8,drug_target_interaction,Protein::674,0
Durg::415,drug_target_interaction,Protein::851,0
Durg::466,drug_target_interaction,Protein::291,0
Durg::395,drug_target_interaction,Protein::358,0
Durg::675,drug_target_interaction,Protein::42,0
Durg::334,drug_target_interaction,Protein::206,0
Durg::368,drug_target_interaction,Protein::359,0
Durg::112,drug_target_interaction,Protein::484,0
Durg::26,drug_target_interaction,Protein::561,0
Durg::239,drug_target_interaction,Protein::72,0
Durg::329,drug_target_interaction,Protein::530,0
Durg::96,drug_target_interaction,Protein::43,0
Durg::321,drug_target_interaction,Protein::419,0
Durg::418,drug_target_interaction,Protein::195,0
Durg::291,drug_target_interaction,Protein::413,0
Durg::357,drug_target_interaction,Protein::940,0
Durg::82,drug_target_interaction,Protein::570,0
Durg::401,drug_target_interaction,Protein::135,0
Durg::363,drug_target_interaction,Protein::624,0
Durg::40,drug_target_interaction,Protein::994,0
Durg::398,drug_target_interaction,Protein::269,0
Durg::151,drug_target_interaction,Protein::1148,0
Durg::367,drug_target_interaction,Protein::495,0
Durg::581,drug_target_interaction,Protein::1011,0
Durg::405,drug_target_interaction,Protein::851,0
Durg::268,drug_target_interaction,Protein::266,0
Durg::425,drug_target_interaction,Protein::665,0
Durg::185,drug_target_interaction,Protein::114,0
Durg::406,drug_target_interaction,Protein::419,0
Durg::128,drug_target_interaction,Protein::85,0
Durg::160,drug_target_interaction,Protein::989,0
Durg::658,drug_target_interaction,Protein::545,0
Durg::538,drug_target_interaction,Protein::487,0
Durg::599,drug_target_interaction,Protein::549,0
Durg::205,drug_target_interaction,Protein::916,0
Durg::586,drug_target_interaction,Protein::43,0
Durg::394,drug_target_interaction,Protein::442,0
Durg::75,drug_target_interaction,Protein::694,0
Durg::462,drug_target_interaction,Protein::330,0
Durg::388,drug_target_interaction,Protein::183,0
Durg::663,drug_target_interaction,Protein::1139,0
Durg::404,drug_target_interaction,Protein::546,0
Durg::672,drug_target_interaction,Protein::613,0
Durg::448,drug_target_interaction,Protein::1188,0
Durg::309,drug_target_interaction,Protein::423,0
Durg::374,drug_target_interaction,Protein::364,0
Durg::34,drug_target_interaction,Protein::18,0
Durg::14,drug_target_interaction,Protein::7,0
Durg::618,drug_target_interaction,Protein::1034,0
Durg::214,drug_target_interaction,Protein::493,0
Durg::419,drug_target_interaction,Protein::99,0
Durg::354,drug_target_interaction,Protein::21,0
Durg::492,drug_target_interaction,Protein::505,0
Durg::411,drug_target_interaction,Protein::817,0
Durg::656,drug_target_interaction,Protein::851,0
Durg::17,drug_target_interaction,Protein::288,0
Durg::368,drug_target_interaction,Protein::73,0
Durg::193,drug_target_interaction,Protein::592,0
Durg::419,drug_target_interaction,Protein::563,0
Durg::47,drug_target_interaction,Protein::530,0
Durg::612,drug_target_interaction,Protein::201,0
Durg::662,drug_target_interaction,Protein::265,0
Durg::476,drug_target_interaction,Protein::62,0
Durg::571,drug_target_interaction,Protein::927,0
Durg::488,drug_target_interaction,Protein::26,0
Durg::645,drug_target_interaction,Protein::300,0
Durg::475,drug_target_interaction,Protein::589,0
Durg::84,drug_target_interaction,Protein::1172,0
Durg::566,drug_target_interaction,Protein::43,0
Durg::415,drug_target_interaction,Protein::265,0
Durg::425,drug_target_interaction,Protein::291,0
Durg::595,drug_target_interaction,Protein::484,0
Durg::43,drug_target_interaction,Protein::42,0
Durg::122,drug_target_interaction,Protein::545,0
Durg::311,drug_target_interaction,Protein::453,0
Durg::61,drug_target_interaction,Protein::470,0
Durg::384,drug_target_interaction,Protein::927,0
Durg::50,drug_target_interaction,Protein::636,0
Durg::201,drug_target_interaction,Protein::1170,0
Durg::436,drug_target_interaction,Protein::346,0
Durg::41,drug_target_interaction,Protein::328,0
Durg::87,drug_target_interaction,Protein::524,0
Durg::271,drug_target_interaction,Protein::98,0
Durg::185,drug_target_interaction,Protein::340,0
Durg::601,drug_target_interaction,Protein::924,0
Durg::28,drug_target_interaction,Protein::509,0
Durg::369,drug_target_interaction,Protein::1179,0
Durg::85,drug_target_interaction,Protein::1163,0
Durg::528,drug_target_interaction,Protein::78,0
Durg::321,drug_target_interaction,Protein::608,0
Durg::148,drug_target_interaction,Protein::380,0
Durg::154,drug_target_interaction,Protein::549,0
Durg::584,drug_target_interaction,Protein::6,0
Durg::457,drug_target_interaction,Protein::237,0
Durg::389,drug_target_interaction,Protein::328,0
Durg::158,drug_target_interaction,Protein::89,0
Durg::546,drug_target_interaction,Protein::496,0
Durg::101,drug_target_interaction,Protein::1504,0
Durg::222,drug_target_interaction,Protein::419,0
Durg::317,drug_target_interaction,Protein::357,0
Durg::225,drug_target_interaction,Protein::240,0
Durg::500,drug_target_interaction,Protein::311,0
Durg::663,drug_target_interaction,Protein::940,0
Durg::329,drug_target_interaction,Protein::390,0
Durg::446,drug_target_interaction,Protein::485,0
Durg::133,drug_target_interaction,Protein::346,0
Durg::46,drug_target_interaction,Protein::918,0
Durg::293,drug_target_interaction,Protein::997,0
Durg::638,drug_target_interaction,Protein::1010,0
Durg::138,drug_target_interaction,Protein::31,0
Durg::333,drug_target_interaction,Protein::361,0
Durg::335,drug_target_interaction,Protein::144,0
Durg::615,drug_target_interaction,Protein::71,0
Durg::254,drug_target_interaction,Protein::472,0
Durg::63,drug_target_interaction,Protein::319,0
Durg::566,drug_target_interaction,Protein::276,0
Durg::615,drug_target_interaction,Protein::88,0
Durg::222,drug_target_interaction,Protein::1151,0
Durg::196,drug_target_interaction,Protein::2,0
Durg::170,drug_target_interaction,Protein::428,0
Durg::571,drug_target_interaction,Protein::717,0
Durg::164,drug_target_interaction,Protein::509,0
Durg::588,drug_target_interaction,Protein::995,0
Durg::475,drug_target_interaction,Protein::1155,0
Durg::253,drug_target_interaction,Protein::364,0
Durg::338,drug_target_interaction,Protein::992,0
Durg::351,drug_target_interaction,Protein::248,0
Durg::637,drug_target_interaction,Protein::1152,0
Durg::86,drug_target_interaction,Protein::121,0
Durg::294,drug_target_interaction,Protein::94,0
Durg::697,drug_target_interaction,Protein::424,0
Durg::111,drug_target_interaction,Protein::484,0
Durg::300,drug_target_interaction,Protein::726,0
Durg::369,drug_target_interaction,Protein::73,0
Durg::214,drug_target_interaction,Protein::81,0
Durg::415,drug_target_interaction,Protein::237,0
Durg::286,drug_target_interaction,Protein::624,0
Durg::176,drug_target_interaction,Protein::1203,0
Durg::127,drug_target_interaction,Protein::689,0
Durg::211,drug_target_interaction,Protein::773,0
Durg::49,drug_target_interaction,Protein::720,0
Durg::137,drug_target_interaction,Protein::778,0
Durg::2,drug_target_interaction,Protein::143,0
Durg::369,drug_target_interaction,Protein::854,0
Durg::109,drug_target_interaction,Protein::561,0
Durg::109,drug_target_interaction,Protein::360,0
Durg::262,drug_target_interaction,Protein::419,0
Durg::65,drug_target_interaction,Protein::189,0
Durg::255,drug_target_interaction,Protein::322,0
Durg::17,drug_target_interaction,Protein::1179,0
Durg::406,drug_target_interaction,Protein::737,0
Durg::32,drug_target_interaction,Protein::244,0
Durg::413,drug_target_interaction,Protein::248,0
Durg::245,drug_target_interaction,Protein::991,0
Durg::488,drug_target_interaction,Protein::727,0
Durg::49,drug_target_interaction,Protein::39,0
Durg::693,drug_target_interaction,Protein::992,0
Durg::433,drug_target_interaction,Protein::523,0
Durg::526,drug_target_interaction,Protein::569,0
Durg::630,drug_target_interaction,Protein::433,0
Durg::548,drug_target_interaction,Protein::359,0
Durg::391,drug_target_interaction,Protein::278,0
Durg::428,drug_target_interaction,Protein::394,0
Durg::62,drug_target_interaction,Protein::670,0
Durg::680,drug_target_interaction,Protein::526,0
Durg::43,drug_target_interaction,Protein::648,0
Durg::697,drug_target_interaction,Protein::181,0
Durg::297,drug_target_interaction,Protein::453,0
Durg::259,drug_target_interaction,Protein::88,0
Durg::5,drug_target_interaction,Protein::296,0
Durg::203,drug_target_interaction,Protein::221,0
Durg::599,drug_target_interaction,Protein::33,0
Durg::651,drug_target_interaction,Protein::26,0
Durg::260,drug_target_interaction,Protein::142,0
Durg::188,drug_target_interaction,Protein::272,0
Durg::682,drug_target_interaction,Protein::296,0
Durg::341,drug_target_interaction,Protein::996,0
Durg::476,drug_target_interaction,Protein::1138,0
Durg::561,drug_target_interaction,Protein::636,0
Durg::50,drug_target_interaction,Protein::1164,0
Durg::94,drug_target_interaction,Protein::530,0
Durg::24,drug_target_interaction,Protein::1161,0
Durg::543,drug_target_interaction,Protein::742,0
Durg::68,drug_target_interaction,Protein::318,0
Durg::131,drug_target_interaction,Protein::1066,0
Durg::683,drug_target_interaction,Protein::166,0
Durg::329,drug_target_interaction,Protein::155,0
Durg::659,drug_target_interaction,Protein::726,0
Durg::128,drug_target_interaction,Protein::140,0
Durg::536,drug_target_interaction,Protein::745,0
Durg::473,drug_target_interaction,Protein::264,0
Durg::314,drug_target_interaction,Protein::244,0
Durg::449,drug_target_interaction,Protein::1176,0
Durg::0,drug_target_interaction,Protein::675,0
Durg::291,drug_target_interaction,Protein::924,0
Durg::565,drug_target_interaction,Protein::123,0
Durg::43,drug_target_interaction,Protein::361,0
Durg::126,drug_target_interaction,Protein::783,0
Durg::204,drug_target_interaction,Protein::272,0
Durg::552,drug_target_interaction,Protein::1172,0
Durg::640,drug_target_interaction,Protein::98,0
Durg::663,drug_target_interaction,Protein::527,0
Durg::278,drug_target_interaction,Protein::922,0
Durg::366,drug_target_interaction,Protein::1006,0
Durg::351,drug_target_interaction,Protein::992,0
Durg::74,drug_target_interaction,Protein::1038,0
Durg::270,drug_target_interaction,Protein::1015,0
Durg::14,drug_target_interaction,Protein::646,0
Durg::220,drug_target_interaction,Protein::783,0
Durg::427,drug_target_interaction,Protein::657,0
Durg::291,drug_target_interaction,Protein::395,0
Durg::308,drug_target_interaction,Protein::859,0
Durg::592,drug_target_interaction,Protein::1174,0
Durg::66,drug_target_interaction,Protein::1148,0
Durg::325,drug_target_interaction,Protein::94,0
Durg::20,drug_target_interaction,Protein::34,0
Durg::418,drug_target_interaction,Protein::1175,0
Durg::597,drug_target_interaction,Protein::317,0
Durg::131,drug_target_interaction,Protein::207,0
Durg::363,drug_target_interaction,Protein::1006,0
Durg::655,drug_target_interaction,Protein::149,0
Durg::3,drug_target_interaction,Protein::817,0
Durg::626,drug_target_interaction,Protein::424,0
Durg::219,drug_target_interaction,Protein::141,0
Durg::220,drug_target_interaction,Protein::278,0
Durg::48,drug_target_interaction,Protein::858,0
Durg::122,drug_target_interaction,Protein::13,0
Durg::654,drug_target_interaction,Protein::1139,0
Durg::581,drug_target_interaction,Protein::742,0
Durg::317,drug_target_interaction,Protein::261,0
Durg::303,drug_target_interaction,Protein::197,0
Durg::321,drug_target_interaction,Protein::852,0
Durg::204,drug_target_interaction,Protein::707,0
Durg::686,drug_target_interaction,Protein::720,0
Durg::65,drug_target_interaction,Protein::1173,0
Durg::549,drug_target_interaction,Protein::181,0
Durg::316,drug_target_interaction,Protein::573,0
Durg::567,drug_target_interaction,Protein::6,0
Durg::156,drug_target_interaction,Protein::208,0
Durg::637,drug_target_interaction,Protein::581,0
Durg::383,drug_target_interaction,Protein::613,0
Durg::310,drug_target_interaction,Protein::124,0
Durg::300,drug_target_interaction,Protein::581,0
Durg::276,drug_target_interaction,Protein::526,0
Durg::34,drug_target_interaction,Protein::493,0
Durg::378,drug_target_interaction,Protein::73,0
Durg::631,drug_target_interaction,Protein::317,0
Durg::412,drug_target_interaction,Protein::1011,0
Durg::655,drug_target_interaction,Protein::288,0
Durg::269,drug_target_interaction,Protein::472,0
Durg::388,drug_target_interaction,Protein::312,0
Durg::570,drug_target_interaction,Protein::82,0
Durg::355,drug_target_interaction,Protein::1173,0
Durg::628,drug_target_interaction,Protein::127,0
Durg::546,drug_target_interaction,Protein::1169,0
Durg::4,drug_target_interaction,Protein::247,0
Durg::698,drug_target_interaction,Protein::31,0
Durg::437,drug_target_interaction,Protein::138,0
Durg::171,drug_target_interaction,Protein::717,0
Durg::599,drug_target_interaction,Protein::696,0
Durg::239,drug_target_interaction,Protein::121,0
Durg::359,drug_target_interaction,Protein::709,0
Durg::333,drug_target_interaction,Protein::461,0
Durg::463,drug_target_interaction,Protein::581,0
Durg::582,drug_target_interaction,Protein::12,0
Durg::422,drug_target_interaction,Protein::183,0
Durg::204,drug_target_interaction,Protein::94,0
Durg::234,drug_target_interaction,Protein::583,0
Durg::12,drug_target_interaction,Protein::681,0
Durg::698,drug_target_interaction,Protein::424,0
Durg::669,drug_target_interaction,Protein::1183,0
Durg::338,drug_target_interaction,Protein::1504,0
Durg::434,drug_target_interaction,Protein::1164,0
Durg::288,drug_target_interaction,Protein::990,0
Durg::281,drug_target_interaction,Protein::1138,0
Durg::52,drug_target_interaction,Protein::155,0
Durg::337,drug_target_interaction,Protein::786,0
Durg::171,drug_target_interaction,Protein::985,0
Durg::226,drug_target_interaction,Protein::207,0
Durg::652,drug_target_interaction,Protein::291,0
Durg::255,drug_target_interaction,Protein::573,0
Durg::289,drug_target_interaction,Protein::1139,0
Durg::316,drug_target_interaction,Protein::12,0
Durg::395,drug_target_interaction,Protein::183,0
Durg::672,drug_target_interaction,Protein::25,0
Durg::406,drug_target_interaction,Protein::320,0
Durg::672,drug_target_interaction,Protein::737,0
Durg::344,drug_target_interaction,Protein::989,0
Durg::659,drug_target_interaction,Protein::988,0
Durg::270,drug_target_interaction,Protein::72,0
Durg::283,drug_target_interaction,Protein::1010,0
Durg::288,drug_target_interaction,Protein::452,0
Durg::638,drug_target_interaction,Protein::85,0
Durg::170,drug_target_interaction,Protein::514,0
Durg::415,drug_target_interaction,Protein::852,0
Durg::312,drug_target_interaction,Protein::242,0
Durg::369,drug_target_interaction,Protein::647,0
Durg::388,drug_target_interaction,Protein::289,0
Durg::285,drug_target_interaction,Protein::311,0
Durg::5,drug_target_interaction,Protein::1163,0
Durg::179,drug_target_interaction,Protein::264,0
Durg::229,drug_target_interaction,Protein::1175,0
Durg::421,drug_target_interaction,Protein::317,0
Durg::339,drug_target_interaction,Protein::7,0
Durg::121,drug_target_interaction,Protein::657,0
Durg::85,drug_target_interaction,Protein::206,0
Durg::239,drug_target_interaction,Protein::150,0
Durg::141,drug_target_interaction,Protein::573,0
Durg::110,drug_target_interaction,Protein::856,0
Durg::560,drug_target_interaction,Protein::916,0
Durg::430,drug_target_interaction,Protein::419,0
Durg::270,drug_target_interaction,Protein::320,0
Durg::375,drug_target_interaction,Protein::931,0
Durg::366,drug_target_interaction,Protein::470,0
Durg::94,drug_target_interaction,Protein::394,0
Durg::306,drug_target_interaction,Protein::681,0
Durg::195,drug_target_interaction,Protein::181,0
Durg::281,drug_target_interaction,Protein::81,0
Durg::698,drug_target_interaction,Protein::786,0
Durg::524,drug_target_interaction,Protein::7,0
Durg::457,drug_target_interaction,Protein::302,0
Durg::475,drug_target_interaction,Protein::42,0
Durg::559,drug_target_interaction,Protein::40,0
Durg::102,drug_target_interaction,Protein::31,0
Durg::181,drug_target_interaction,Protein::71,0
Durg::348,drug_target_interaction,Protein::545,0
Durg::373,drug_target_interaction,Protein::18,0
Durg::423,drug_target_interaction,Protein::496,0
Durg::506,drug_target_interaction,Protein::101,0
Durg::181,drug_target_interaction,Protein::694,0
Durg::233,drug_target_interaction,Protein::1055,0
Durg::528,drug_target_interaction,Protein::394,0
Durg::75,drug_target_interaction,Protein::358,0
Durg::559,drug_target_interaction,Protein::1006,0
Durg::14,drug_target_interaction,Protein::197,0
Durg::93,drug_target_interaction,Protein::197,0
Durg::622,drug_target_interaction,Protein::241,0
Durg::396,drug_target_interaction,Protein::18,0
Durg::667,drug_target_interaction,Protein::442,0
Durg::407,drug_target_interaction,Protein::418,0
Durg::455,drug_target_interaction,Protein::860,0
Durg::78,drug_target_interaction,Protein::1186,0
Durg::392,drug_target_interaction,Protein::636,0
Durg::678,drug_target_interaction,Protein::26,0
Durg::204,drug_target_interaction,Protein::1139,0
Durg::83,drug_target_interaction,Protein::851,0
Durg::253,drug_target_interaction,Protein::71,0
Durg::574,drug_target_interaction,Protein::857,0
Durg::368,drug_target_interaction,Protein::460,0
Durg::125,drug_target_interaction,Protein::786,0
Durg::294,drug_target_interaction,Protein::232,0
Durg::366,drug_target_interaction,Protein::433,0
Durg::13,drug_target_interaction,Protein::1146,0
Durg::499,drug_target_interaction,Protein::1150,0
Durg::365,drug_target_interaction,Protein::518,0
Durg::314,drug_target_interaction,Protein::1196,0
Durg::592,drug_target_interaction,Protein::727,0
Durg::595,drug_target_interaction,Protein::1169,0
Durg::658,drug_target_interaction,Protein::998,0
Durg::276,drug_target_interaction,Protein::263,0
Durg::180,drug_target_interaction,Protein::495,0
Durg::127,drug_target_interaction,Protein::81,0
Durg::535,drug_target_interaction,Protein::115,0
Durg::499,drug_target_interaction,Protein::569,0
Durg::404,drug_target_interaction,Protein::206,0
Durg::499,drug_target_interaction,Protein::497,0
Durg::683,drug_target_interaction,Protein::243,0
Durg::509,drug_target_interaction,Protein::737,0
Durg::366,drug_target_interaction,Protein::442,0
Durg::611,drug_target_interaction,Protein::10,0
Durg::468,drug_target_interaction,Protein::694,0
Durg::371,drug_target_interaction,Protein::744,0
Durg::358,drug_target_interaction,Protein::1160,0
Durg::601,drug_target_interaction,Protein::26,0
Durg::612,drug_target_interaction,Protein::155,0
Durg::576,drug_target_interaction,Protein::657,0
Durg::52,drug_target_interaction,Protein::1038,0
Durg::110,drug_target_interaction,Protein::127,0
Durg::639,drug_target_interaction,Protein::31,0
Durg::316,drug_target_interaction,Protein::261,0
Durg::372,drug_target_interaction,Protein::992,0
Durg::498,drug_target_interaction,Protein::108,0
Durg::92,drug_target_interaction,Protein::608,0
Durg::213,drug_target_interaction,Protein::310,0
Durg::269,drug_target_interaction,Protein::145,0
Durg::640,drug_target_interaction,Protein::439,0
Durg::295,drug_target_interaction,Protein::1382,0
Durg::298,drug_target_interaction,Protein::279,0
Durg::121,drug_target_interaction,Protein::738,0
Durg::371,drug_target_interaction,Protein::273,0
Durg::41,drug_target_interaction,Protein::189,0
Durg::477,drug_target_interaction,Protein::170,0
Durg::159,drug_target_interaction,Protein::1180,0
Durg::259,drug_target_interaction,Protein::225,0
Durg::190,drug_target_interaction,Protein::360,0
Durg::170,drug_target_interaction,Protein::512,0
Durg::300,drug_target_interaction,Protein::550,0
Durg::434,drug_target_interaction,Protein::1180,0
Durg::217,drug_target_interaction,Protein::121,0
Durg::463,drug_target_interaction,Protein::261,0
Durg::504,drug_target_interaction,Protein::442,0
Durg::112,drug_target_interaction,Protein::614,0
Durg::338,drug_target_interaction,Protein::1010,0
Durg::368,drug_target_interaction,Protein::33,0
Durg::120,drug_target_interaction,Protein::625,0
Durg::75,drug_target_interaction,Protein::924,0
Durg::217,drug_target_interaction,Protein::98,0
Durg::419,drug_target_interaction,Protein::377,0
Durg::25,drug_target_interaction,Protein::175,0
Durg::446,drug_target_interaction,Protein::459,0
Durg::661,drug_target_interaction,Protein::185,0
Durg::650,drug_target_interaction,Protein::278,0
Durg::366,drug_target_interaction,Protein::359,0
Durg::668,drug_target_interaction,Protein::320,0
Durg::290,drug_target_interaction,Protein::987,0
Durg::370,drug_target_interaction,Protein::265,0
Durg::459,drug_target_interaction,Protein::1167,0
Durg::694,drug_target_interaction,Protein::1196,0
Durg::280,drug_target_interaction,Protein::646,0
Durg::312,drug_target_interaction,Protein::485,0
Durg::432,drug_target_interaction,Protein::81,0
Durg::373,drug_target_interaction,Protein::505,0
Durg::405,drug_target_interaction,Protein::117,0
Durg::534,drug_target_interaction,Protein::453,0
Durg::384,drug_target_interaction,Protein::918,0
Durg::245,drug_target_interaction,Protein::495,0
Durg::252,drug_target_interaction,Protein::487,0
Durg::9,drug_target_interaction,Protein::1041,0
Durg::281,drug_target_interaction,Protein::927,0
Durg::170,drug_target_interaction,Protein::43,0
Durg::477,drug_target_interaction,Protein::449,0
Durg::24,drug_target_interaction,Protein::218,0
Durg::550,drug_target_interaction,Protein::545,0
Durg::707,drug_target_interaction,Protein::589,0
Durg::42,drug_target_interaction,Protein::390,0
Durg::624,drug_target_interaction,Protein::244,0
Durg::5,drug_target_interaction,Protein::523,0
Durg::154,drug_target_interaction,Protein::674,0
Durg::62,drug_target_interaction,Protein::1034,0
Durg::408,drug_target_interaction,Protein::487,0
Durg::506,drug_target_interaction,Protein::661,0
Durg::536,drug_target_interaction,Protein::407,0
Durg::193,drug_target_interaction,Protein::98,0
Durg::289,drug_target_interaction,Protein::744,0
Durg::206,drug_target_interaction,Protein::1166,0
Durg::260,drug_target_interaction,Protein::505,0
Durg::431,drug_target_interaction,Protein::140,0
Durg::427,drug_target_interaction,Protein::992,0
Durg::612,drug_target_interaction,Protein::117,0
Durg::617,drug_target_interaction,Protein::1185,0
Durg::495,drug_target_interaction,Protein::6,0
Durg::185,drug_target_interaction,Protein::859,0
Durg::484,drug_target_interaction,Protein::783,0
Durg::602,drug_target_interaction,Protein::34,0
Durg::497,drug_target_interaction,Protein::346,0
Durg::202,drug_target_interaction,Protein::327,0
Durg::77,drug_target_interaction,Protein::527,0
Durg::185,drug_target_interaction,Protein::1186,0
Durg::230,drug_target_interaction,Protein::401,0
Durg::389,drug_target_interaction,Protein::856,0
Durg::276,drug_target_interaction,Protein::439,0
Durg::645,drug_target_interaction,Protein::1179,0
Durg::539,drug_target_interaction,Protein::512,0
Durg::355,drug_target_interaction,Protein::311,0
Durg::479,drug_target_interaction,Protein::319,0
Durg::535,drug_target_interaction,Protein::996,0
Durg::488,drug_target_interaction,Protein::33,0
Durg::138,drug_target_interaction,Protein::472,0
Durg::60,drug_target_interaction,Protein::127,0
Durg::683,drug_target_interaction,Protein::984,0
Durg::292,drug_target_interaction,Protein::81,0
Durg::0,drug_target_interaction,Protein::523,0
Durg::492,drug_target_interaction,Protein::675,0
Durg::102,drug_target_interaction,Protein::1299,0
Durg::685,drug_target_interaction,Protein::1188,0
Durg::660,drug_target_interaction,Protein::988,0
Durg::491,drug_target_interaction,Protein::858,0
Durg::477,drug_target_interaction,Protein::259,0
Durg::423,drug_target_interaction,Protein::1015,0
Durg::86,drug_target_interaction,Protein::737,0
Durg::574,drug_target_interaction,Protein::278,0
Durg::644,drug_target_interaction,Protein::449,0
Durg::145,drug_target_interaction,Protein::40,0
Durg::543,drug_target_interaction,Protein::260,0
Durg::494,drug_target_interaction,Protein::346,0
Durg::628,drug_target_interaction,Protein::568,0
Durg::497,drug_target_interaction,Protein::289,0
Durg::9,drug_target_interaction,Protein::207,0
Durg::600,drug_target_interaction,Protein::648,0
Durg::48,drug_target_interaction,Protein::940,0
Durg::42,drug_target_interaction,Protein::640,0
Durg::334,drug_target_interaction,Protein::170,0
Durg::612,drug_target_interaction,Protein::428,0
Durg::429,drug_target_interaction,Protein::1029,0
Durg::109,drug_target_interaction,Protein::857,0
Durg::314,drug_target_interaction,Protein::1153,0
Durg::302,drug_target_interaction,Protein::1038,0
Durg::277,drug_target_interaction,Protein::13,0
Durg::407,drug_target_interaction,Protein::610,0
Durg::441,drug_target_interaction,Protein::1006,0
Durg::396,drug_target_interaction,Protein::296,0
Durg::172,drug_target_interaction,Protein::377,0
Durg::483,drug_target_interaction,Protein::1184,0
Durg::405,drug_target_interaction,Protein::14,0
Durg::689,drug_target_interaction,Protein::528,0
Durg::683,drug_target_interaction,Protein::72,0
Durg::2,drug_target_interaction,Protein::290,0
Durg::611,drug_target_interaction,Protein::1502,0
Durg::211,drug_target_interaction,Protein::269,0
Durg::135,drug_target_interaction,Protein::646,0
Durg::330,drug_target_interaction,Protein::1166,0
Durg::573,drug_target_interaction,Protein::302,0
Durg::131,drug_target_interaction,Protein::85,0
Durg::695,drug_target_interaction,Protein::574,0
Durg::474,drug_target_interaction,Protein::524,0
Durg::292,drug_target_interaction,Protein::269,0
Durg::495,drug_target_interaction,Protein::549,0
Durg::325,drug_target_interaction,Protein::319,0
Durg::217,drug_target_interaction,Protein::856,0
Durg::429,drug_target_interaction,Protein::516,0
Durg::278,drug_target_interaction,Protein::155,0
Durg::257,drug_target_interaction,Protein::625,0
Durg::662,drug_target_interaction,Protein::10,0
Durg::593,drug_target_interaction,Protein::136,0
Durg::471,drug_target_interaction,Protein::674,0
Durg::700,drug_target_interaction,Protein::247,0
Durg::485,drug_target_interaction,Protein::477,0
Durg::626,drug_target_interaction,Protein::656,0
Durg::406,drug_target_interaction,Protein::81,0
Durg::396,drug_target_interaction,Protein::32,0
Durg::202,drug_target_interaction,Protein::346,0
Durg::299,drug_target_interaction,Protein::1179,0
Durg::229,drug_target_interaction,Protein::43,0
Durg::3,drug_target_interaction,Protein::1165,0
Durg::183,drug_target_interaction,Protein::624,0
Durg::371,drug_target_interaction,Protein::330,0
Durg::524,drug_target_interaction,Protein::185,0
Durg::509,drug_target_interaction,Protein::814,0
Durg::315,drug_target_interaction,Protein::1022,0
Durg::60,drug_target_interaction,Protein::648,0
Durg::116,drug_target_interaction,Protein::526,0
Durg::301,drug_target_interaction,Protein::166,0
Durg::378,drug_target_interaction,Protein::142,0
Durg::432,drug_target_interaction,Protein::124,0
Durg::310,drug_target_interaction,Protein::26,0
Durg::479,drug_target_interaction,Protein::258,0
Durg::631,drug_target_interaction,Protein::71,0
Durg::327,drug_target_interaction,Protein::1183,0
Durg::324,drug_target_interaction,Protein::709,0
Durg::87,drug_target_interaction,Protein::359,0
Durg::287,drug_target_interaction,Protein::200,0
Durg::426,drug_target_interaction,Protein::1170,0
Durg::175,drug_target_interaction,Protein::106,0
Durg::272,drug_target_interaction,Protein::778,0
Durg::548,drug_target_interaction,Protein::170,0
Durg::348,drug_target_interaction,Protein::206,0
Durg::557,drug_target_interaction,Protein::33,0
Durg::650,drug_target_interaction,Protein::413,0
Durg::226,drug_target_interaction,Protein::160,0
Durg::677,drug_target_interaction,Protein::112,0
Durg::312,drug_target_interaction,Protein::295,0
Durg::445,drug_target_interaction,Protein::248,0
Durg::483,drug_target_interaction,Protein::922,0
Durg::327,drug_target_interaction,Protein::358,0
Durg::704,drug_target_interaction,Protein::989,0
Durg::134,drug_target_interaction,Protein::81,0
Durg::474,drug_target_interaction,Protein::183,0
Durg::541,drug_target_interaction,Protein::637,0
Durg::426,drug_target_interaction,Protein::48,0
Durg::141,drug_target_interaction,Protein::916,0
Durg::114,drug_target_interaction,Protein::265,0
Durg::227,drug_target_interaction,Protein::737,0
Durg::409,drug_target_interaction,Protein::694,0
Durg::302,drug_target_interaction,Protein::1187,0
Durg::397,drug_target_interaction,Protein::1163,0
Durg::303,drug_target_interaction,Protein::608,0
Durg::228,drug_target_interaction,Protein::773,0
Durg::458,drug_target_interaction,Protein::319,0
Durg::404,drug_target_interaction,Protein::985,0
Durg::302,drug_target_interaction,Protein::1164,0
Durg::509,drug_target_interaction,Protein::689,0
Durg::188,drug_target_interaction,Protein::127,0
Durg::613,drug_target_interaction,Protein::1166,0
Durg::538,drug_target_interaction,Protein::722,0
Durg::502,drug_target_interaction,Protein::83,0
Durg::469,drug_target_interaction,Protein::422,0
Durg::135,drug_target_interaction,Protein::922,0
Durg::165,drug_target_interaction,Protein::992,0
Durg::371,drug_target_interaction,Protein::987,0
Durg::597,drug_target_interaction,Protein::207,0
Durg::109,drug_target_interaction,Protein::512,0
Durg::349,drug_target_interaction,Protein::240,0
Durg::576,drug_target_interaction,Protein::440,0
Durg::659,drug_target_interaction,Protein::1179,0
Durg::401,drug_target_interaction,Protein::170,0
Durg::678,drug_target_interaction,Protein::143,0
Durg::116,drug_target_interaction,Protein::483,0
Durg::672,drug_target_interaction,Protein::136,0
Durg::329,drug_target_interaction,Protein::1375,0
Durg::8,drug_target_interaction,Protein::681,0
Durg::397,drug_target_interaction,Protein::482,0
Durg::222,drug_target_interaction,Protein::505,0
Durg::309,drug_target_interaction,Protein::286,0
Durg::294,drug_target_interaction,Protein::992,0
Durg::180,drug_target_interaction,Protein::18,0
Durg::526,drug_target_interaction,Protein::1169,0
Durg::355,drug_target_interaction,Protein::1162,0
Durg::426,drug_target_interaction,Protein::1029,0
Durg::103,drug_target_interaction,Protein::1139,0
Durg::462,drug_target_interaction,Protein::459,0
Durg::697,drug_target_interaction,Protein::90,0
Durg::496,drug_target_interaction,Protein::151,0
Durg::41,drug_target_interaction,Protein::48,0
Durg::359,drug_target_interaction,Protein::85,0
Durg::441,drug_target_interaction,Protein::300,0
Durg::224,drug_target_interaction,Protein::694,0
Durg::503,drug_target_interaction,Protein::689,0
Durg::570,drug_target_interaction,Protein::640,0
Durg::9,drug_target_interaction,Protein::360,0
Durg::407,drug_target_interaction,Protein::197,0
Durg::178,drug_target_interaction,Protein::317,0
Durg::76,drug_target_interaction,Protein::266,0
Durg::401,drug_target_interaction,Protein::670,0
Durg::135,drug_target_interaction,Protein::513,0
Durg::606,drug_target_interaction,Protein::523,0
Durg::689,drug_target_interaction,Protein::34,0
Durg::540,drug_target_interaction,Protein::150,0
Durg::570,drug_target_interaction,Protein::99,0
Durg::324,drug_target_interaction,Protein::987,0
Durg::145,drug_target_interaction,Protein::279,0
Durg::88,drug_target_interaction,Protein::1155,0
Durg::41,drug_target_interaction,Protein::991,0
Durg::179,drug_target_interaction,Protein::60,0
Durg::243,drug_target_interaction,Protein::312,0
Durg::118,drug_target_interaction,Protein::28,0
Durg::371,drug_target_interaction,Protein::242,0
Durg::655,drug_target_interaction,Protein::570,0
Durg::395,drug_target_interaction,Protein::1169,0
Durg::486,drug_target_interaction,Protein::1038,0
Durg::633,drug_target_interaction,Protein::1173,0
Durg::236,drug_target_interaction,Protein::1167,0
Durg::683,drug_target_interaction,Protein::1150,0
Durg::131,drug_target_interaction,Protein::160,0
Durg::205,drug_target_interaction,Protein::362,0
Durg::109,drug_target_interaction,Protein::505,0
Durg::197,drug_target_interaction,Protein::402,0
Durg::264,drug_target_interaction,Protein::1006,0
Durg::476,drug_target_interaction,Protein::475,0
Durg::265,drug_target_interaction,Protein::424,0
Durg::134,drug_target_interaction,Protein::43,0
Durg::569,drug_target_interaction,Protein::89,0
Durg::225,drug_target_interaction,Protein::1202,0
Durg::291,drug_target_interaction,Protein::218,0
Durg::545,drug_target_interaction,Protein::1010,0
Durg::128,drug_target_interaction,Protein::538,0
Durg::433,drug_target_interaction,Protein::681,0
Durg::252,drug_target_interaction,Protein::442,0
Durg::499,drug_target_interaction,Protein::589,0
Durg::469,drug_target_interaction,Protein::1166,0
Durg::581,drug_target_interaction,Protein::271,0
Durg::369,drug_target_interaction,Protein::185,0
Durg::623,drug_target_interaction,Protein::642,0
Durg::553,drug_target_interaction,Protein::505,0
Durg::111,drug_target_interaction,Protein::139,0
Durg::564,drug_target_interaction,Protein::31,0
Durg::225,drug_target_interaction,Protein::138,0
Durg::143,drug_target_interaction,Protein::225,0
Durg::469,drug_target_interaction,Protein::646,0
Durg::22,drug_target_interaction,Protein::389,0
Durg::462,drug_target_interaction,Protein::12,0
Durg::676,drug_target_interaction,Protein::423,0
Durg::460,drug_target_interaction,Protein::28,0
Durg::254,drug_target_interaction,Protein::717,0
Durg::637,drug_target_interaction,Protein::648,0
Durg::250,drug_target_interaction,Protein::286,0
Durg::455,drug_target_interaction,Protein::89,0
Durg::633,drug_target_interaction,Protein::1162,0
Durg::630,drug_target_interaction,Protein::28,0
Durg::421,drug_target_interaction,Protein::340,0
Durg::90,drug_target_interaction,Protein::452,0
Durg::358,drug_target_interaction,Protein::19,0
Durg::410,drug_target_interaction,Protein::717,0
Durg::611,drug_target_interaction,Protein::613,0
Durg::309,drug_target_interaction,Protein::1503,0
Durg::627,drug_target_interaction,Protein::39,0
Durg::329,drug_target_interaction,Protein::335,0
Durg::610,drug_target_interaction,Protein::60,0
Durg::97,drug_target_interaction,Protein::423,0
Durg::448,drug_target_interaction,Protein::440,0
Durg::623,drug_target_interaction,Protein::449,0
Durg::451,drug_target_interaction,Protein::1375,0
Durg::522,drug_target_interaction,Protein::1150,0
Durg::685,drug_target_interaction,Protein::1015,0
Durg::478,drug_target_interaction,Protein::357,0
Durg::130,drug_target_interaction,Protein::1034,0
Durg::543,drug_target_interaction,Protein::1165,0
Durg::644,drug_target_interaction,Protein::709,0
Durg::272,drug_target_interaction,Protein::745,0
Durg::14,drug_target_interaction,Protein::136,0
Durg::628,drug_target_interaction,Protein::42,0
Durg::570,drug_target_interaction,Protein::922,0
Durg::322,drug_target_interaction,Protein::389,0
Durg::606,drug_target_interaction,Protein::273,0
Durg::197,drug_target_interaction,Protein::856,0
Durg::579,drug_target_interaction,Protein::589,0
Durg::179,drug_target_interaction,Protein::583,0
Durg::22,drug_target_interaction,Protein::1146,0
Durg::197,drug_target_interaction,Protein::383,0
Durg::419,drug_target_interaction,Protein::1381,0
Durg::77,drug_target_interaction,Protein::377,0
Durg::130,drug_target_interaction,Protein::918,0
Durg::133,drug_target_interaction,Protein::320,0
Durg::42,drug_target_interaction,Protein::89,0
Durg::269,drug_target_interaction,Protein::1150,0
Durg::559,drug_target_interaction,Protein::99,0
Durg::507,drug_target_interaction,Protein::75,0
Durg::596,drug_target_interaction,Protein::328,0
Durg::365,drug_target_interaction,Protein::426,0
Durg::174,drug_target_interaction,Protein::995,0
Durg::103,drug_target_interaction,Protein::72,0
Durg::541,drug_target_interaction,Protein::1022,0
Durg::443,drug_target_interaction,Protein::988,0
Durg::582,drug_target_interaction,Protein::647,0
Durg::671,drug_target_interaction,Protein::40,0
Durg::225,drug_target_interaction,Protein::151,0
Durg::698,drug_target_interaction,Protein::232,0
Durg::2,drug_target_interaction,Protein::394,0
Durg::638,drug_target_interaction,Protein::477,0
Durg::137,drug_target_interaction,Protein::1170,0
Durg::279,drug_target_interaction,Protein::413,0
Durg::611,drug_target_interaction,Protein::1181,0
Durg::268,drug_target_interaction,Protein::989,0
Durg::446,drug_target_interaction,Protein::18,0
Durg::297,drug_target_interaction,Protein::101,0
Durg::690,drug_target_interaction,Protein::362,0
Durg::205,drug_target_interaction,Protein::85,0
Durg::672,drug_target_interaction,Protein::263,0
Durg::439,drug_target_interaction,Protein::64,0
Durg::16,drug_target_interaction,Protein::859,0
Durg::540,drug_target_interaction,Protein::101,0
Durg::528,drug_target_interaction,Protein::661,0
Durg::624,drug_target_interaction,Protein::421,0
Durg::590,drug_target_interaction,Protein::243,0
Durg::40,drug_target_interaction,Protein::1173,0
Durg::567,drug_target_interaction,Protein::461,0
Durg::9,drug_target_interaction,Protein::614,0
Durg::667,drug_target_interaction,Protein::73,0
Durg::590,drug_target_interaction,Protein::997,0
Durg::597,drug_target_interaction,Protein::1009,0
Durg::175,drug_target_interaction,Protein::538,0
Durg::80,drug_target_interaction,Protein::495,0
Durg::170,drug_target_interaction,Protein::40,0
Durg::179,drug_target_interaction,Protein::120,0
Durg::606,drug_target_interaction,Protein::185,0
Durg::289,drug_target_interaction,Protein::592,0
Durg::97,drug_target_interaction,Protein::442,0
Durg::145,drug_target_interaction,Protein::115,0
Durg::586,drug_target_interaction,Protein::427,0
Durg::469,drug_target_interaction,Protein::1022,0
Durg::609,drug_target_interaction,Protein::554,0
Durg::146,drug_target_interaction,Protein::858,0
Durg::545,drug_target_interaction,Protein::1375,0
Durg::465,drug_target_interaction,Protein::1153,0
Durg::586,drug_target_interaction,Protein::460,0
Durg::311,drug_target_interaction,Protein::189,0
Durg::628,drug_target_interaction,Protein::241,0
Durg::243,drug_target_interaction,Protein::742,0
Durg::476,drug_target_interaction,Protein::101,0
Durg::535,drug_target_interaction,Protein::654,0
Durg::99,drug_target_interaction,Protein::407,0
Durg::303,drug_target_interaction,Protein::992,0
Durg::504,drug_target_interaction,Protein::916,0
Durg::532,drug_target_interaction,Protein::461,0
Durg::611,drug_target_interaction,Protein::459,0
Durg::488,drug_target_interaction,Protein::279,0
Durg::433,drug_target_interaction,Protein::208,0
Durg::638,drug_target_interaction,Protein::395,0
Durg::375,drug_target_interaction,Protein::269,0
Durg::341,drug_target_interaction,Protein::326,0
Durg::486,drug_target_interaction,Protein::6,0
Durg::468,drug_target_interaction,Protein::42,0
Durg::300,drug_target_interaction,Protein::357,0
Durg::233,drug_target_interaction,Protein::466,0
Durg::6,drug_target_interaction,Protein::605,0
Durg::265,drug_target_interaction,Protein::1173,0
Durg::374,drug_target_interaction,Protein::418,0
Durg::597,drug_target_interaction,Protein::477,0
Durg::321,drug_target_interaction,Protein::570,0
Durg::103,drug_target_interaction,Protein::276,0
Durg::236,drug_target_interaction,Protein::326,0
Durg::546,drug_target_interaction,Protein::927,0
Durg::655,drug_target_interaction,Protein::518,0
Durg::462,drug_target_interaction,Protein::486,0
Durg::220,drug_target_interaction,Protein::1183,0
Durg::138,drug_target_interaction,Protein::421,0
Durg::624,drug_target_interaction,Protein::549,0
Durg::181,drug_target_interaction,Protein::170,0
Durg::602,drug_target_interaction,Protein::82,0
Durg::254,drug_target_interaction,Protein::362,0
Durg::22,drug_target_interaction,Protein::922,0
Durg::351,drug_target_interaction,Protein::208,0
Durg::692,drug_target_interaction,Protein::581,0
Durg::612,drug_target_interaction,Protein::402,0
Durg::638,drug_target_interaction,Protein::1150,0
Durg::302,drug_target_interaction,Protein::120,0
Durg::217,drug_target_interaction,Protein::135,0
Durg::254,drug_target_interaction,Protein::569,0
Durg::658,drug_target_interaction,Protein::310,0
Durg::529,drug_target_interaction,Protein::7,0
Durg::286,drug_target_interaction,Protein::383,0
Durg::560,drug_target_interaction,Protein::368,0
Durg::100,drug_target_interaction,Protein::433,0
Durg::365,drug_target_interaction,Protein::196,0
Durg::364,drug_target_interaction,Protein::857,0
Durg::159,drug_target_interaction,Protein::1148,0
Durg::634,drug_target_interaction,Protein::636,0
Durg::404,drug_target_interaction,Protein::7,0
Durg::380,drug_target_interaction,Protein::625,0
Durg::349,drug_target_interaction,Protein::648,0
Durg::80,drug_target_interaction,Protein::296,0
Durg::443,drug_target_interaction,Protein::1169,0
Durg::650,drug_target_interaction,Protein::515,0
Durg::659,drug_target_interaction,Protein::442,0
Durg::537,drug_target_interaction,Protein::1155,0
Durg::668,drug_target_interaction,Protein::483,0
Durg::102,drug_target_interaction,Protein::318,0
Durg::472,drug_target_interaction,Protein::1155,0
Durg::48,drug_target_interaction,Protein::477,0
Durg::298,drug_target_interaction,Protein::1170,0
Durg::460,drug_target_interaction,Protein::670,0
Durg::191,drug_target_interaction,Protein::115,0
Durg::163,drug_target_interaction,Protein::289,0
Durg::111,drug_target_interaction,Protein::291,0
Durg::407,drug_target_interaction,Protein::113,0
Durg::84,drug_target_interaction,Protein::657,0
Durg::592,drug_target_interaction,Protein::279,0
Durg::211,drug_target_interaction,Protein::1196,0
Durg::161,drug_target_interaction,Protein::995,0
Durg::70,drug_target_interaction,Protein::516,0
Durg::27,drug_target_interaction,Protein::773,0
Durg::429,drug_target_interaction,Protein::263,0
Durg::499,drug_target_interaction,Protein::319,0
Durg::254,drug_target_interaction,Protein::232,0
Durg::110,drug_target_interaction,Protein::624,0
Durg::27,drug_target_interaction,Protein::992,0
Durg::639,drug_target_interaction,Protein::311,0
Durg::586,drug_target_interaction,Protein::266,0
Durg::245,drug_target_interaction,Protein::483,0
Durg::69,drug_target_interaction,Protein::998,0
Durg::585,drug_target_interaction,Protein::13,0
Durg::375,drug_target_interaction,Protein::610,0
Durg::566,drug_target_interaction,Protein::164,0
Durg::174,drug_target_interaction,Protein::18,0
Durg::43,drug_target_interaction,Protein::258,0
Durg::415,drug_target_interaction,Protein::475,0
Durg::497,drug_target_interaction,Protein::778,0
Durg::645,drug_target_interaction,Protein::709,0
Durg::227,drug_target_interaction,Protein::1060,0
Durg::498,drug_target_interaction,Protein::1161,0
Durg::503,drug_target_interaction,Protein::362,0
Durg::65,drug_target_interaction,Protein::260,0
Durg::691,drug_target_interaction,Protein::81,0
Durg::377,drug_target_interaction,Protein::358,0
Durg::71,drug_target_interaction,Protein::472,0
Durg::349,drug_target_interaction,Protein::709,0
Durg::78,drug_target_interaction,Protein::1179,0
Durg::485,drug_target_interaction,Protein::195,0
Durg::145,drug_target_interaction,Protein::83,0
Durg::355,drug_target_interaction,Protein::194,0
Durg::366,drug_target_interaction,Protein::19,0
Durg::542,drug_target_interaction,Protein::261,0
Durg::234,drug_target_interaction,Protein::1180,0
Durg::466,drug_target_interaction,Protein::149,0
Durg::395,drug_target_interaction,Protein::141,0
Durg::308,drug_target_interaction,Protein::207,0
Durg::431,drug_target_interaction,Protein::1180,0
Durg::396,drug_target_interaction,Protein::505,0
Durg::293,drug_target_interaction,Protein::1152,0
Durg::574,drug_target_interaction,Protein::40,0
Durg::36,drug_target_interaction,Protein::291,0
Durg::537,drug_target_interaction,Protein::545,0
Durg::588,drug_target_interaction,Protein::460,0
Durg::161,drug_target_interaction,Protein::674,0
Durg::247,drug_target_interaction,Protein::242,0
Durg::489,drug_target_interaction,Protein::663,0
Durg::415,drug_target_interaction,Protein::1506,0
Durg::450,drug_target_interaction,Protein::106,0
Durg::287,drug_target_interaction,Protein::720,0
Durg::601,drug_target_interaction,Protein::51,0
Durg::569,drug_target_interaction,Protein::246,0
Durg::380,drug_target_interaction,Protein::317,0
Durg::472,drug_target_interaction,Protein::380,0
Durg::675,drug_target_interaction,Protein::483,0
Durg::41,drug_target_interaction,Protein::395,0
Durg::283,drug_target_interaction,Protein::621,0
Durg::685,drug_target_interaction,Protein::14,0
Durg::83,drug_target_interaction,Protein::43,0
Durg::500,drug_target_interaction,Protein::374,0
Durg::682,drug_target_interaction,Protein::1150,0
Durg::570,drug_target_interaction,Protein::361,0
Durg::251,drug_target_interaction,Protein::996,0
Durg::86,drug_target_interaction,Protein::25,0
Durg::593,drug_target_interaction,Protein::260,0
Durg::288,drug_target_interaction,Protein::12,0
Durg::180,drug_target_interaction,Protein::1166,0
Durg::254,drug_target_interaction,Protein::424,0
Durg::462,drug_target_interaction,Protein::1202,0
Durg::573,drug_target_interaction,Protein::1183,0
Durg::546,drug_target_interaction,Protein::278,0
Durg::285,drug_target_interaction,Protein::773,0
Durg::48,drug_target_interaction,Protein::722,0
Durg::356,drug_target_interaction,Protein::482,0
Durg::609,drug_target_interaction,Protein::487,0
Durg::479,drug_target_interaction,Protein::545,0
Durg::560,drug_target_interaction,Protein::81,0
Durg::300,drug_target_interaction,Protein::989,0
Durg::491,drug_target_interaction,Protein::608,0
Durg::503,drug_target_interaction,Protein::509,0
Durg::63,drug_target_interaction,Protein::164,0
Durg::395,drug_target_interaction,Protein::484,0
Durg::669,drug_target_interaction,Protein::6,0
Durg::497,drug_target_interaction,Protein::288,0
Durg::423,drug_target_interaction,Protein::120,0
Durg::572,drug_target_interaction,Protein::995,0
Durg::19,drug_target_interaction,Protein::246,0
Durg::626,drug_target_interaction,Protein::670,0
Durg::16,drug_target_interaction,Protein::328,0
Durg::504,drug_target_interaction,Protein::1181,0
Durg::159,drug_target_interaction,Protein::442,0
Durg::693,drug_target_interaction,Protein::1382,0
Durg::478,drug_target_interaction,Protein::515,0
Durg::415,drug_target_interaction,Protein::1009,0
Durg::17,drug_target_interaction,Protein::484,0
Durg::623,drug_target_interaction,Protein::6,0
Durg::183,drug_target_interaction,Protein::82,0
Durg::120,drug_target_interaction,Protein::675,0
Durg::529,drug_target_interaction,Protein::1041,0
Durg::196,drug_target_interaction,Protein::1006,0
Durg::84,drug_target_interaction,Protein::854,0
Durg::565,drug_target_interaction,Protein::395,0
Durg::522,drug_target_interaction,Protein::648,0
Durg::493,drug_target_interaction,Protein::141,0
Durg::462,drug_target_interaction,Protein::221,0
Durg::346,drug_target_interaction,Protein::357,0
Durg::84,drug_target_interaction,Protein::112,0
Durg::172,drug_target_interaction,Protein::613,0
Durg::327,drug_target_interaction,Protein::146,0
Durg::31,drug_target_interaction,Protein::1153,0
Durg::532,drug_target_interaction,Protein::377,0
Durg::11,drug_target_interaction,Protein::550,0
Durg::87,drug_target_interaction,Protein::317,0
Durg::436,drug_target_interaction,Protein::1009,0
Durg::573,drug_target_interaction,Protein::88,0
Durg::220,drug_target_interaction,Protein::1201,0
Durg::36,drug_target_interaction,Protein::550,0
Durg::658,drug_target_interaction,Protein::42,0
Durg::308,drug_target_interaction,Protein::1187,0
Durg::663,drug_target_interaction,Protein::592,0
Durg::172,drug_target_interaction,Protein::89,0
Durg::202,drug_target_interaction,Protein::266,0
Durg::366,drug_target_interaction,Protein::112,0
Durg::373,drug_target_interaction,Protein::85,0
Durg::566,drug_target_interaction,Protein::34,0
Durg::682,drug_target_interaction,Protein::401,0
Durg::12,drug_target_interaction,Protein::674,0
Durg::62,drug_target_interaction,Protein::614,0
Durg::611,drug_target_interaction,Protein::269,0
Durg::302,drug_target_interaction,Protein::1196,0
Durg::77,drug_target_interaction,Protein::647,0
Durg::439,drug_target_interaction,Protein::183,0
Durg::494,drug_target_interaction,Protein::237,0
Durg::171,drug_target_interaction,Protein::223,0
Durg::430,drug_target_interaction,Protein::1055,0
Durg::255,drug_target_interaction,Protein::475,0
Durg::479,drug_target_interaction,Protein::516,0
Durg::521,drug_target_interaction,Protein::509,0
Durg::678,drug_target_interaction,Protein::422,0
Durg::436,drug_target_interaction,Protein::1181,0
Durg::538,drug_target_interaction,Protein::260,0
Durg::546,drug_target_interaction,Protein::81,0
Durg::428,drug_target_interaction,Protein::994,0
Durg::160,drug_target_interaction,Protein::389,0
Durg::366,drug_target_interaction,Protein::561,0
Durg::587,drug_target_interaction,Protein::1060,0
Durg::217,drug_target_interaction,Protein::320,0
Durg::77,drug_target_interaction,Protein::28,0
Durg::544,drug_target_interaction,Protein::516,0
Durg::616,drug_target_interaction,Protein::260,0
Durg::251,drug_target_interaction,Protein::647,0
Durg::391,drug_target_interaction,Protein::545,0
Durg::42,drug_target_interaction,Protein::1177,0
Durg::442,drug_target_interaction,Protein::1170,0
Durg::174,drug_target_interaction,Protein::993,0
Durg::680,drug_target_interaction,Protein::1152,0
Durg::622,drug_target_interaction,Protein::259,0
Durg::507,drug_target_interaction,Protein::279,0
Durg::68,drug_target_interaction,Protein::358,0
Durg::48,drug_target_interaction,Protein::742,0
Durg::689,drug_target_interaction,Protein::1201,0
Durg::523,drug_target_interaction,Protein::994,0
Durg::368,drug_target_interaction,Protein::1153,0
Durg::409,drug_target_interaction,Protein::617,0
Durg::250,drug_target_interaction,Protein::6,0
Durg::281,drug_target_interaction,Protein::853,0
Durg::350,drug_target_interaction,Protein::368,0
Durg::361,drug_target_interaction,Protein::859,0
Durg::252,drug_target_interaction,Protein::1022,0
Durg::132,drug_target_interaction,Protein::646,0
Durg::28,drug_target_interaction,Protein::994,0
Durg::602,drug_target_interaction,Protein::1172,0
Durg::486,drug_target_interaction,Protein::261,0
Durg::123,drug_target_interaction,Protein::486,0
Durg::261,drug_target_interaction,Protein::197,0
Durg::54,drug_target_interaction,Protein::183,0
Durg::135,drug_target_interaction,Protein::402,0
Durg::397,drug_target_interaction,Protein::112,0
Durg::163,drug_target_interaction,Protein::1184,0
Durg::612,drug_target_interaction,Protein::273,0
Durg::592,drug_target_interaction,Protein::1169,0
Durg::339,drug_target_interaction,Protein::726,0
Durg::288,drug_target_interaction,Protein::201,0
Durg::191,drug_target_interaction,Protein::200,0
Durg::347,drug_target_interaction,Protein::108,0
Durg::70,drug_target_interaction,Protein::272,0
Durg::462,drug_target_interaction,Protein::1188,0
Durg::174,drug_target_interaction,Protein::1164,0
Durg::618,drug_target_interaction,Protein::592,0
Durg::244,drug_target_interaction,Protein::1186,0
Durg::557,drug_target_interaction,Protein::1160,0
Durg::179,drug_target_interaction,Protein::206,0
Durg::606,drug_target_interaction,Protein::1201,0
Durg::592,drug_target_interaction,Protein::1177,0
Durg::112,drug_target_interaction,Protein::394,0
Durg::97,drug_target_interaction,Protein::390,0
Durg::480,drug_target_interaction,Protein::311,0
Durg::23,drug_target_interaction,Protein::1201,0
Durg::429,drug_target_interaction,Protein::998,0
Durg::655,drug_target_interaction,Protein::485,0
Durg::405,drug_target_interaction,Protein::160,0
Durg::343,drug_target_interaction,Protein::246,0
Durg::489,drug_target_interaction,Protein::200,0
Durg::573,drug_target_interaction,Protein::418,0
Durg::213,drug_target_interaction,Protein::546,0
Durg::96,drug_target_interaction,Protein::279,0
Durg::335,drug_target_interaction,Protein::625,0
Durg::433,drug_target_interaction,Protein::273,0
Durg::298,drug_target_interaction,Protein::266,0
Durg::634,drug_target_interaction,Protein::362,0
Durg::121,drug_target_interaction,Protein::330,0
Durg::14,drug_target_interaction,Protein::32,0
Durg::698,drug_target_interaction,Protein::423,0
Durg::211,drug_target_interaction,Protein::1201,0
Durg::126,drug_target_interaction,Protein::550,0
Durg::351,drug_target_interaction,Protein::486,0
Durg::624,drug_target_interaction,Protein::364,0
Durg::19,drug_target_interaction,Protein::31,0
Durg::299,drug_target_interaction,Protein::269,0
Durg::93,drug_target_interaction,Protein::470,0
Durg::340,drug_target_interaction,Protein::181,0
Durg::545,drug_target_interaction,Protein::1382,0
Durg::498,drug_target_interaction,Protein::31,0
Durg::156,drug_target_interaction,Protein::45,0
Durg::195,drug_target_interaction,Protein::346,0
Durg::495,drug_target_interaction,Protein::1161,0
Durg::335,drug_target_interaction,Protein::1186,0
Durg::489,drug_target_interaction,Protein::449,0
Durg::340,drug_target_interaction,Protein::359,0
Durg::481,drug_target_interaction,Protein::194,0
Durg::86,drug_target_interaction,Protein::62,0
Durg::174,drug_target_interaction,Protein::592,0
Durg::584,drug_target_interaction,Protein::574,0
Durg::203,drug_target_interaction,Protein::259,0
Durg::6,drug_target_interaction,Protein::208,0
Durg::194,drug_target_interaction,Protein::401,0
Durg::190,drug_target_interaction,Protein::696,0
Durg::202,drug_target_interaction,Protein::400,0
Durg::114,drug_target_interaction,Protein::583,0
Durg::283,drug_target_interaction,Protein::1060,0
Durg::637,drug_target_interaction,Protein::994,0
Durg::303,drug_target_interaction,Protein::1151,0
Durg::297,drug_target_interaction,Protein::696,0
Durg::299,drug_target_interaction,Protein::1015,0
Durg::460,drug_target_interaction,Protein::266,0
Durg::280,drug_target_interaction,Protein::482,0
Durg::339,drug_target_interaction,Protein::852,0
Durg::140,drug_target_interaction,Protein::642,0
Durg::375,drug_target_interaction,Protein::717,0
Durg::193,drug_target_interaction,Protein::14,0
Durg::609,drug_target_interaction,Protein::272,0
Durg::585,drug_target_interaction,Protein::1299,0
Durg::442,drug_target_interaction,Protein::610,0
Durg::327,drug_target_interaction,Protein::773,0
Durg::52,drug_target_interaction,Protein::288,0
Durg::264,drug_target_interaction,Protein::656,0
Durg::371,drug_target_interaction,Protein::32,0
Durg::442,drug_target_interaction,Protein::495,0
Durg::415,drug_target_interaction,Protein::610,0
Durg::2,drug_target_interaction,Protein::853,0
Durg::269,drug_target_interaction,Protein::135,0
Durg::634,drug_target_interaction,Protein::115,0
Durg::222,drug_target_interaction,Protein::170,0
Durg::346,drug_target_interaction,Protein::665,0
Durg::2,drug_target_interaction,Protein::45,0
Durg::83,drug_target_interaction,Protein::613,0
Durg::621,drug_target_interaction,Protein::106,0
Durg::436,drug_target_interaction,Protein::117,0
Durg::93,drug_target_interaction,Protein::514,0
Durg::535,drug_target_interaction,Protein::1163,0
Durg::654,drug_target_interaction,Protein::1186,0
Durg::659,drug_target_interaction,Protein::1173,0
Durg::66,drug_target_interaction,Protein::40,0
Durg::520,drug_target_interaction,Protein::635,0
Durg::346,drug_target_interaction,Protein::466,0
Durg::30,drug_target_interaction,Protein::1029,0
Durg::112,drug_target_interaction,Protein::175,0
Durg::7,drug_target_interaction,Protein::419,0
Durg::299,drug_target_interaction,Protein::322,0
Durg::580,drug_target_interaction,Protein::1155,0
Durg::19,drug_target_interaction,Protein::136,0
Durg::603,drug_target_interaction,Protein::106,0
Durg::82,drug_target_interaction,Protein::244,0
Durg::692,drug_target_interaction,Protein::1176,0
Durg::276,drug_target_interaction,Protein::460,0
Durg::455,drug_target_interaction,Protein::1138,0
Durg::383,drug_target_interaction,Protein::42,0
Durg::457,drug_target_interaction,Protein::1060,0
Durg::60,drug_target_interaction,Protein::1161,0
Durg::448,drug_target_interaction,Protein::614,0
Durg::335,drug_target_interaction,Protein::613,0
Durg::347,drug_target_interaction,Protein::218,0
Durg::549,drug_target_interaction,Protein::1029,0
Durg::339,drug_target_interaction,Protein::143,0
Durg::8,drug_target_interaction,Protein::327,0
Durg::367,drug_target_interaction,Protein::689,0
Durg::69,drug_target_interaction,Protein::859,0
Durg::570,drug_target_interaction,Protein::665,0
Durg::12,drug_target_interaction,Protein::25,0
Durg::424,drug_target_interaction,Protein::265,0
Durg::389,drug_target_interaction,Protein::389,0
Durg::618,drug_target_interaction,Protein::26,0
Durg::534,drug_target_interaction,Protein::817,0
Durg::466,drug_target_interaction,Protein::13,0
Durg::404,drug_target_interaction,Protein::62,0
Durg::297,drug_target_interaction,Protein::860,0
Durg::125,drug_target_interaction,Protein::608,0
Durg::483,drug_target_interaction,Protein::1167,0
Durg::68,drug_target_interaction,Protein::783,0
Durg::156,drug_target_interaction,Protein::407,0
Durg::301,drug_target_interaction,Protein::722,0
Durg::485,drug_target_interaction,Protein::538,0
Durg::444,drug_target_interaction,Protein::407,0
Durg::137,drug_target_interaction,Protein::514,0
Durg::569,drug_target_interaction,Protein::189,0
Durg::593,drug_target_interaction,Protein::986,0
Durg::6,drug_target_interaction,Protein::524,0
Durg::132,drug_target_interaction,Protein::670,0
Durg::111,drug_target_interaction,Protein::1504,0
Durg::292,drug_target_interaction,Protein::244,0
Durg::77,drug_target_interaction,Protein::266,0
Durg::172,drug_target_interaction,Protein::291,0
Durg::43,drug_target_interaction,Protein::195,0
Durg::346,drug_target_interaction,Protein::1162,0
Durg::658,drug_target_interaction,Protein::738,0
Durg::283,drug_target_interaction,Protein::1177,0
Durg::253,drug_target_interaction,Protein::1184,0
Durg::165,drug_target_interaction,Protein::637,0
Durg::245,drug_target_interaction,Protein::201,0
Durg::469,drug_target_interaction,Protein::302,0
Durg::668,drug_target_interaction,Protein::984,0
Durg::272,drug_target_interaction,Protein::366,0
Durg::628,drug_target_interaction,Protein::817,0
Durg::660,drug_target_interaction,Protein::166,0
Durg::658,drug_target_interaction,Protein::429,0
Durg::363,drug_target_interaction,Protein::12,0
Durg::365,drug_target_interaction,Protein::1185,0
Durg::477,drug_target_interaction,Protein::7,0
Durg::283,drug_target_interaction,Protein::295,0
Durg::493,drug_target_interaction,Protein::1201,0
Durg::499,drug_target_interaction,Protein::665,0
Durg::5,drug_target_interaction,Protein::1029,0
Durg::156,drug_target_interaction,Protein::71,0
Durg::260,drug_target_interaction,Protein::247,0
Durg::57,drug_target_interaction,Protein::183,0
Durg::10,drug_target_interaction,Protein::814,0
Durg::426,drug_target_interaction,Protein::527,0
Durg::325,drug_target_interaction,Protein::279,0
Durg::371,drug_target_interaction,Protein::1181,0
Durg::10,drug_target_interaction,Protein::113,0
Durg::478,drug_target_interaction,Protein::1382,0
Durg::103,drug_target_interaction,Protein::242,0
Durg::433,drug_target_interaction,Protein::264,0
Durg::549,drug_target_interaction,Protein::1148,0
Durg::230,drug_target_interaction,Protein::115,0
Durg::540,drug_target_interaction,Protein::665,0
Durg::445,drug_target_interaction,Protein::482,0
Durg::252,drug_target_interaction,Protein::636,0
Durg::393,drug_target_interaction,Protein::1164,0
Durg::528,drug_target_interaction,Protein::302,0
Durg::534,drug_target_interaction,Protein::1201,0
Durg::373,drug_target_interaction,Protein::1169,0
Durg::432,drug_target_interaction,Protein::516,0
Durg::85,drug_target_interaction,Protein::33,0
Durg::289,drug_target_interaction,Protein::773,0
Durg::398,drug_target_interaction,Protein::614,0
Durg::58,drug_target_interaction,Protein::1164,0
Durg::335,drug_target_interaction,Protein::1183,0
Durg::154,drug_target_interaction,Protein::574,0
Durg::491,drug_target_interaction,Protein::1503,0
Durg::532,drug_target_interaction,Protein::389,0
Durg::420,drug_target_interaction,Protein::358,0
Durg::383,drug_target_interaction,Protein::515,0
Durg::675,drug_target_interaction,Protein::309,0
Durg::172,drug_target_interaction,Protein::858,0
Durg::645,drug_target_interaction,Protein::166,0
Durg::287,drug_target_interaction,Protein::160,0
Durg::2,drug_target_interaction,Protein::108,0
Durg::303,drug_target_interaction,Protein::1170,0
Durg::257,drug_target_interaction,Protein::25,0
Durg::116,drug_target_interaction,Protein::1196,0
Durg::406,drug_target_interaction,Protein::581,0
Durg::377,drug_target_interaction,Protein::624,0
Durg::287,drug_target_interaction,Protein::493,0
Durg::47,drug_target_interaction,Protein::73,0
Durg::363,drug_target_interaction,Protein::722,0
Durg::23,drug_target_interaction,Protein::421,0
Durg::136,drug_target_interaction,Protein::113,0
Durg::573,drug_target_interaction,Protein::470,0
Durg::271,drug_target_interaction,Protein::1176,0
Durg::141,drug_target_interaction,Protein::1055,0
Durg::195,drug_target_interaction,Protein::266,0
Durg::427,drug_target_interaction,Protein::32,0
Durg::375,drug_target_interaction,Protein::452,0
Durg::582,drug_target_interaction,Protein::143,0
Durg::549,drug_target_interaction,Protein::117,0
Durg::11,drug_target_interaction,Protein::1187,0
Durg::506,drug_target_interaction,Protein::1009,0
Durg::346,drug_target_interaction,Protein::25,0
Durg::461,drug_target_interaction,Protein::1006,0
Durg::335,drug_target_interaction,Protein::581,0
Durg::368,drug_target_interaction,Protein::773,0
Durg::539,drug_target_interaction,Protein::538,0
Durg::528,drug_target_interaction,Protein::592,0
Durg::371,drug_target_interaction,Protein::568,0
Durg::97,drug_target_interaction,Protein::918,0
Durg::696,drug_target_interaction,Protein::605,0
Durg::141,drug_target_interaction,Protein::1382,0
Durg::40,drug_target_interaction,Protein::290,0
Durg::593,drug_target_interaction,Protein::295,0
Durg::338,drug_target_interaction,Protein::916,0
Durg::570,drug_target_interaction,Protein::359,0
Durg::340,drug_target_interaction,Protein::654,0
Durg::691,drug_target_interaction,Protein::440,0
Durg::285,drug_target_interaction,Protein::814,0
Durg::109,drug_target_interaction,Protein::1203,0
Durg::389,drug_target_interaction,Protein::1299,0
Durg::651,drug_target_interaction,Protein::25,0
Durg::293,drug_target_interaction,Protein::263,0
Durg::507,drug_target_interaction,Protein::744,0
Durg::668,drug_target_interaction,Protein::1181,0
Durg::292,drug_target_interaction,Protein::985,0
Durg::314,drug_target_interaction,Protein::681,0
Durg::332,drug_target_interaction,Protein::288,0
Durg::498,drug_target_interaction,Protein::990,0
Durg::2,drug_target_interaction,Protein::738,0
Durg::193,drug_target_interaction,Protein::661,0
Durg::477,drug_target_interaction,Protein::115,0
Durg::238,drug_target_interaction,Protein::374,0
Durg::437,drug_target_interaction,Protein::39,0
Durg::88,drug_target_interaction,Protein::854,0
Durg::545,drug_target_interaction,Protein::108,0
Durg::211,drug_target_interaction,Protein::453,0
Durg::634,drug_target_interaction,Protein::570,0
Durg::227,drug_target_interaction,Protein::526,0
Durg::191,drug_target_interaction,Protein::6,0
Durg::164,drug_target_interaction,Protein::783,0
Durg::201,drug_target_interaction,Protein::448,0
Durg::669,drug_target_interaction,Protein::424,0
Durg::179,drug_target_interaction,Protein::33,0
Durg::137,drug_target_interaction,Protein::164,0
Durg::278,drug_target_interaction,Protein::67,0
Durg::310,drug_target_interaction,Protein::327,0
Durg::628,drug_target_interaction,Protein::240,0
Durg::295,drug_target_interaction,Protein::242,0
Durg::405,drug_target_interaction,Protein::745,0
Durg::412,drug_target_interaction,Protein::141,0
Durg::560,drug_target_interaction,Protein::569,0
Durg::614,drug_target_interaction,Protein::115,0
Durg::411,drug_target_interaction,Protein::400,0
Durg::380,drug_target_interaction,Protein::689,0
Durg::565,drug_target_interaction,Protein::6,0
Durg::121,drug_target_interaction,Protein::288,0
Durg::99,drug_target_interaction,Protein::243,0
Durg::507,drug_target_interaction,Protein::144,0
Durg::31,drug_target_interaction,Protein::166,0
Durg::702,drug_target_interaction,Protein::85,0
Durg::85,drug_target_interaction,Protein::141,0
Durg::226,drug_target_interaction,Protein::991,0
Durg::57,drug_target_interaction,Protein::477,0
Durg::171,drug_target_interaction,Protein::7,0
Durg::64,drug_target_interaction,Protein::442,0
Durg::213,drug_target_interaction,Protein::121,0
Durg::27,drug_target_interaction,Protein::1055,0
Durg::102,drug_target_interaction,Protein::592,0
Durg::74,drug_target_interaction,Protein::588,0
Durg::151,drug_target_interaction,Protein::276,0
Durg::475,drug_target_interaction,Protein::435,0
Durg::3,drug_target_interaction,Protein::19,0
Durg::172,drug_target_interaction,Protein::346,0
Durg::234,drug_target_interaction,Protein::495,0
Durg::401,drug_target_interaction,Protein::413,0
Durg::133,drug_target_interaction,Protein::614,0
Durg::354,drug_target_interaction,Protein::330,0
Durg::532,drug_target_interaction,Protein::717,0
Durg::522,drug_target_interaction,Protein::530,0
Durg::103,drug_target_interaction,Protein::648,0
Durg::333,drug_target_interaction,Protein::484,0
Durg::299,drug_target_interaction,Protein::518,0
Durg::431,drug_target_interaction,Protein::241,0
Durg::35,drug_target_interaction,Protein::592,0
Durg::707,drug_target_interaction,Protein::722,0
Durg::391,drug_target_interaction,Protein::482,0
Durg::523,drug_target_interaction,Protein::450,0
Durg::193,drug_target_interaction,Protein::140,0
Durg::298,drug_target_interaction,Protein::114,0
Durg::24,drug_target_interaction,Protein::1504,0
Durg::273,drug_target_interaction,Protein::25,0
Durg::569,drug_target_interaction,Protein::483,0
Durg::344,drug_target_interaction,Protein::141,0
Durg::341,drug_target_interaction,Protein::991,0
Durg::539,drug_target_interaction,Protein::1196,0
Durg::686,drug_target_interaction,Protein::40,0
Durg::473,drug_target_interaction,Protein::40,0
Durg::429,drug_target_interaction,Protein::778,0
Durg::297,drug_target_interaction,Protein::197,0
Durg::153,drug_target_interaction,Protein::707,0
Durg::654,drug_target_interaction,Protein::549,0
Durg::428,drug_target_interaction,Protein::424,0
Durg::570,drug_target_interaction,Protein::440,0
Durg::3,drug_target_interaction,Protein::857,0
Durg::114,drug_target_interaction,Protein::1160,0
Durg::410,drug_target_interaction,Protein::140,0
Durg::587,drug_target_interaction,Protein::484,0
Durg::655,drug_target_interaction,Protein::309,0
Durg::176,drug_target_interaction,Protein::1503,0
Durg::652,drug_target_interaction,Protein::43,0
Durg::419,drug_target_interaction,Protein::183,0
Durg::254,drug_target_interaction,Protein::860,0
Durg::613,drug_target_interaction,Protein::1138,0
Durg::286,drug_target_interaction,Protein::1165,0
Durg::197,drug_target_interaction,Protein::25,0
Durg::260,drug_target_interaction,Protein::783,0
Durg::462,drug_target_interaction,Protein::364,0
Durg::329,drug_target_interaction,Protein::689,0
Durg::102,drug_target_interaction,Protein::563,0
Durg::10,drug_target_interaction,Protein::62,0
Durg::626,drug_target_interaction,Protein::475,0
Durg::539,drug_target_interaction,Protein::246,0
Durg::203,drug_target_interaction,Protein::440,0
Durg::141,drug_target_interaction,Protein::669,0
Durg::358,drug_target_interaction,Protein::2,0
Durg::498,drug_target_interaction,Protein::60,0
Durg::329,drug_target_interaction,Protein::509,0
Durg::130,drug_target_interaction,Protein::1382,0
Durg::2,drug_target_interaction,Protein::1011,0
Durg::371,drug_target_interaction,Protein::475,0
Durg::451,drug_target_interaction,Protein::854,0
Durg::299,drug_target_interaction,Protein::290,0
Durg::176,drug_target_interaction,Protein::636,0
Durg::2,drug_target_interaction,Protein::134,0
Durg::84,drug_target_interaction,Protein::1185,0
Durg::471,drug_target_interaction,Protein::1060,0
Durg::68,drug_target_interaction,Protein::203,0
Durg::430,drug_target_interaction,Protein::13,0
Durg::669,drug_target_interaction,Protein::1299,0
Durg::130,drug_target_interaction,Protein::927,0
Durg::698,drug_target_interaction,Protein::516,0
Durg::194,drug_target_interaction,Protein::1174,0
Durg::381,drug_target_interaction,Protein::642,0
Durg::421,drug_target_interaction,Protein::592,0
Durg::659,drug_target_interaction,Protein::1010,0
Durg::325,drug_target_interaction,Protein::261,0
Durg::257,drug_target_interaction,Protein::786,0
Durg::3,drug_target_interaction,Protein::995,0
Durg::601,drug_target_interaction,Protein::113,0
Durg::34,drug_target_interaction,Protein::240,0
Durg::686,drug_target_interaction,Protein::183,0
Durg::573,drug_target_interaction,Protein::243,0
Durg::502,drug_target_interaction,Protein::19,0
Durg::74,drug_target_interaction,Protein::563,0
Durg::616,drug_target_interaction,Protein::340,0
Durg::94,drug_target_interaction,Protein::1162,0
Durg::88,drug_target_interaction,Protein::523,0
Durg::325,drug_target_interaction,Protein::1022,0
Durg::564,drug_target_interaction,Protein::1172,0
Durg::484,drug_target_interaction,Protein::940,0
Durg::317,drug_target_interaction,Protein::85,0
Durg::524,drug_target_interaction,Protein::135,0
Durg::48,drug_target_interaction,Protein::203,0
Durg::83,drug_target_interaction,Protein::85,0
Durg::634,drug_target_interaction,Protein::986,0
Durg::473,drug_target_interaction,Protein::530,0
Durg::697,drug_target_interaction,Protein::1146,0
Durg::395,drug_target_interaction,Protein::1187,0
Durg::413,drug_target_interaction,Protein::675,0
Durg::431,drug_target_interaction,Protein::1179,0
Durg::485,drug_target_interaction,Protein::991,0
Durg::80,drug_target_interaction,Protein::466,0
Durg::574,drug_target_interaction,Protein::28,0
Durg::571,drug_target_interaction,Protein::428,0
Durg::5,drug_target_interaction,Protein::670,0
Durg::644,drug_target_interaction,Protein::940,0
Durg::240,drug_target_interaction,Protein::994,0
Durg::350,drug_target_interaction,Protein::637,0
Durg::84,drug_target_interaction,Protein::183,0
Durg::48,drug_target_interaction,Protein::515,0
Durg::542,drug_target_interaction,Protein::916,0
Durg::147,drug_target_interaction,Protein::394,0
Durg::398,drug_target_interaction,Protein::407,0
Durg::66,drug_target_interaction,Protein::1161,0
Durg::180,drug_target_interaction,Protein::647,0
Durg::622,drug_target_interaction,Protein::654,0
Durg::498,drug_target_interaction,Protein::998,0
Durg::539,drug_target_interaction,Protein::583,0
Durg::367,drug_target_interaction,Protein::120,0
Durg::545,drug_target_interaction,Protein::242,0
Durg::645,drug_target_interaction,Protein::428,0
Durg::450,drug_target_interaction,Protein::326,0
Durg::156,drug_target_interaction,Protein::589,0
Durg::459,drug_target_interaction,Protein::1009,0
Durg::421,drug_target_interaction,Protein::424,0
Durg::539,drug_target_interaction,Protein::289,0
Durg::448,drug_target_interaction,Protein::998,0
Durg::311,drug_target_interaction,Protein::134,0
Durg::454,drug_target_interaction,Protein::689,0
Durg::161,drug_target_interaction,Protein::1165,0
Durg::658,drug_target_interaction,Protein::433,0
Durg::499,drug_target_interaction,Protein::1029,0
Durg::585,drug_target_interaction,Protein::368,0
Durg::607,drug_target_interaction,Protein::485,0
Durg::335,drug_target_interaction,Protein::271,0
Durg::412,drug_target_interaction,Protein::1139,0
Durg::265,drug_target_interaction,Protein::62,0
Durg::557,drug_target_interaction,Protein::1166,0
Durg::193,drug_target_interaction,Protein::994,0
Durg::672,drug_target_interaction,Protein::85,0
Durg::82,drug_target_interaction,Protein::189,0
Durg::239,drug_target_interaction,Protein::64,0
Durg::696,drug_target_interaction,Protein::1000,0
Durg::347,drug_target_interaction,Protein::208,0
Durg::627,drug_target_interaction,Protein::991,0
Durg::188,drug_target_interaction,Protein::483,0
Durg::690,drug_target_interaction,Protein::1382,0
Durg::506,drug_target_interaction,Protein::263,0
Durg::191,drug_target_interaction,Protein::320,0
Durg::656,drug_target_interaction,Protein::143,0
Durg::472,drug_target_interaction,Protein::918,0
Durg::617,drug_target_interaction,Protein::296,0
Durg::358,drug_target_interaction,Protein::859,0
Durg::520,drug_target_interaction,Protein::421,0
Durg::222,drug_target_interaction,Protein::484,0
Durg::289,drug_target_interaction,Protein::530,0
Durg::115,drug_target_interaction,Protein::82,0
Durg::594,drug_target_interaction,Protein::657,0
Durg::194,drug_target_interaction,Protein::1151,0
Durg::543,drug_target_interaction,Protein::648,0
Durg::322,drug_target_interaction,Protein::42,0
Durg::692,drug_target_interaction,Protein::646,0
Durg::325,drug_target_interaction,Protein::991,0
Durg::247,drug_target_interaction,Protein::927,0
Durg::421,drug_target_interaction,Protein::138,0
Durg::661,drug_target_interaction,Protein::247,0
Durg::338,drug_target_interaction,Protein::166,0
Durg::65,drug_target_interaction,Protein::482,0
Durg::72,drug_target_interaction,Protein::707,0
Durg::343,drug_target_interaction,Protein::242,0
Durg::616,drug_target_interaction,Protein::996,0
Durg::582,drug_target_interaction,Protein::745,0
Durg::421,drug_target_interaction,Protein::851,0
Durg::479,drug_target_interaction,Protein::286,0
Durg::181,drug_target_interaction,Protein::452,0
Durg::148,drug_target_interaction,Protein::689,0
Durg::498,drug_target_interaction,Protein::466,0
Durg::451,drug_target_interaction,Protein::1173,0
Durg::625,drug_target_interaction,Protein::42,0
Durg::70,drug_target_interaction,Protein::194,0
Durg::65,drug_target_interaction,Protein::40,0
Durg::671,drug_target_interaction,Protein::164,0
Durg::678,drug_target_interaction,Protein::273,0
Durg::167,drug_target_interaction,Protein::346,0
Durg::158,drug_target_interaction,Protein::244,0
Durg::300,drug_target_interaction,Protein::452,0
Durg::197,drug_target_interaction,Protein::523,0
Durg::272,drug_target_interaction,Protein::83,0
Durg::111,drug_target_interaction,Protein::263,0
Durg::165,drug_target_interaction,Protein::218,0
Durg::10,drug_target_interaction,Protein::995,0
Durg::458,drug_target_interaction,Protein::1502,0
Durg::431,drug_target_interaction,Protein::563,0
Durg::349,drug_target_interaction,Protein::927,0
Durg::146,drug_target_interaction,Protein::681,0
Durg::180,drug_target_interaction,Protein::654,0
Durg::600,drug_target_interaction,Protein::1038,0
Durg::25,drug_target_interaction,Protein::640,0
Durg::62,drug_target_interaction,Protein::1055,0
Durg::559,drug_target_interaction,Protein::383,0
Durg::474,drug_target_interaction,Protein::637,0
Durg::227,drug_target_interaction,Protein::320,0
Durg::703,drug_target_interaction,Protein::518,0
Durg::262,drug_target_interaction,Protein::514,0
Durg::443,drug_target_interaction,Protein::1034,0
Durg::5,drug_target_interaction,Protein::1201,0
Durg::695,drug_target_interaction,Protein::320,0
Durg::202,drug_target_interaction,Protein::472,0
Durg::88,drug_target_interaction,Protein::452,0
Durg::703,drug_target_interaction,Protein::263,0
Durg::181,drug_target_interaction,Protein::427,0
Durg::224,drug_target_interaction,Protein::1201,0
Durg::396,drug_target_interaction,Protein::1138,0
Durg::70,drug_target_interaction,Protein::485,0
Durg::507,drug_target_interaction,Protein::470,0
Durg::448,drug_target_interaction,Protein::605,0
Durg::379,drug_target_interaction,Protein::383,0
Durg::400,drug_target_interaction,Protein::327,0
Durg::574,drug_target_interaction,Protein::858,0
Durg::541,drug_target_interaction,Protein::493,0
Durg::411,drug_target_interaction,Protein::1011,0
Durg::291,drug_target_interaction,Protein::315,0
Durg::454,drug_target_interaction,Protein::408,0
Durg::206,drug_target_interaction,Protein::144,0
Durg::609,drug_target_interaction,Protein::669,0
Durg::42,drug_target_interaction,Protein::856,0
Durg::193,drug_target_interaction,Protein::149,0
Durg::610,drug_target_interaction,Protein::583,0
Durg::502,drug_target_interaction,Protein::717,0
Durg::116,drug_target_interaction,Protein::134,0
Durg::690,drug_target_interaction,Protein::141,0
Durg::645,drug_target_interaction,Protein::221,0
Durg::500,drug_target_interaction,Protein::856,0
Durg::214,drug_target_interaction,Protein::134,0
Durg::654,drug_target_interaction,Protein::380,0
Durg::639,drug_target_interaction,Protein::518,0
Durg::497,drug_target_interaction,Protein::526,0
Durg::334,drug_target_interaction,Protein::514,0
Durg::424,drug_target_interaction,Protein::1170,0
Durg::530,drug_target_interaction,Protein::1183,0
Durg::164,drug_target_interaction,Protein::28,0
Durg::477,drug_target_interaction,Protein::201,0
Durg::10,drug_target_interaction,Protein::203,0
Durg::644,drug_target_interaction,Protein::1006,0
Durg::135,drug_target_interaction,Protein::200,0
Durg::409,drug_target_interaction,Protein::67,0
Durg::380,drug_target_interaction,Protein::505,0
Durg::451,drug_target_interaction,Protein::7,0
Durg::502,drug_target_interaction,Protein::783,0
Durg::294,drug_target_interaction,Protein::636,0
Durg::239,drug_target_interaction,Protein::589,0
Durg::405,drug_target_interaction,Protein::440,0
Durg::644,drug_target_interaction,Protein::1170,0
Durg::468,drug_target_interaction,Protein::60,0
Durg::570,drug_target_interaction,Protein::139,0
Durg::627,drug_target_interaction,Protein::221,0
Durg::314,drug_target_interaction,Protein::140,0
Durg::61,drug_target_interaction,Protein::442,0
Durg::651,drug_target_interaction,Protein::625,0
Durg::213,drug_target_interaction,Protein::617,0
Durg::574,drug_target_interaction,Protein::276,0
Durg::544,drug_target_interaction,Protein::265,0
Durg::133,drug_target_interaction,Protein::621,0
Durg::315,drug_target_interaction,Protein::986,0
Durg::254,drug_target_interaction,Protein::1503,0
Durg::404,drug_target_interaction,Protein::203,0
Durg::442,drug_target_interaction,Protein::82,0
Durg::676,drug_target_interaction,Protein::246,0
Durg::75,drug_target_interaction,Protein::34,0
Durg::369,drug_target_interaction,Protein::64,0
Durg::686,drug_target_interaction,Protein::1375,0
Durg::324,drug_target_interaction,Protein::346,0
Durg::189,drug_target_interaction,Protein::31,0
Durg::181,drug_target_interaction,Protein::196,0
Durg::541,drug_target_interaction,Protein::200,0
Durg::485,drug_target_interaction,Protein::852,0
Durg::412,drug_target_interaction,Protein::657,0
Durg::457,drug_target_interaction,Protein::647,0
Durg::221,drug_target_interaction,Protein::1015,0
Durg::503,drug_target_interaction,Protein::200,0
Durg::697,drug_target_interaction,Protein::985,0
Durg::675,drug_target_interaction,Protein::364,0
Durg::411,drug_target_interaction,Protein::516,0
Durg::52,drug_target_interaction,Protein::516,0
Durg::521,drug_target_interaction,Protein::288,0
Durg::11,drug_target_interaction,Protein::518,0
Durg::522,drug_target_interaction,Protein::197,0
Durg::42,drug_target_interaction,Protein::642,0
Durg::618,drug_target_interaction,Protein::194,0
Durg::350,drug_target_interaction,Protein::127,0
Durg::69,drug_target_interaction,Protein::358,0
Durg::226,drug_target_interaction,Protein::327,0
Durg::700,drug_target_interaction,Protein::987,0
Durg::130,drug_target_interaction,Protein::1176,0
Durg::210,drug_target_interaction,Protein::195,0
Durg::650,drug_target_interaction,Protein::408,0
Durg::522,drug_target_interaction,Protein::240,0
Durg::682,drug_target_interaction,Protein::278,0
Durg::97,drug_target_interaction,Protein::460,0
Durg::502,drug_target_interaction,Protein::271,0
Durg::80,drug_target_interaction,Protein::151,0
Durg::483,drug_target_interaction,Protein::289,0
Durg::560,drug_target_interaction,Protein::28,0
Durg::25,drug_target_interaction,Protein::497,0
Durg::377,drug_target_interaction,Protein::7,0
Durg::443,drug_target_interaction,Protein::726,0
Durg::677,drug_target_interaction,Protein::327,0
Durg::9,drug_target_interaction,Protein::674,0
Durg::141,drug_target_interaction,Protein::624,0
Durg::391,drug_target_interaction,Protein::435,0
Durg::224,drug_target_interaction,Protein::461,0
Durg::682,drug_target_interaction,Protein::201,0
Durg::75,drug_target_interaction,Protein::327,0
Durg::311,drug_target_interaction,Protein::244,0
Durg::506,drug_target_interaction,Protein::588,0
Durg::380,drug_target_interaction,Protein::64,0
Durg::600,drug_target_interaction,Protein::175,0
Durg::495,drug_target_interaction,Protein::166,0
Durg::573,drug_target_interaction,Protein::1060,0
Durg::288,drug_target_interaction,Protein::475,0
Durg::135,drug_target_interaction,Protein::19,0
Durg::371,drug_target_interaction,Protein::312,0
Durg::576,drug_target_interaction,Protein::290,0
Durg::480,drug_target_interaction,Protein::1163,0
Durg::281,drug_target_interaction,Protein::421,0
Durg::121,drug_target_interaction,Protein::19,0
Durg::430,drug_target_interaction,Protein::10,0
Durg::245,drug_target_interaction,Protein::241,0
Durg::34,drug_target_interaction,Protein::669,0
Durg::431,drug_target_interaction,Protein::988,0
Durg::369,drug_target_interaction,Protein::150,0
Durg::230,drug_target_interaction,Protein::12,0
Durg::201,drug_target_interaction,Protein::360,0
Durg::704,drug_target_interaction,Protein::135,0
Durg::102,drug_target_interaction,Protein::145,0
Durg::58,drug_target_interaction,Protein::1015,0
Durg::15,drug_target_interaction,Protein::1153,0
Durg::137,drug_target_interaction,Protein::51,0
Durg::4,drug_target_interaction,Protein::640,0
Durg::398,drug_target_interaction,Protein::995,0
Durg::439,drug_target_interaction,Protein::361,0
Durg::543,drug_target_interaction,Protein::656,0
Durg::359,drug_target_interaction,Protein::248,0
Durg::132,drug_target_interaction,Protein::155,0
Durg::78,drug_target_interaction,Protein::248,0
Durg::395,drug_target_interaction,Protein::1152,0
Durg::131,drug_target_interaction,Protein::610,0
Durg::433,drug_target_interaction,Protein::997,0
Durg::544,drug_target_interaction,Protein::1160,0
Durg::167,drug_target_interaction,Protein::482,0
Durg::392,drug_target_interaction,Protein::247,0
Durg::224,drug_target_interaction,Protein::1041,0
Durg::291,drug_target_interaction,Protein::448,0
Durg::154,drug_target_interaction,Protein::608,0
Durg::244,drug_target_interaction,Protein::472,0
Durg::383,drug_target_interaction,Protein::1172,0
Durg::93,drug_target_interaction,Protein::309,0
Durg::87,drug_target_interaction,Protein::269,0
Durg::368,drug_target_interaction,Protein::34,0
Durg::152,drug_target_interaction,Protein::1146,0
Durg::26,drug_target_interaction,Protein::269,0
Durg::175,drug_target_interaction,Protein::242,0
Durg::77,drug_target_interaction,Protein::290,0
Durg::643,drug_target_interaction,Protein::528,0
Durg::133,drug_target_interaction,Protein::1148,0
Durg::415,drug_target_interaction,Protein::39,0
Durg::103,drug_target_interaction,Protein::439,0
Durg::11,drug_target_interaction,Protein::1173,0
Durg::66,drug_target_interaction,Protein::1167,0
Durg::333,drug_target_interaction,Protein::1015,0
Durg::348,drug_target_interaction,Protein::527,0
Durg::116,drug_target_interaction,Protein::150,0
Durg::388,drug_target_interaction,Protein::940,0
Durg::228,drug_target_interaction,Protein::136,0
Durg::48,drug_target_interaction,Protein::201,0
Durg::371,drug_target_interaction,Protein::1175,0
Durg::349,drug_target_interaction,Protein::248,0
Durg::454,drug_target_interaction,Protein::2,0
Durg::391,drug_target_interaction,Protein::561,0
Durg::164,drug_target_interaction,Protein::26,0
Durg::333,drug_target_interaction,Protein::291,0
Durg::574,drug_target_interaction,Protein::527,0
Durg::163,drug_target_interaction,Protein::696,0
Durg::167,drug_target_interaction,Protein::1166,0
Durg::110,drug_target_interaction,Protein::984,0
Durg::25,drug_target_interaction,Protein::985,0
Durg::700,drug_target_interaction,Protein::322,0
Durg::559,drug_target_interaction,Protein::170,0
Durg::471,drug_target_interaction,Protein::786,0
Durg::355,drug_target_interaction,Protein::400,0
Durg::125,drug_target_interaction,Protein::1186,0
Durg::138,drug_target_interaction,Protein::987,0
Durg::444,drug_target_interaction,Protein::614,0
Durg::509,drug_target_interaction,Protein::85,0
Durg::164,drug_target_interaction,Protein::854,0
Durg::273,drug_target_interaction,Protein::265,0
Durg::77,drug_target_interaction,Protein::1382,0
Durg::398,drug_target_interaction,Protein::296,0
Durg::240,drug_target_interaction,Protein::14,0
Durg::283,drug_target_interaction,Protein::1175,0
Durg::3,drug_target_interaction,Protein::75,0
Durg::11,drug_target_interaction,Protein::88,0
Durg::247,drug_target_interaction,Protein::361,0
Durg::252,drug_target_interaction,Protein::453,0
Durg::277,drug_target_interaction,Protein::120,0
Durg::614,drug_target_interaction,Protein::1381,0
Durg::595,drug_target_interaction,Protein::421,0
Durg::87,drug_target_interaction,Protein::545,0
Durg::255,drug_target_interaction,Protein::744,0
Durg::194,drug_target_interaction,Protein::89,0
Durg::468,drug_target_interaction,Protein::524,0
Durg::118,drug_target_interaction,Protein::12,0
Durg::634,drug_target_interaction,Protein::33,0
Durg::110,drug_target_interaction,Protein::1055,0
Durg::158,drug_target_interaction,Protein::140,0
Durg::195,drug_target_interaction,Protein::860,0
Durg::183,drug_target_interaction,Protein::854,0
Durg::529,drug_target_interaction,Protein::121,0
Durg::601,drug_target_interaction,Protein::561,0
Durg::361,drug_target_interaction,Protein::45,0
Durg::317,drug_target_interaction,Protein::45,0
Durg::189,drug_target_interaction,Protein::1176,0
Durg::289,drug_target_interaction,Protein::1015,0
Durg::595,drug_target_interaction,Protein::486,0
Durg::488,drug_target_interaction,Protein::13,0
Durg::509,drug_target_interaction,Protein::1151,0
Durg::329,drug_target_interaction,Protein::181,0
Durg::656,drug_target_interaction,Protein::992,0
Durg::8,drug_target_interaction,Protein::134,0
Durg::478,drug_target_interaction,Protein::10,0
Durg::658,drug_target_interaction,Protein::114,0
Durg::226,drug_target_interaction,Protein::994,0
Durg::669,drug_target_interaction,Protein::439,0
Durg::364,drug_target_interaction,Protein::39,0
Durg::631,drug_target_interaction,Protein::25,0
Durg::570,drug_target_interaction,Protein::1166,0
Durg::454,drug_target_interaction,Protein::48,0
Durg::613,drug_target_interaction,Protein::149,0
Durg::471,drug_target_interaction,Protein::136,0
Durg::455,drug_target_interaction,Protein::312,0
Durg::99,drug_target_interaction,Protein::637,0
Durg::257,drug_target_interaction,Protein::422,0
Durg::108,drug_target_interaction,Protein::1180,0
Durg::421,drug_target_interaction,Protein::295,0
Durg::43,drug_target_interaction,Protein::138,0
Durg::141,drug_target_interaction,Protein::568,0
Durg::669,drug_target_interaction,Protein::460,0
Durg::188,drug_target_interaction,Protein::550,0
Durg::388,drug_target_interaction,Protein::742,0
Durg::601,drug_target_interaction,Protein::265,0
Durg::330,drug_target_interaction,Protein::42,0
Durg::506,drug_target_interaction,Protein::515,0
Durg::308,drug_target_interaction,Protein::545,0
Durg::41,drug_target_interaction,Protein::296,0
Durg::58,drug_target_interaction,Protein::311,0
Durg::637,drug_target_interaction,Protein::203,0
Durg::26,drug_target_interaction,Protein::402,0
Durg::693,drug_target_interaction,Protein::120,0
Durg::418,drug_target_interaction,Protein::1015,0
Durg::126,drug_target_interaction,Protein::439,0
Durg::54,drug_target_interaction,Protein::98,0
Durg::434,drug_target_interaction,Protein::247,0
Durg::596,drug_target_interaction,Protein::493,0
Durg::182,drug_target_interaction,Protein::361,0
Durg::588,drug_target_interaction,Protein::360,0
Durg::377,drug_target_interaction,Protein::1174,0
Durg::5,drug_target_interaction,Protein::366,0
Durg::505,drug_target_interaction,Protein::1180,0
Durg::358,drug_target_interaction,Protein::486,0
Durg::126,drug_target_interaction,Protein::164,0
Durg::503,drug_target_interaction,Protein::330,0
Durg::7,drug_target_interaction,Protein::1179,0
Durg::366,drug_target_interaction,Protein::421,0
Durg::495,drug_target_interaction,Protein::330,0
Durg::362,drug_target_interaction,Protein::1173,0
Durg::672,drug_target_interaction,Protein::485,0
Durg::153,drug_target_interaction,Protein::117,0
Durg::560,drug_target_interaction,Protein::401,0
Durg::0,drug_target_interaction,Protein::390,0
Durg::371,drug_target_interaction,Protein::1151,0
Durg::100,drug_target_interaction,Protein::994,0
Durg::181,drug_target_interaction,Protein::1174,0
Durg::655,drug_target_interaction,Protein::581,0
Durg::676,drug_target_interaction,Protein::1038,0
Durg::96,drug_target_interaction,Protein::117,0
Durg::346,drug_target_interaction,Protein::265,0
Durg::700,drug_target_interaction,Protein::453,0
Durg::368,drug_target_interaction,Protein::483,0
Durg::3,drug_target_interaction,Protein::1150,0
Durg::86,drug_target_interaction,Protein::654,0
Durg::609,drug_target_interaction,Protein::460,0
Durg::428,drug_target_interaction,Protein::203,0
Durg::593,drug_target_interaction,Protein::360,0
Durg::529,drug_target_interaction,Protein::296,0
Durg::656,drug_target_interaction,Protein::117,0
Durg::532,drug_target_interaction,Protein::361,0
Durg::458,drug_target_interaction,Protein::127,0
Durg::327,drug_target_interaction,Protein::1180,0
Durg::516,drug_target_interaction,Protein::429,0
Durg::370,drug_target_interaction,Protein::322,0
Durg::574,drug_target_interaction,Protein::1382,0
Durg::268,drug_target_interaction,Protein::72,0
Durg::118,drug_target_interaction,Protein::526,0
Durg::167,drug_target_interaction,Protein::744,0
Durg::634,drug_target_interaction,Protein::81,0
Durg::428,drug_target_interaction,Protein::366,0
Durg::199,drug_target_interaction,Protein::1167,0
Durg::609,drug_target_interaction,Protein::194,0
Durg::184,drug_target_interaction,Protein::43,0
Durg::180,drug_target_interaction,Protein::852,0
Durg::574,drug_target_interaction,Protein::64,0
Durg::459,drug_target_interaction,Protein::573,0
Durg::147,drug_target_interaction,Protein::722,0
Durg::574,drug_target_interaction,Protein::266,0
Durg::291,drug_target_interaction,Protein::669,0
Durg::514,drug_target_interaction,Protein::427,0
Durg::141,drug_target_interaction,Protein::569,0
Durg::474,drug_target_interaction,Protein::1179,0
Durg::422,drug_target_interaction,Protein::856,0
Durg::244,drug_target_interaction,Protein::19,0
Durg::615,drug_target_interaction,Protein::987,0
Durg::624,drug_target_interaction,Protein::613,0
Durg::638,drug_target_interaction,Protein::98,0
Durg::404,drug_target_interaction,Protein::6,0
Durg::54,drug_target_interaction,Protein::1176,0
Durg::479,drug_target_interaction,Protein::194,0
Durg::164,drug_target_interaction,Protein::142,0
Durg::570,drug_target_interaction,Protein::858,0
Durg::324,drug_target_interaction,Protein::419,0
Durg::138,drug_target_interaction,Protein::726,0
Durg::613,drug_target_interaction,Protein::986,0
Durg::395,drug_target_interaction,Protein::530,0
Durg::255,drug_target_interaction,Protein::430,0
Durg::497,drug_target_interaction,Protein::330,0
Durg::546,drug_target_interaction,Protein::989,0
Durg::335,drug_target_interaction,Protein::485,0
Durg::254,drug_target_interaction,Protein::726,0
Durg::114,drug_target_interaction,Protein::88,0
Durg::466,drug_target_interaction,Protein::496,0
Durg::388,drug_target_interaction,Protein::472,0
Durg::125,drug_target_interaction,Protein::327,0
Durg::16,drug_target_interaction,Protein::223,0
Durg::610,drug_target_interaction,Protein::1173,0
Durg::505,drug_target_interaction,Protein::39,0
Durg::544,drug_target_interaction,Protein::482,0
Durg::443,drug_target_interaction,Protein::1299,0
Durg::225,drug_target_interaction,Protein::362,0
Durg::594,drug_target_interaction,Protein::141,0
Durg::335,drug_target_interaction,Protein::1508,0
Durg::303,drug_target_interaction,Protein::669,0
Durg::196,drug_target_interaction,Protein::258,0
Durg::316,drug_target_interaction,Protein::290,0
Durg::644,drug_target_interaction,Protein::505,0
Durg::93,drug_target_interaction,Protein::194,0
Durg::175,drug_target_interaction,Protein::931,0
Durg::446,drug_target_interaction,Protein::1179,0
Durg::337,drug_target_interaction,Protein::852,0
Durg::548,drug_target_interaction,Protein::1006,0
Durg::36,drug_target_interaction,Protein::636,0
Durg::132,drug_target_interaction,Protein::1506,0
Durg::292,drug_target_interaction,Protein::200,0
Durg::449,drug_target_interaction,Protein::6,0
Durg::233,drug_target_interaction,Protein::31,0
Durg::86,drug_target_interaction,Protein::240,0
Durg::503,drug_target_interaction,Protein::989,0
Durg::587,drug_target_interaction,Protein::1148,0
Durg::683,drug_target_interaction,Protein::34,0
Durg::125,drug_target_interaction,Protein::346,0
Durg::355,drug_target_interaction,Protein::377,0
Durg::498,drug_target_interaction,Protein::512,0
Durg::321,drug_target_interaction,Protein::545,0
Durg::426,drug_target_interaction,Protein::696,0
Durg::343,drug_target_interaction,Protein::135,0
Durg::306,drug_target_interaction,Protein::88,0
Durg::691,drug_target_interaction,Protein::31,0
Durg::41,drug_target_interaction,Protein::738,0
Durg::573,drug_target_interaction,Protein::106,0
Durg::408,drug_target_interaction,Protein::195,0
Durg::298,drug_target_interaction,Protein::635,0
Durg::506,drug_target_interaction,Protein::419,0
Durg::437,drug_target_interaction,Protein::497,0
Durg::344,drug_target_interaction,Protein::681,0
Durg::538,drug_target_interaction,Protein::330,0
Durg::93,drug_target_interaction,Protein::377,0
Durg::378,drug_target_interaction,Protein::1155,0
Durg::639,drug_target_interaction,Protein::530,0
Durg::380,drug_target_interaction,Protein::243,0
Durg::455,drug_target_interaction,Protein::383,0
Durg::443,drug_target_interaction,Protein::1160,0
Durg::489,drug_target_interaction,Protein::106,0
Durg::359,drug_target_interaction,Protein::366,0
Durg::54,drug_target_interaction,Protein::1170,0
Durg::659,drug_target_interaction,Protein::1184,0
Durg::245,drug_target_interaction,Protein::505,0
Durg::542,drug_target_interaction,Protein::1146,0
Durg::696,drug_target_interaction,Protein::183,0
Durg::31,drug_target_interaction,Protein::1151,0
Durg::28,drug_target_interaction,Protein::112,0
Durg::686,drug_target_interaction,Protein::581,0
Durg::641,drug_target_interaction,Protein::439,0
Durg::472,drug_target_interaction,Protein::430,0
Durg::68,drug_target_interaction,Protein::113,0
Durg::239,drug_target_interaction,Protein::435,0
Durg::623,drug_target_interaction,Protein::486,0
Durg::156,drug_target_interaction,Protein::1066,0
Durg::442,drug_target_interaction,Protein::264,0
Durg::164,drug_target_interaction,Protein::1038,0
Durg::460,drug_target_interaction,Protein::51,0
Durg::188,drug_target_interaction,Protein::513,0
Durg::213,drug_target_interaction,Protein::1503,0
Durg::488,drug_target_interaction,Protein::588,0
Durg::26,drug_target_interaction,Protein::311,0
Durg::197,drug_target_interaction,Protein::242,0
Durg::356,drug_target_interaction,Protein::413,0
Durg::499,drug_target_interaction,Protein::201,0
Durg::700,drug_target_interaction,Protein::359,0
Durg::297,drug_target_interaction,Protein::1173,0
Durg::614,drug_target_interaction,Protein::681,0
Durg::472,drug_target_interaction,Protein::995,0
Durg::509,drug_target_interaction,Protein::359,0
Durg::351,drug_target_interaction,Protein::289,0
Durg::164,drug_target_interaction,Protein::646,0
Durg::302,drug_target_interaction,Protein::988,0
Durg::62,drug_target_interaction,Protein::149,0
Durg::57,drug_target_interaction,Protein::85,0
Durg::168,drug_target_interaction,Protein::1188,0
Durg::427,drug_target_interaction,Protein::1173,0
Durg::540,drug_target_interaction,Protein::389,0
Durg::233,drug_target_interaction,Protein::259,0
Durg::295,drug_target_interaction,Protein::545,0
Durg::204,drug_target_interaction,Protein::319,0
Durg::347,drug_target_interaction,Protein::200,0
Durg::546,drug_target_interaction,Protein::435,0
Durg::316,drug_target_interaction,Protein::430,0
Durg::71,drug_target_interaction,Protein::260,0
Durg::226,drug_target_interaction,Protein::669,0
Durg::90,drug_target_interaction,Protein::81,0
Durg::388,drug_target_interaction,Protein::134,0
Durg::204,drug_target_interaction,Protein::993,0
Durg::108,drug_target_interaction,Protein::574,0
Durg::143,drug_target_interaction,Protein::670,0
Durg::633,drug_target_interaction,Protein::669,0
Durg::172,drug_target_interaction,Protein::127,0
Durg::410,drug_target_interaction,Protein::402,0
Durg::434,drug_target_interaction,Protein::142,0
Durg::185,drug_target_interaction,Protein::986,0
Durg::594,drug_target_interaction,Protein::484,0
Durg::632,drug_target_interaction,Protein::1172,0
Durg::43,drug_target_interaction,Protein::1177,0
Durg::126,drug_target_interaction,Protein::326,0
Durg::549,drug_target_interaction,Protein::435,0
Durg::689,drug_target_interaction,Protein::72,0
Durg::465,drug_target_interaction,Protein::1167,0
Durg::592,drug_target_interaction,Protein::1183,0
Durg::261,drug_target_interaction,Protein::1161,0
Durg::283,drug_target_interaction,Protein::288,0
Durg::495,drug_target_interaction,Protein::368,0
Durg::158,drug_target_interaction,Protein::648,0
Durg::389,drug_target_interaction,Protein::993,0
Durg::609,drug_target_interaction,Protein::856,0
Durg::703,drug_target_interaction,Protein::940,0
Durg::46,drug_target_interaction,Protein::84,0
Durg::12,drug_target_interaction,Protein::84,0
Durg::374,drug_target_interaction,Protein::1170,0
Durg::292,drug_target_interaction,Protein::485,0
Durg::252,drug_target_interaction,Protein::988,0
Durg::319,drug_target_interaction,Protein::459,0
Durg::493,drug_target_interaction,Protein::10,0
Durg::333,drug_target_interaction,Protein::745,0
Durg::691,drug_target_interaction,Protein::1066,0
Durg::52,drug_target_interaction,Protein::1139,0
Durg::170,drug_target_interaction,Protein::42,0
Durg::557,drug_target_interaction,Protein::1299,0
Durg::694,drug_target_interaction,Protein::286,0
Durg::269,drug_target_interaction,Protein::707,0
Durg::54,drug_target_interaction,Protein::635,0
Durg::543,drug_target_interaction,Protein::197,0
Durg::371,drug_target_interaction,Protein::1169,0
Durg::244,drug_target_interaction,Protein::528,0
Durg::330,drug_target_interaction,Protein::737,0
Durg::115,drug_target_interaction,Protein::260,0
Durg::354,drug_target_interaction,Protein::1009,0
Durg::594,drug_target_interaction,Protein::1015,0
Durg::367,drug_target_interaction,Protein::6,0
Durg::134,drug_target_interaction,Protein::189,0
Durg::293,drug_target_interaction,Protein::48,0
Durg::72,drug_target_interaction,Protein::512,0
Durg::52,drug_target_interaction,Protein::64,0
Durg::613,drug_target_interaction,Protein::550,0
Durg::95,drug_target_interaction,Protein::185,0
Durg::615,drug_target_interaction,Protein::78,0
Durg::146,drug_target_interaction,Protein::408,0
Durg::46,drug_target_interaction,Protein::574,0
Durg::280,drug_target_interaction,Protein::1502,0
Durg::303,drug_target_interaction,Protein::121,0
Durg::152,drug_target_interaction,Protein::60,0
Durg::234,drug_target_interaction,Protein::859,0
Durg::168,drug_target_interaction,Protein::996,0
Durg::368,drug_target_interaction,Protein::998,0
Durg::265,drug_target_interaction,Protein::742,0
Durg::505,drug_target_interaction,Protein::744,0
Durg::243,drug_target_interaction,Protein::295,0
Durg::680,drug_target_interaction,Protein::136,0
Durg::580,drug_target_interaction,Protein::124,0
Durg::270,drug_target_interaction,Protein::48,0
Durg::528,drug_target_interaction,Protein::637,0
Durg::371,drug_target_interaction,Protein::407,0
Durg::507,drug_target_interaction,Protein::853,0
Durg::160,drug_target_interaction,Protein::189,0
Durg::425,drug_target_interaction,Protein::857,0
Durg::454,drug_target_interaction,Protein::986,0
Durg::275,drug_target_interaction,Protein::854,0
Durg::388,drug_target_interaction,Protein::151,0
Durg::408,drug_target_interaction,Protein::1186,0
Durg::12,drug_target_interaction,Protein::588,0
Durg::66,drug_target_interaction,Protein::1174,0
Durg::398,drug_target_interaction,Protein::1181,0
Durg::491,drug_target_interaction,Protein::996,0
Durg::314,drug_target_interaction,Protein::1164,0
Durg::136,drug_target_interaction,Protein::605,0
Durg::439,drug_target_interaction,Protein::1138,0
Durg::539,drug_target_interaction,Protein::328,0
Durg::553,drug_target_interaction,Protein::786,0
Durg::398,drug_target_interaction,Protein::1038,0
Durg::460,drug_target_interaction,Protein::151,0
Durg::592,drug_target_interaction,Protein::1165,0
Durg::359,drug_target_interaction,Protein::2,0
Durg::262,drug_target_interaction,Protein::290,0
Durg::330,drug_target_interaction,Protein::518,0
Durg::476,drug_target_interaction,Protein::518,0
Durg::145,drug_target_interaction,Protein::196,0
Durg::239,drug_target_interaction,Protein::407,0
Durg::308,drug_target_interaction,Protein::583,0
Durg::42,drug_target_interaction,Protein::661,0
Durg::262,drug_target_interaction,Protein::108,0
Durg::339,drug_target_interaction,Protein::545,0
Durg::672,drug_target_interaction,Protein::1161,0
Durg::651,drug_target_interaction,Protein::12,0
Durg::682,drug_target_interaction,Protein::1139,0
Durg::145,drug_target_interaction,Protein::232,0
Durg::197,drug_target_interaction,Protein::493,0
Durg::350,drug_target_interaction,Protein::261,0
Durg::148,drug_target_interaction,Protein::319,0
Durg::203,drug_target_interaction,Protein::1060,0
Durg::475,drug_target_interaction,Protein::624,0
Durg::6,drug_target_interaction,Protein::106,0
Durg::465,drug_target_interaction,Protein::248,0
Durg::477,drug_target_interaction,Protein::1504,0
Durg::503,drug_target_interaction,Protein::1166,0
Durg::437,drug_target_interaction,Protein::477,0
Durg::704,drug_target_interaction,Protein::1176,0
Durg::297,drug_target_interaction,Protein::648,0
Durg::584,drug_target_interaction,Protein::7,0
Durg::476,drug_target_interaction,Protein::248,0
Durg::516,drug_target_interaction,Protein::121,0
Durg::264,drug_target_interaction,Protein::290,0
Durg::484,drug_target_interaction,Protein::134,0
Durg::86,drug_target_interaction,Protein::681,0
Durg::145,drug_target_interaction,Protein::31,0
Durg::697,drug_target_interaction,Protein::322,0
Durg::244,drug_target_interaction,Protein::164,0
Durg::486,drug_target_interaction,Protein::151,0
Durg::286,drug_target_interaction,Protein::466,0
Durg::278,drug_target_interaction,Protein::448,0
Durg::312,drug_target_interaction,Protein::1188,0
Durg::652,drug_target_interaction,Protein::1162,0
Durg::302,drug_target_interaction,Protein::60,0
Durg::537,drug_target_interaction,Protein::613,0
Durg::696,drug_target_interaction,Protein::138,0
Durg::671,drug_target_interaction,Protein::470,0
Durg::125,drug_target_interaction,Protein::568,0
Durg::475,drug_target_interaction,Protein::1160,0
Durg::22,drug_target_interaction,Protein::71,0
Durg::82,drug_target_interaction,Protein::608,0
Durg::626,drug_target_interaction,Protein::40,0
Durg::41,drug_target_interaction,Protein::42,0
Durg::164,drug_target_interaction,Protein::528,0
Durg::261,drug_target_interaction,Protein::429,0
Durg::621,drug_target_interaction,Protein::359,0
Durg::444,drug_target_interaction,Protein::744,0
Durg::550,drug_target_interaction,Protein::1177,0
Durg::538,drug_target_interaction,Protein::149,0
Durg::698,drug_target_interaction,Protein::72,0
Durg::532,drug_target_interaction,Protein::164,0
Durg::245,drug_target_interaction,Protein::84,0
Durg::319,drug_target_interaction,Protein::450,0
Durg::656,drug_target_interaction,Protein::583,0
Durg::174,drug_target_interaction,Protein::515,0
Durg::163,drug_target_interaction,Protein::362,0
Durg::651,drug_target_interaction,Protein::189,0
Durg::125,drug_target_interaction,Protein::1038,0
Durg::505,drug_target_interaction,Protein::51,0
Durg::303,drug_target_interaction,Protein::484,0
Durg::339,drug_target_interaction,Protein::646,0
Durg::310,drug_target_interaction,Protein::82,0
Durg::702,drug_target_interaction,Protein::278,0
Durg::641,drug_target_interaction,Protein::1382,0
Durg::95,drug_target_interaction,Protein::115,0
Durg::38,drug_target_interaction,Protein::28,0
Durg::112,drug_target_interaction,Protein::206,0
Durg::344,drug_target_interaction,Protein::665,0
Durg::275,drug_target_interaction,Protein::143,0
Durg::552,drug_target_interaction,Protein::694,0
Durg::302,drug_target_interaction,Protein::273,0
Durg::264,drug_target_interaction,Protein::288,0
Durg::538,drug_target_interaction,Protein::857,0
Durg::146,drug_target_interaction,Protein::592,0
Durg::639,drug_target_interaction,Protein::166,0
Durg::99,drug_target_interaction,Protein::592,0
Durg::279,drug_target_interaction,Protein::1165,0
Durg::90,drug_target_interaction,Protein::484,0
Durg::552,drug_target_interaction,Protein::427,0
Durg::651,drug_target_interaction,Protein::289,0
Durg::580,drug_target_interaction,Protein::727,0
Durg::50,drug_target_interaction,Protein::986,0
Durg::64,drug_target_interaction,Protein::1041,0
Durg::667,drug_target_interaction,Protein::357,0
Durg::286,drug_target_interaction,Protein::996,0
Durg::592,drug_target_interaction,Protein::613,0
Durg::126,drug_target_interaction,Protein::136,0
Durg::145,drug_target_interaction,Protein::362,0
Durg::137,drug_target_interaction,Protein::319,0
Durg::298,drug_target_interaction,Protein::201,0
Durg::590,drug_target_interaction,Protein::439,0
Durg::36,drug_target_interaction,Protein::39,0
Durg::615,drug_target_interaction,Protein::279,0
Durg::473,drug_target_interaction,Protein::142,0
Durg::46,drug_target_interaction,Protein::475,0
Durg::242,drug_target_interaction,Protein::654,0
Durg::19,drug_target_interaction,Protein::857,0
Durg::436,drug_target_interaction,Protein::1184,0
Durg::521,drug_target_interaction,Protein::1150,0
Durg::613,drug_target_interaction,Protein::470,0
Durg::118,drug_target_interaction,Protein::75,0
Durg::224,drug_target_interaction,Protein::121,0
Durg::401,drug_target_interaction,Protein::589,0
Durg::524,drug_target_interaction,Protein::319,0
Durg::96,drug_target_interaction,Protein::264,0
Durg::480,drug_target_interaction,Protein::1034,0
Durg::221,drug_target_interaction,Protein::1167,0
Durg::7,drug_target_interaction,Protein::243,0
Durg::495,drug_target_interaction,Protein::427,0
Durg::634,drug_target_interaction,Protein::1165,0
Durg::476,drug_target_interaction,Protein::1152,0
Durg::548,drug_target_interaction,Protein::726,0
Durg::396,drug_target_interaction,Protein::225,0
Durg::127,drug_target_interaction,Protein::99,0
Durg::389,drug_target_interaction,Protein::1009,0
Durg::397,drug_target_interaction,Protein::1508,0
Durg::372,drug_target_interaction,Protein::288,0
Durg::125,drug_target_interaction,Protein::993,0
Durg::495,drug_target_interaction,Protein::189,0
Durg::277,drug_target_interaction,Protein::295,0
Durg::317,drug_target_interaction,Protein::240,0
Durg::507,drug_target_interaction,Protein::1504,0
Durg::381,drug_target_interaction,Protein::459,0
Durg::381,drug_target_interaction,Protein::1041,0
Durg::455,drug_target_interaction,Protein::605,0
Durg::404,drug_target_interaction,Protein::1000,0
Durg::346,drug_target_interaction,Protein::291,0
Durg::239,drug_target_interaction,Protein::419,0
Durg::396,drug_target_interaction,Protein::240,0
Durg::372,drug_target_interaction,Protein::83,0
Durg::396,drug_target_interaction,Protein::6,0
Durg::443,drug_target_interaction,Protein::995,0
Durg::101,drug_target_interaction,Protein::984,0
Durg::319,drug_target_interaction,Protein::422,0
Durg::135,drug_target_interaction,Protein::247,0
Durg::550,drug_target_interaction,Protein::138,0
Durg::616,drug_target_interaction,Protein::1029,0
Durg::48,drug_target_interaction,Protein::1180,0
Durg::349,drug_target_interaction,Protein::524,0
Durg::374,drug_target_interaction,Protein::995,0
Durg::422,drug_target_interaction,Protein::272,0
Durg::375,drug_target_interaction,Protein::364,0
Durg::698,drug_target_interaction,Protein::554,0
Durg::650,drug_target_interaction,Protein::994,0
Durg::412,drug_target_interaction,Protein::419,0
Durg::250,drug_target_interaction,Protein::78,0
Durg::503,drug_target_interaction,Protein::40,0
Durg::566,drug_target_interaction,Protein::266,0
Durg::20,drug_target_interaction,Protein::266,0
Durg::257,drug_target_interaction,Protein::260,0
Durg::427,drug_target_interaction,Protein::991,0
Durg::275,drug_target_interaction,Protein::7,0
Durg::662,drug_target_interaction,Protein::1188,0
Durg::454,drug_target_interaction,Protein::657,0
Durg::257,drug_target_interaction,Protein::99,0
Durg::428,drug_target_interaction,Protein::1006,0
Durg::32,drug_target_interaction,Protein::145,0
Durg::227,drug_target_interaction,Protein::407,0
Durg::8,drug_target_interaction,Protein::108,0
Durg::72,drug_target_interaction,Protein::170,0
Durg::180,drug_target_interaction,Protein::424,0
Durg::128,drug_target_interaction,Protein::40,0
Durg::25,drug_target_interaction,Protein::263,0
Durg::147,drug_target_interaction,Protein::67,0
Durg::429,drug_target_interaction,Protein::377,0
Durg::601,drug_target_interaction,Protein::817,0
Durg::97,drug_target_interaction,Protein::635,0
Durg::401,drug_target_interaction,Protein::496,0
Durg::408,drug_target_interaction,Protein::366,0
Durg::46,drug_target_interaction,Protein::139,0
Durg::366,drug_target_interaction,Protein::1188,0
Durg::96,drug_target_interaction,Protein::322,0
Durg::348,drug_target_interaction,Protein::248,0
Durg::652,drug_target_interaction,Protein::574,0
Durg::480,drug_target_interaction,Protein::1172,0
Durg::508,drug_target_interaction,Protein::138,0
Durg::651,drug_target_interaction,Protein::13,0
Durg::182,drug_target_interaction,Protein::243,0
Durg::214,drug_target_interaction,Protein::486,0
Durg::112,drug_target_interaction,Protein::113,0
Durg::571,drug_target_interaction,Protein::85,0
Durg::397,drug_target_interaction,Protein::449,0
Durg::68,drug_target_interaction,Protein::340,0
Durg::174,drug_target_interaction,Protein::141,0
Durg::358,drug_target_interaction,Protein::290,0
Durg::279,drug_target_interaction,Protein::518,0
Durg::54,drug_target_interaction,Protein::136,0
Durg::222,drug_target_interaction,Protein::106,0
Durg::691,drug_target_interaction,Protein::569,0
Durg::72,drug_target_interaction,Protein::175,0
Durg::47,drug_target_interaction,Protein::127,0
Durg::297,drug_target_interaction,Protein::244,0
Durg::543,drug_target_interaction,Protein::340,0
Durg::463,drug_target_interaction,Protein::127,0
Durg::181,drug_target_interaction,Protein::1202,0
Durg::627,drug_target_interaction,Protein::419,0
Durg::185,drug_target_interaction,Protein::858,0
Durg::516,drug_target_interaction,Protein::1006,0
Durg::287,drug_target_interaction,Protein::625,0
Durg::500,drug_target_interaction,Protein::1161,0
Durg::474,drug_target_interaction,Protein::509,0
Durg::87,drug_target_interaction,Protein::140,0
Durg::257,drug_target_interaction,Protein::312,0
Durg::15,drug_target_interaction,Protein::208,0
Durg::388,drug_target_interaction,Protein::94,0
Durg::164,drug_target_interaction,Protein::1180,0
Durg::366,drug_target_interaction,Protein::360,0
Durg::540,drug_target_interaction,Protein::286,0
Durg::179,drug_target_interaction,Protein::523,0
Durg::65,drug_target_interaction,Protein::1203,0
Durg::145,drug_target_interaction,Protein::183,0
Durg::427,drug_target_interaction,Protein::1150,0
Durg::38,drug_target_interaction,Protein::315,0
Durg::115,drug_target_interaction,Protein::583,0
Durg::165,drug_target_interaction,Protein::636,0
Durg::559,drug_target_interaction,Protein::433,0
Durg::283,drug_target_interaction,Protein::435,0
Durg::141,drug_target_interaction,Protein::1188,0
Durg::160,drug_target_interaction,Protein::48,0
Durg::576,drug_target_interaction,Protein::439,0
Durg::505,drug_target_interaction,Protein::1381,0
Durg::460,drug_target_interaction,Protein::269,0
Durg::599,drug_target_interaction,Protein::170,0
Durg::573,drug_target_interaction,Protein::514,0
Durg::295,drug_target_interaction,Protein::302,0
Durg::19,drug_target_interaction,Protein::642,0
Durg::102,drug_target_interaction,Protein::605,0
Durg::369,drug_target_interaction,Protein::924,0
Durg::700,drug_target_interaction,Protein::290,0
Durg::460,drug_target_interaction,Protein::448,0
Durg::368,drug_target_interaction,Protein::269,0
Durg::596,drug_target_interaction,Protein::592,0
Durg::557,drug_target_interaction,Protein::106,0
Durg::594,drug_target_interaction,Protein::357,0
Durg::181,drug_target_interaction,Protein::368,0
Durg::581,drug_target_interaction,Protein::515,0
Durg::329,drug_target_interaction,Protein::377,0
Durg::299,drug_target_interaction,Protein::289,0
Durg::154,drug_target_interaction,Protein::302,0
Durg::194,drug_target_interaction,Protein::642,0
Durg::537,drug_target_interaction,Protein::146,0
Durg::175,drug_target_interaction,Protein::81,0
Durg::190,drug_target_interaction,Protein::453,0
Durg::424,drug_target_interaction,Protein::998,0
Durg::544,drug_target_interaction,Protein::60,0
Durg::683,drug_target_interaction,Protein::985,0
Durg::680,drug_target_interaction,Protein::1150,0
Durg::97,drug_target_interaction,Protein::258,0
Durg::448,drug_target_interaction,Protein::246,0
Durg::458,drug_target_interaction,Protein::115,0
Durg::618,drug_target_interaction,Protein::1029,0
Durg::641,drug_target_interaction,Protein::569,0
Durg::184,drug_target_interaction,Protein::291,0
Durg::329,drug_target_interaction,Protein::1180,0
Durg::127,drug_target_interaction,Protein::291,0
Durg::16,drug_target_interaction,Protein::51,0
Durg::109,drug_target_interaction,Protein::413,0
Durg::481,drug_target_interaction,Protein::82,0
Durg::4,drug_target_interaction,Protein::514,0
Durg::341,drug_target_interaction,Protein::32,0
Durg::196,drug_target_interaction,Protein::295,0
Durg::206,drug_target_interaction,Protein::418,0
Durg::546,drug_target_interaction,Protein::265,0
Durg::508,drug_target_interaction,Protein::427,0
Durg::397,drug_target_interaction,Protein::1029,0
Durg::253,drug_target_interaction,Protein::663,0
Durg::15,drug_target_interaction,Protein::709,0
Durg::11,drug_target_interaction,Protein::141,0
Durg::392,drug_target_interaction,Protein::497,0
Durg::400,drug_target_interaction,Protein::1179,0
Durg::521,drug_target_interaction,Protein::568,0
Durg::457,drug_target_interaction,Protein::990,0
Durg::650,drug_target_interaction,Protein::636,0
Durg::14,drug_target_interaction,Protein::515,0
Durg::703,drug_target_interaction,Protein::1196,0
Durg::543,drug_target_interaction,Protein::135,0
Durg::575,drug_target_interaction,Protein::246,0
Durg::506,drug_target_interaction,Protein::670,0
Durg::332,drug_target_interaction,Protein::328,0
Durg::197,drug_target_interaction,Protein::201,0
Durg::634,drug_target_interaction,Protein::12,0
Durg::101,drug_target_interaction,Protein::279,0
Durg::610,drug_target_interaction,Protein::1006,0
Durg::689,drug_target_interaction,Protein::497,0
Durg::596,drug_target_interaction,Protein::247,0
Durg::255,drug_target_interaction,Protein::2,0
Durg::637,drug_target_interaction,Protein::326,0
Durg::271,drug_target_interaction,Protein::117,0
Durg::615,drug_target_interaction,Protein::435,0
Durg::72,drug_target_interaction,Protein::851,0
Durg::541,drug_target_interaction,Protein::121,0
Durg::644,drug_target_interaction,Protein::817,0
Durg::57,drug_target_interaction,Protein::244,0
Durg::357,drug_target_interaction,Protein::592,0
Durg::101,drug_target_interaction,Protein::1203,0
Durg::268,drug_target_interaction,Protein::1177,0
Durg::127,drug_target_interaction,Protein::106,0
Durg::118,drug_target_interaction,Protein::207,0
Durg::530,drug_target_interaction,Protein::1066,0
Durg::83,drug_target_interaction,Protein::439,0
Durg::471,drug_target_interaction,Protein::273,0
Durg::96,drug_target_interaction,Protein::726,0
Durg::219,drug_target_interaction,Protein::442,0
Durg::131,drug_target_interaction,Protein::358,0
Durg::457,drug_target_interaction,Protein::448,0
Durg::468,drug_target_interaction,Protein::722,0
Durg::508,drug_target_interaction,Protein::121,0
Durg::294,drug_target_interaction,Protein::141,0
Durg::466,drug_target_interaction,Protein::1022,0
Durg::443,drug_target_interaction,Protein::657,0
Durg::127,drug_target_interaction,Protein::261,0
Durg::528,drug_target_interaction,Protein::1174,0
Durg::265,drug_target_interaction,Protein::1011,0
Durg::32,drug_target_interaction,Protein::423,0
Durg::692,drug_target_interaction,Protein::419,0
Durg::291,drug_target_interaction,Protein::136,0
Durg::330,drug_target_interaction,Protein::120,0
Durg::384,drug_target_interaction,Protein::993,0
Durg::38,drug_target_interaction,Protein::738,0
Durg::19,drug_target_interaction,Protein::654,0
Durg::0,drug_target_interaction,Protein::422,0
Durg::13,drug_target_interaction,Protein::621,0
Durg::57,drug_target_interaction,Protein::261,0
Durg::614,drug_target_interaction,Protein::243,0
Durg::343,drug_target_interaction,Protein::568,0
Durg::544,drug_target_interaction,Protein::931,0
Durg::322,drug_target_interaction,Protein::1188,0
Durg::82,drug_target_interaction,Protein::196,0
Durg::445,drug_target_interaction,Protein::101,0
Durg::661,drug_target_interaction,Protein::33,0
Durg::213,drug_target_interaction,Protein::101,0
Durg::361,drug_target_interaction,Protein::138,0
Durg::358,drug_target_interaction,Protein::395,0
Durg::373,drug_target_interaction,Protein::617,0
Durg::685,drug_target_interaction,Protein::390,0
Durg::171,drug_target_interaction,Protein::248,0
Durg::341,drug_target_interaction,Protein::401,0
Durg::423,drug_target_interaction,Protein::475,0
Durg::476,drug_target_interaction,Protein::422,0
Durg::365,drug_target_interaction,Protein::183,0
Durg::362,drug_target_interaction,Protein::175,0
Durg::89,drug_target_interaction,Protein::123,0
Durg::702,drug_target_interaction,Protein::33,0
Durg::143,drug_target_interaction,Protein::149,0
Durg::488,drug_target_interaction,Protein::322,0
Durg::97,drug_target_interaction,Protein::472,0
Durg::90,drug_target_interaction,Protein::197,0
Durg::394,drug_target_interaction,Protein::513,0
Durg::702,drug_target_interaction,Protein::296,0
Durg::397,drug_target_interaction,Protein::997,0
Durg::25,drug_target_interaction,Protein::248,0
Durg::541,drug_target_interaction,Protein::73,0
Durg::587,drug_target_interaction,Protein::315,0
Durg::391,drug_target_interaction,Protein::817,0
Durg::38,drug_target_interaction,Protein::84,0
Durg::196,drug_target_interaction,Protein::988,0
Durg::632,drug_target_interaction,Protein::514,0
Durg::654,drug_target_interaction,Protein::81,0
Durg::7,drug_target_interaction,Protein::470,0
Durg::625,drug_target_interaction,Protein::328,0
Durg::163,drug_target_interaction,Protein::279,0
Durg::85,drug_target_interaction,Protein::286,0
Durg::116,drug_target_interaction,Protein::39,0
Durg::593,drug_target_interaction,Protein::248,0
Durg::226,drug_target_interaction,Protein::1041,0
Durg::285,drug_target_interaction,Protein::670,0
Durg::102,drug_target_interaction,Protein::681,0
Durg::423,drug_target_interaction,Protein::164,0
Durg::322,drug_target_interaction,Protein::530,0
Durg::172,drug_target_interaction,Protein::496,0
Durg::698,drug_target_interaction,Protein::21,0
Durg::278,drug_target_interaction,Protein::300,0
Durg::159,drug_target_interaction,Protein::390,0
Durg::433,drug_target_interaction,Protein::1015,0
Durg::526,drug_target_interaction,Protein::674,0
Durg::93,drug_target_interaction,Protein::318,0
Durg::234,drug_target_interaction,Protein::364,0
Durg::97,drug_target_interaction,Protein::1172,0
Durg::110,drug_target_interaction,Protein::240,0
Durg::126,drug_target_interaction,Protein::318,0
Durg::372,drug_target_interaction,Protein::269,0
Durg::429,drug_target_interaction,Protein::7,0
Durg::268,drug_target_interaction,Protein::1060,0
Durg::607,drug_target_interaction,Protein::430,0
Durg::94,drug_target_interaction,Protein::737,0
Durg::83,drug_target_interaction,Protein::362,0
Durg::201,drug_target_interaction,Protein::1162,0
Durg::115,drug_target_interaction,Protein::860,0
Durg::489,drug_target_interaction,Protein::247,0
Durg::457,drug_target_interaction,Protein::374,0
Durg::17,drug_target_interaction,Protein::12,0
Durg::640,drug_target_interaction,Protein::25,0
Durg::257,drug_target_interaction,Protein::1202,0
Durg::146,drug_target_interaction,Protein::475,0
Durg::6,drug_target_interaction,Protein::181,0
Durg::572,drug_target_interaction,Protein::442,0
Durg::58,drug_target_interaction,Protein::207,0
Durg::334,drug_target_interaction,Protein::737,0
Durg::120,drug_target_interaction,Protein::430,0
Durg::71,drug_target_interaction,Protein::242,0
Durg::275,drug_target_interaction,Protein::987,0
Durg::191,drug_target_interaction,Protein::709,0
Durg::83,drug_target_interaction,Protein::39,0
Durg::538,drug_target_interaction,Protein::94,0
Durg::233,drug_target_interaction,Protein::561,0
Durg::565,drug_target_interaction,Protein::1180,0
Durg::103,drug_target_interaction,Protein::84,0
Durg::410,drug_target_interaction,Protein::997,0
Durg::569,drug_target_interaction,Protein::273,0
Durg::175,drug_target_interaction,Protein::67,0
Durg::3,drug_target_interaction,Protein::675,0
Durg::281,drug_target_interaction,Protein::1174,0
Durg::610,drug_target_interaction,Protein::312,0
Durg::264,drug_target_interaction,Protein::136,0
Durg::585,drug_target_interaction,Protein::518,0
Durg::451,drug_target_interaction,Protein::786,0
Durg::324,drug_target_interaction,Protein::62,0
Durg::656,drug_target_interaction,Protein::573,0
Durg::302,drug_target_interaction,Protein::145,0
Durg::102,drug_target_interaction,Protein::242,0
Durg::154,drug_target_interaction,Protein::1015,0
Durg::324,drug_target_interaction,Protein::530,0
Durg::290,drug_target_interaction,Protein::73,0
Durg::394,drug_target_interaction,Protein::624,0
Durg::582,drug_target_interaction,Protein::610,0
Durg::84,drug_target_interaction,Protein::1173,0
Durg::239,drug_target_interaction,Protein::402,0
Durg::391,drug_target_interaction,Protein::1169,0
Durg::114,drug_target_interaction,Protein::1170,0
Durg::122,drug_target_interaction,Protein::1180,0
Durg::24,drug_target_interaction,Protein::310,0
Durg::271,drug_target_interaction,Protein::327,0
Durg::180,drug_target_interaction,Protein::358,0
Durg::626,drug_target_interaction,Protein::696,0
Durg::573,drug_target_interaction,Protein::419,0
Durg::74,drug_target_interaction,Protein::505,0
Durg::382,drug_target_interaction,Protein::286,0
Durg::54,drug_target_interaction,Protein::18,0
Durg::454,drug_target_interaction,Protein::113,0
Durg::126,drug_target_interaction,Protein::141,0
Durg::27,drug_target_interaction,Protein::290,0
Durg::537,drug_target_interaction,Protein::661,0
Durg::159,drug_target_interaction,Protein::635,0
Durg::511,drug_target_interaction,Protein::136,0
Durg::290,drug_target_interaction,Protein::240,0
Durg::671,drug_target_interaction,Protein::311,0
Durg::597,drug_target_interaction,Protein::430,0
Durg::289,drug_target_interaction,Protein::1160,0
Durg::217,drug_target_interaction,Protein::99,0
Durg::532,drug_target_interaction,Protein::486,0
Durg::9,drug_target_interaction,Protein::646,0
Durg::280,drug_target_interaction,Protein::101,0
Durg::168,drug_target_interaction,Protein::709,0
Durg::245,drug_target_interaction,Protein::1009,0
Durg::405,drug_target_interaction,Protein::1000,0
Durg::444,drug_target_interaction,Protein::1153,0
Durg::603,drug_target_interaction,Protein::428,0
Durg::593,drug_target_interaction,Protein::328,0
Durg::80,drug_target_interaction,Protein::516,0
Durg::121,drug_target_interaction,Protein::101,0
Durg::66,drug_target_interaction,Protein::395,0
Durg::76,drug_target_interaction,Protein::181,0
Durg::587,drug_target_interaction,Protein::985,0
Durg::434,drug_target_interaction,Protein::636,0
Durg::434,drug_target_interaction,Protein::709,0
Durg::61,drug_target_interaction,Protein::608,0
Durg::95,drug_target_interaction,Protein::674,0
Durg::505,drug_target_interaction,Protein::493,0
Durg::584,drug_target_interaction,Protein::115,0
Durg::507,drug_target_interaction,Protein::361,0
Durg::339,drug_target_interaction,Protein::123,0
Durg::196,drug_target_interaction,Protein::1504,0
Durg::153,drug_target_interaction,Protein::851,0
Durg::612,drug_target_interaction,Protein::243,0
Durg::324,drug_target_interaction,Protein::402,0
Durg::226,drug_target_interaction,Protein::528,0
Durg::543,drug_target_interaction,Protein::418,0
Durg::671,drug_target_interaction,Protein::992,0
Durg::593,drug_target_interaction,Protein::145,0
Durg::615,drug_target_interaction,Protein::149,0
Durg::650,drug_target_interaction,Protein::592,0
Durg::569,drug_target_interaction,Protein::778,0
Durg::99,drug_target_interaction,Protein::613,0
Durg::502,drug_target_interaction,Protein::483,0
Durg::184,drug_target_interaction,Protein::589,0
Durg::686,drug_target_interaction,Protein::1179,0
Durg::3,drug_target_interaction,Protein::81,0
Durg::430,drug_target_interaction,Protein::121,0
Durg::496,drug_target_interaction,Protein::1177,0
Durg::278,drug_target_interaction,Protein::421,0
Durg::24,drug_target_interaction,Protein::737,0
Durg::121,drug_target_interaction,Protein::1167,0
Durg::283,drug_target_interaction,Protein::786,0
Durg::520,drug_target_interaction,Protein::310,0
Durg::153,drug_target_interaction,Protein::625,0
Durg::287,drug_target_interaction,Protein::984,0
Durg::175,drug_target_interaction,Protein::84,0
Durg::559,drug_target_interaction,Protein::78,0
Durg::676,drug_target_interaction,Protein::435,0
Durg::68,drug_target_interaction,Protein::466,0
Durg::418,drug_target_interaction,Protein::561,0
Durg::358,drug_target_interaction,Protein::326,0
Durg::524,drug_target_interaction,Protein::203,0
Durg::132,drug_target_interaction,Protein::527,0
Durg::540,drug_target_interaction,Protein::26,0
Durg::227,drug_target_interaction,Protein::1175,0
Durg::95,drug_target_interaction,Protein::997,0
Durg::509,drug_target_interaction,Protein::505,0
Durg::120,drug_target_interaction,Protein::726,0
Durg::493,drug_target_interaction,Protein::674,0
Durg::49,drug_target_interaction,Protein::364,0
Durg::471,drug_target_interaction,Protein::160,0
Durg::251,drug_target_interaction,Protein::485,0
Durg::570,drug_target_interaction,Protein::661,0
Durg::449,drug_target_interaction,Protein::858,0
Durg::549,drug_target_interaction,Protein::737,0
Durg::49,drug_target_interaction,Protein::1177,0
Durg::617,drug_target_interaction,Protein::123,0
Durg::624,drug_target_interaction,Protein::665,0
Durg::522,drug_target_interaction,Protein::513,0
Durg::442,drug_target_interaction,Protein::1151,0
Durg::112,drug_target_interaction,Protein::1160,0
Durg::277,drug_target_interaction,Protein::988,0
Durg::140,drug_target_interaction,Protein::742,0
Durg::596,drug_target_interaction,Protein::694,0
Durg::312,drug_target_interaction,Protein::98,0
Durg::572,drug_target_interaction,Protein::62,0
Durg::535,drug_target_interaction,Protein::496,0
Durg::40,drug_target_interaction,Protein::295,0
Durg::11,drug_target_interaction,Protein::241,0
Durg::383,drug_target_interaction,Protein::1152,0
Durg::57,drug_target_interaction,Protein::1006,0
Durg::413,drug_target_interaction,Protein::993,0
Durg::337,drug_target_interaction,Protein::568,0
Durg::97,drug_target_interaction,Protein::493,0
Durg::462,drug_target_interaction,Protein::289,0
Durg::523,drug_target_interaction,Protein::854,0
Durg::123,drug_target_interaction,Protein::570,0
Durg::283,drug_target_interaction,Protein::263,0
Durg::203,drug_target_interaction,Protein::98,0
Durg::455,drug_target_interaction,Protein::727,0
Durg::523,drug_target_interaction,Protein::12,0
Durg::370,drug_target_interaction,Protein::647,0
Durg::227,drug_target_interaction,Protein::858,0
Durg::522,drug_target_interaction,Protein::419,0
Durg::272,drug_target_interaction,Protein::1176,0
Durg::559,drug_target_interaction,Protein::296,0
Durg::397,drug_target_interaction,Protein::1170,0
Durg::585,drug_target_interaction,Protein::648,0
Durg::225,drug_target_interaction,Protein::2,0
Durg::630,drug_target_interaction,Protein::315,0
Durg::90,drug_target_interaction,Protein::783,0
Durg::522,drug_target_interaction,Protein::1155,0
Durg::292,drug_target_interaction,Protein::773,0
Durg::75,drug_target_interaction,Protein::302,0
Durg::394,drug_target_interaction,Protein::124,0
Durg::627,drug_target_interaction,Protein::364,0
Durg::660,drug_target_interaction,Protein::475,0
Durg::669,drug_target_interaction,Protein::717,0
Durg::111,drug_target_interaction,Protein::195,0
Durg::202,drug_target_interaction,Protein::221,0
Durg::579,drug_target_interaction,Protein::817,0
Durg::349,drug_target_interaction,Protein::322,0
Durg::437,drug_target_interaction,Protein::610,0
Durg::641,drug_target_interaction,Protein::390,0
Durg::234,drug_target_interaction,Protein::663,0
Durg::60,drug_target_interaction,Protein::300,0
Durg::509,drug_target_interaction,Protein::1150,0
Durg::477,drug_target_interaction,Protein::155,0
Durg::633,drug_target_interaction,Protein::1503,0
Durg::23,drug_target_interaction,Protein::346,0
Durg::281,drug_target_interaction,Protein::266,0
Durg::309,drug_target_interaction,Protein::1506,0
Durg::407,drug_target_interaction,Protein::574,0
Durg::35,drug_target_interaction,Protein::1196,0
Durg::361,drug_target_interaction,Protein::43,0
Durg::446,drug_target_interaction,Protein::295,0
Durg::337,drug_target_interaction,Protein::13,0
Durg::432,drug_target_interaction,Protein::223,0
Durg::508,drug_target_interaction,Protein::1022,0
Durg::595,drug_target_interaction,Protein::28,0
Durg::466,drug_target_interaction,Protein::1151,0
Durg::103,drug_target_interaction,Protein::120,0
Durg::640,drug_target_interaction,Protein::994,0
Durg::686,drug_target_interaction,Protein::737,0
Durg::431,drug_target_interaction,Protein::669,0
Durg::134,drug_target_interaction,Protein::1176,0
Durg::109,drug_target_interaction,Protein::931,0
Durg::65,drug_target_interaction,Protein::435,0
Durg::308,drug_target_interaction,Protein::124,0
Durg::262,drug_target_interaction,Protein::207,0
Durg::261,drug_target_interaction,Protein::625,0
Durg::392,drug_target_interaction,Protein::73,0
Durg::19,drug_target_interaction,Protein::518,0
Durg::366,drug_target_interaction,Protein::326,0
Durg::170,drug_target_interaction,Protein::263,0
Durg::319,drug_target_interaction,Protein::927,0
Durg::410,drug_target_interaction,Protein::1502,0
Durg::61,drug_target_interaction,Protein::43,0
Durg::424,drug_target_interaction,Protein::418,0
Durg::442,drug_target_interaction,Protein::526,0
Durg::293,drug_target_interaction,Protein::991,0
Durg::20,drug_target_interaction,Protein::295,0
Durg::222,drug_target_interaction,Protein::143,0
Durg::171,drug_target_interaction,Protein::661,0
Durg::337,drug_target_interaction,Protein::106,0
Durg::596,drug_target_interaction,Protein::990,0
Durg::377,drug_target_interaction,Protein::1166,0
Durg::570,drug_target_interaction,Protein::2,0
Durg::421,drug_target_interaction,Protein::1375,0
Durg::120,drug_target_interaction,Protein::605,0
Durg::341,drug_target_interaction,Protein::614,0
Durg::630,drug_target_interaction,Protein::139,0
Durg::294,drug_target_interaction,Protein::138,0
Durg::7,drug_target_interaction,Protein::32,0
Durg::454,drug_target_interaction,Protein::709,0
Durg::4,drug_target_interaction,Protein::922,0
Durg::401,drug_target_interaction,Protein::75,0
Durg::6,drug_target_interaction,Protein::817,0
Durg::289,drug_target_interaction,Protein::243,0
Durg::409,drug_target_interaction,Protein::1170,0
Durg::298,drug_target_interaction,Protein::317,0
Durg::622,drug_target_interaction,Protein::197,0
Durg::61,drug_target_interaction,Protein::1150,0
Durg::702,drug_target_interaction,Protein::98,0
Durg::123,drug_target_interaction,Protein::377,0
Durg::532,drug_target_interaction,Protein::737,0
Durg::630,drug_target_interaction,Protein::1164,0
Durg::315,drug_target_interaction,Protein::460,0
Durg::443,drug_target_interaction,Protein::286,0
Durg::179,drug_target_interaction,Protein::377,0
Durg::190,drug_target_interaction,Protein::786,0
Durg::251,drug_target_interaction,Protein::26,0
Durg::295,drug_target_interaction,Protein::160,0
Durg::489,drug_target_interaction,Protein::359,0
Durg::524,drug_target_interaction,Protein::1038,0
Durg::126,drug_target_interaction,Protein::418,0
Durg::672,drug_target_interaction,Protein::990,0
Durg::632,drug_target_interaction,Protein::426,0
Durg::496,drug_target_interaction,Protein::727,0
Durg::684,drug_target_interaction,Protein::269,0
Durg::483,drug_target_interaction,Protein::998,0
Durg::373,drug_target_interaction,Protein::931,0
Durg::599,drug_target_interaction,Protein::1011,0
Durg::594,drug_target_interaction,Protein::635,0
Durg::603,drug_target_interaction,Protein::1138,0
Durg::375,drug_target_interaction,Protein::1006,0
Durg::431,drug_target_interaction,Protein::1299,0
Durg::257,drug_target_interaction,Protein::991,0
Durg::321,drug_target_interaction,Protein::1169,0
Durg::521,drug_target_interaction,Protein::10,0
Durg::537,drug_target_interaction,Protein::207,0
Durg::678,drug_target_interaction,Protein::988,0
Durg::343,drug_target_interaction,Protein::852,0
Durg::265,drug_target_interaction,Protein::113,0
Durg::684,drug_target_interaction,Protein::1066,0
Durg::535,drug_target_interaction,Protein::18,0
Durg::388,drug_target_interaction,Protein::625,0
Durg::413,drug_target_interaction,Protein::991,0
Durg::125,drug_target_interaction,Protein::931,0
Durg::285,drug_target_interaction,Protein::1006,0
Durg::423,drug_target_interaction,Protein::786,0
Durg::377,drug_target_interaction,Protein::1034,0
Durg::446,drug_target_interaction,Protein::426,0
Durg::50,drug_target_interaction,Protein::278,0
Durg::54,drug_target_interaction,Protein::853,0
Durg::285,drug_target_interaction,Protein::783,0
Durg::442,drug_target_interaction,Protein::613,0
Durg::2,drug_target_interaction,Protein::51,0
Durg::560,drug_target_interaction,Protein::726,0
Durg::457,drug_target_interaction,Protein::357,0
Durg::476,drug_target_interaction,Protein::138,0
Durg::489,drug_target_interaction,Protein::773,0
Durg::521,drug_target_interaction,Protein::278,0
Durg::188,drug_target_interaction,Protein::1503,0
Durg::196,drug_target_interaction,Protein::291,0
Durg::71,drug_target_interaction,Protein::1160,0
Durg::537,drug_target_interaction,Protein::931,0
Durg::544,drug_target_interaction,Protein::295,0
Durg::134,drug_target_interaction,Protein::440,0
Durg::25,drug_target_interaction,Protein::124,0
Durg::703,drug_target_interaction,Protein::460,0
Durg::613,drug_target_interaction,Protein::78,0
Durg::624,drug_target_interaction,Protein::361,0
Durg::395,drug_target_interaction,Protein::1055,0
Durg::341,drug_target_interaction,Protein::635,0
Durg::661,drug_target_interaction,Protein::549,0
Durg::707,drug_target_interaction,Protein::340,0
Durg::312,drug_target_interaction,Protein::561,0
Durg::676,drug_target_interaction,Protein::380,0
Durg::83,drug_target_interaction,Protein::108,0
Durg::337,drug_target_interaction,Protein::14,0
Durg::593,drug_target_interaction,Protein::108,0
Durg::412,drug_target_interaction,Protein::221,0
Durg::297,drug_target_interaction,Protein::858,0
Durg::631,drug_target_interaction,Protein::146,0
Durg::599,drug_target_interaction,Protein::783,0
Durg::691,drug_target_interaction,Protein::726,0
Durg::112,drug_target_interaction,Protein::657,0
Durg::418,drug_target_interaction,Protein::516,0
Durg::459,drug_target_interaction,Protein::648,0
Durg::477,drug_target_interaction,Protein::927,0
Durg::265,drug_target_interaction,Protein::857,0
Durg::122,drug_target_interaction,Protein::312,0
Durg::78,drug_target_interaction,Protein::290,0
Durg::428,drug_target_interaction,Protein::259,0
Durg::587,drug_target_interaction,Protein::42,0
Durg::345,drug_target_interaction,Protein::573,0
Durg::697,drug_target_interaction,Protein::745,0
Durg::48,drug_target_interaction,Protein::413,0
Durg::432,drug_target_interaction,Protein::927,0
Durg::702,drug_target_interaction,Protein::335,0
Durg::170,drug_target_interaction,Protein::18,0
Durg::194,drug_target_interaction,Protein::73,0
Durg::193,drug_target_interaction,Protein::289,0
Durg::324,drug_target_interaction,Protein::994,0
Durg::99,drug_target_interaction,Protein::164,0
Durg::372,drug_target_interaction,Protein::1010,0
Durg::312,drug_target_interaction,Protein::778,0
Durg::188,drug_target_interaction,Protein::51,0
Durg::40,drug_target_interaction,Protein::426,0
Durg::293,drug_target_interaction,Protein::1055,0
Durg::178,drug_target_interaction,Protein::442,0
Durg::405,drug_target_interaction,Protein::427,0
Durg::350,drug_target_interaction,Protein::6,0
Durg::538,drug_target_interaction,Protein::144,0
Durg::509,drug_target_interaction,Protein::617,0
Durg::540,drug_target_interaction,Protein::1176,0
Durg::88,drug_target_interaction,Protein::642,0
Durg::696,drug_target_interaction,Protein::647,0
Durg::610,drug_target_interaction,Protein::1155,0
Durg::34,drug_target_interaction,Protein::931,0
Durg::536,drug_target_interaction,Protein::568,0
Durg::238,drug_target_interaction,Protein::90,0
Durg::363,drug_target_interaction,Protein::390,0
Durg::529,drug_target_interaction,Protein::656,0
Durg::395,drug_target_interaction,Protein::1000,0
Durg::238,drug_target_interaction,Protein::201,0
Durg::652,drug_target_interaction,Protein::288,0
Durg::253,drug_target_interaction,Protein::524,0
Durg::691,drug_target_interaction,Protein::1162,0
Durg::596,drug_target_interaction,Protein::605,0
Durg::324,drug_target_interaction,Protein::273,0
Durg::22,drug_target_interaction,Protein::608,0
Durg::544,drug_target_interaction,Protein::1185,0
Durg::373,drug_target_interaction,Protein::83,0
Durg::574,drug_target_interaction,Protein::13,0
Durg::203,drug_target_interaction,Protein::279,0
Durg::312,drug_target_interaction,Protein::419,0
Durg::413,drug_target_interaction,Protein::1011,0
Durg::689,drug_target_interaction,Protein::123,0
Durg::76,drug_target_interaction,Protein::637,0
Durg::433,drug_target_interaction,Protein::512,0
Durg::185,drug_target_interaction,Protein::495,0
Durg::347,drug_target_interaction,Protein::545,0
Durg::566,drug_target_interaction,Protein::570,0
Durg::42,drug_target_interaction,Protein::360,0
Durg::466,drug_target_interaction,Protein::145,0
Durg::255,drug_target_interaction,Protein::860,0
Durg::590,drug_target_interaction,Protein::720,0
Durg::463,drug_target_interaction,Protein::916,0
Durg::425,drug_target_interaction,Protein::25,0
Durg::420,drug_target_interaction,Protein::218,0
Durg::511,drug_target_interaction,Protein::166,0
Durg::275,drug_target_interaction,Protein::528,0
Durg::295,drug_target_interaction,Protein::380,0
Durg::195,drug_target_interaction,Protein::278,0
Durg::338,drug_target_interaction,Protein::1180,0
Durg::41,drug_target_interaction,Protein::45,0
Durg::379,drug_target_interaction,Protein::28,0
Durg::643,drug_target_interaction,Protein::1150,0
Durg::163,drug_target_interaction,Protein::271,0
Durg::295,drug_target_interaction,Protein::636,0
Durg::559,drug_target_interaction,Protein::523,0
Durg::278,drug_target_interaction,Protein::592,0
Durg::395,drug_target_interaction,Protein::995,0
Durg::506,drug_target_interaction,Protein::654,0
Durg::502,drug_target_interaction,Protein::106,0
Durg::506,drug_target_interaction,Protein::422,0
Durg::225,drug_target_interaction,Protein::1038,0
Durg::276,drug_target_interaction,Protein::389,0
Durg::167,drug_target_interaction,Protein::493,0
Durg::370,drug_target_interaction,Protein::1152,0
Durg::272,drug_target_interaction,Protein::295,0
Durg::180,drug_target_interaction,Protein::320,0
Durg::480,drug_target_interaction,Protein::241,0
Durg::17,drug_target_interaction,Protein::383,0
Durg::314,drug_target_interaction,Protein::717,0
Durg::368,drug_target_interaction,Protein::88,0
Durg::445,drug_target_interaction,Protein::98,0
Durg::58,drug_target_interaction,Protein::495,0
Durg::609,drug_target_interaction,Protein::637,0
Durg::335,drug_target_interaction,Protein::146,0
Durg::34,drug_target_interaction,Protein::527,0
Durg::303,drug_target_interaction,Protein::858,0
Durg::541,drug_target_interaction,Protein::19,0
Durg::522,drug_target_interaction,Protein::6,0
Durg::54,drug_target_interaction,Protein::453,0
Durg::133,drug_target_interaction,Protein::786,0
Durg::315,drug_target_interaction,Protein::366,0
Durg::561,drug_target_interaction,Protein::276,0
Durg::396,drug_target_interaction,Protein::744,0
Durg::322,drug_target_interaction,Protein::139,0
Durg::632,drug_target_interaction,Protein::7,0
Durg::345,drug_target_interaction,Protein::459,0
Durg::637,drug_target_interaction,Protein::727,0
Durg::179,drug_target_interaction,Protein::470,0
Durg::89,drug_target_interaction,Protein::526,0
Durg::537,drug_target_interaction,Protein::487,0
Durg::514,drug_target_interaction,Protein::358,0
Durg::418,drug_target_interaction,Protein::625,0
Durg::276,drug_target_interaction,Protein::1162,0
Durg::375,drug_target_interaction,Protein::141,0
Durg::509,drug_target_interaction,Protein::496,0
Durg::333,drug_target_interaction,Protein::85,0
Durg::86,drug_target_interaction,Protein::429,0
Durg::332,drug_target_interaction,Protein::482,0
Durg::276,drug_target_interaction,Protein::10,0
Durg::400,drug_target_interaction,Protein::783,0
Durg::383,drug_target_interaction,Protein::1010,0
Durg::239,drug_target_interaction,Protein::515,0
Durg::652,drug_target_interaction,Protein::31,0
Durg::350,drug_target_interaction,Protein::1041,0
Durg::144,drug_target_interaction,Protein::773,0
Durg::606,drug_target_interaction,Protein::145,0
Durg::327,drug_target_interaction,Protein::242,0
Durg::348,drug_target_interaction,Protein::694,0
Durg::534,drug_target_interaction,Protein::707,0
Durg::492,drug_target_interaction,Protein::295,0
Durg::628,drug_target_interaction,Protein::149,0
Durg::297,drug_target_interaction,Protein::310,0
Durg::111,drug_target_interaction,Protein::588,0
Durg::31,drug_target_interaction,Protein::361,0
Durg::203,drug_target_interaction,Protein::149,0
Durg::178,drug_target_interaction,Protein::123,0
Durg::279,drug_target_interaction,Protein::515,0
Durg::379,drug_target_interaction,Protein::127,0
Durg::220,drug_target_interaction,Protein::272,0
Durg::26,drug_target_interaction,Protein::1174,0
Durg::448,drug_target_interaction,Protein::43,0
Durg::441,drug_target_interaction,Protein::312,0
Durg::597,drug_target_interaction,Protein::113,0
Durg::442,drug_target_interaction,Protein::1148,0
Durg::100,drug_target_interaction,Protein::1152,0
Durg::171,drug_target_interaction,Protein::247,0
Durg::651,drug_target_interaction,Protein::241,0
Durg::260,drug_target_interaction,Protein::269,0
Durg::322,drug_target_interaction,Protein::123,0
Durg::22,drug_target_interaction,Protein::195,0
Durg::302,drug_target_interaction,Protein::203,0
Durg::242,drug_target_interaction,Protein::225,0
Durg::707,drug_target_interaction,Protein::427,0
Durg::225,drug_target_interaction,Protein::141,0
Durg::638,drug_target_interaction,Protein::139,0
Durg::675,drug_target_interaction,Protein::1180,0
Durg::303,drug_target_interaction,Protein::924,0
Durg::254,drug_target_interaction,Protein::429,0
Durg::144,drug_target_interaction,Protein::196,0
Durg::82,drug_target_interaction,Protein::581,0
Durg::694,drug_target_interaction,Protein::261,0
Durg::436,drug_target_interaction,Protein::241,0
Durg::421,drug_target_interaction,Protein::160,0
Durg::138,drug_target_interaction,Protein::1508,0
Durg::278,drug_target_interaction,Protein::681,0
Durg::303,drug_target_interaction,Protein::720,0
Durg::315,drug_target_interaction,Protein::773,0
Durg::455,drug_target_interaction,Protein::346,0
Durg::61,drug_target_interaction,Protein::123,0
Durg::347,drug_target_interaction,Protein::1148,0
Durg::137,drug_target_interaction,Protein::117,0
Durg::327,drug_target_interaction,Protein::554,0
Durg::368,drug_target_interaction,Protein::1161,0
Durg::367,drug_target_interaction,Protein::924,0
Durg::376,drug_target_interaction,Protein::924,0
Durg::561,drug_target_interaction,Protein::1160,0
Durg::349,drug_target_interaction,Protein::32,0
Durg::193,drug_target_interaction,Protein::362,0
Durg::424,drug_target_interaction,Protein::1506,0
Durg::182,drug_target_interaction,Protein::362,0
Durg::232,drug_target_interaction,Protein::21,0
Durg::32,drug_target_interaction,Protein::625,0
Durg::11,drug_target_interaction,Protein::574,0
Durg::294,drug_target_interaction,Protein::418,0
Durg::226,drug_target_interaction,Protein::524,0
Durg::640,drug_target_interaction,Protein::383,0
Durg::389,drug_target_interaction,Protein::989,0
Durg::661,drug_target_interaction,Protein::665,0
Durg::5,drug_target_interaction,Protein::83,0
Durg::133,drug_target_interaction,Protein::60,0
Durg::683,drug_target_interaction,Protein::181,0
Durg::654,drug_target_interaction,Protein::856,0
Durg::276,drug_target_interaction,Protein::681,0
Durg::3,drug_target_interaction,Protein::1176,0
Durg::286,drug_target_interaction,Protein::106,0
Durg::219,drug_target_interaction,Protein::261,0
Durg::3,drug_target_interaction,Protein::722,0
Durg::204,drug_target_interaction,Protein::694,0
Durg::83,drug_target_interaction,Protein::430,0
Durg::238,drug_target_interaction,Protein::200,0
Durg::279,drug_target_interaction,Protein::608,0
Durg::31,drug_target_interaction,Protein::240,0
Durg::593,drug_target_interaction,Protein::419,0
Durg::574,drug_target_interaction,Protein::636,0
Durg::650,drug_target_interaction,Protein::426,0
Durg::566,drug_target_interaction,Protein::194,0
Durg::319,drug_target_interaction,Protein::512,0
Durg::199,drug_target_interaction,Protein::322,0
Durg::52,drug_target_interaction,Protein::121,0
Durg::672,drug_target_interaction,Protein::260,0
Durg::359,drug_target_interaction,Protein::773,0
Durg::197,drug_target_interaction,Protein::419,0
Durg::357,drug_target_interaction,Protein::513,0
Durg::351,drug_target_interaction,Protein::221,0
Durg::90,drug_target_interaction,Protein::247,0
Durg::66,drug_target_interaction,Protein::549,0
Durg::276,drug_target_interaction,Protein::1166,0
Durg::16,drug_target_interaction,Protein::426,0
Durg::656,drug_target_interaction,Protein::237,0
Durg::84,drug_target_interaction,Protein::185,0
Durg::409,drug_target_interaction,Protein::991,0
Durg::496,drug_target_interaction,Protein::570,0
Durg::180,drug_target_interaction,Protein::72,0
Durg::9,drug_target_interaction,Protein::995,0
Durg::4,drug_target_interaction,Protein::75,0
Durg::114,drug_target_interaction,Protein::201,0
Durg::310,drug_target_interaction,Protein::1506,0
Durg::694,drug_target_interaction,Protein::922,0
Durg::378,drug_target_interaction,Protein::143,0
Durg::415,drug_target_interaction,Protein::286,0
Durg::13,drug_target_interaction,Protein::258,0
Durg::196,drug_target_interaction,Protein::265,0
Durg::47,drug_target_interaction,Protein::273,0
Durg::473,drug_target_interaction,Protein::424,0
Durg::228,drug_target_interaction,Protein::1183,0
Durg::5,drug_target_interaction,Protein::1152,0
Durg::576,drug_target_interaction,Protein::1029,0
Durg::96,drug_target_interaction,Protein::19,0
Durg::281,drug_target_interaction,Protein::138,0
Durg::473,drug_target_interaction,Protein::64,0
Durg::632,drug_target_interaction,Protein::459,0
Durg::538,drug_target_interaction,Protein::646,0
Durg::696,drug_target_interaction,Protein::407,0
Durg::707,drug_target_interaction,Protein::390,0
Durg::486,drug_target_interaction,Protein::427,0
Durg::396,drug_target_interaction,Protein::1152,0
Durg::406,drug_target_interaction,Protein::264,0
Durg::270,drug_target_interaction,Protein::141,0
Durg::103,drug_target_interaction,Protein::642,0
Durg::339,drug_target_interaction,Protein::986,0
Durg::682,drug_target_interaction,Protein::242,0
Durg::431,drug_target_interaction,Protein::744,0
Durg::407,drug_target_interaction,Protein::515,0
Durg::594,drug_target_interaction,Protein::195,0
Durg::279,drug_target_interaction,Protein::1146,0
Durg::93,drug_target_interaction,Protein::279,0
Durg::4,drug_target_interaction,Protein::1038,0
Durg::671,drug_target_interaction,Protein::94,0
Durg::596,drug_target_interaction,Protein::484,0
Durg::140,drug_target_interaction,Protein::916,0
Durg::358,drug_target_interaction,Protein::28,0
Durg::364,drug_target_interaction,Protein::493,0
Durg::610,drug_target_interaction,Protein::927,0
Durg::676,drug_target_interaction,Protein::310,0
Durg::486,drug_target_interaction,Protein::530,0
Durg::247,drug_target_interaction,Protein::45,0
Durg::423,drug_target_interaction,Protein::264,0
Durg::406,drug_target_interaction,Protein::814,0
Durg::546,drug_target_interaction,Protein::997,0
Durg::465,drug_target_interaction,Protein::512,0
Durg::315,drug_target_interaction,Protein::1180,0
Durg::560,drug_target_interaction,Protein::621,0
Durg::516,drug_target_interaction,Protein::554,0
Durg::252,drug_target_interaction,Protein::135,0
Durg::496,drug_target_interaction,Protein::1203,0
Durg::178,drug_target_interaction,Protein::1183,0
Durg::10,drug_target_interaction,Protein::201,0
Durg::530,drug_target_interaction,Protein::783,0
Durg::197,drug_target_interaction,Protein::45,0
Durg::507,drug_target_interaction,Protein::859,0
Durg::597,drug_target_interaction,Protein::232,0
Durg::0,drug_target_interaction,Protein::362,0
Durg::698,drug_target_interaction,Protein::625,0
Durg::682,drug_target_interaction,Protein::362,0
Durg::548,drug_target_interaction,Protein::1201,0
Durg::694,drug_target_interaction,Protein::115,0
Durg::463,drug_target_interaction,Protein::259,0
Durg::76,drug_target_interaction,Protein::624,0
Durg::171,drug_target_interaction,Protein::170,0
Durg::607,drug_target_interaction,Protein::670,0
Durg::669,drug_target_interaction,Protein::218,0
Durg::202,drug_target_interaction,Protein::518,0
Durg::321,drug_target_interaction,Protein::681,0
Durg::82,drug_target_interaction,Protein::528,0
Durg::655,drug_target_interaction,Protein::402,0
Durg::316,drug_target_interaction,Protein::1009,0
Durg::12,drug_target_interaction,Protein::614,0
Durg::222,drug_target_interaction,Protein::149,0
Durg::437,drug_target_interaction,Protein::554,0
Durg::324,drug_target_interaction,Protein::271,0
Durg::683,drug_target_interaction,Protein::669,0
Durg::493,drug_target_interaction,Protein::1148,0
Durg::488,drug_target_interaction,Protein::696,0
Durg::96,drug_target_interaction,Protein::1506,0
Durg::528,drug_target_interaction,Protein::237,0
Durg::458,drug_target_interaction,Protein::1152,0
Durg::693,drug_target_interaction,Protein::918,0
Durg::404,drug_target_interaction,Protein::1055,0
Durg::582,drug_target_interaction,Protein::709,0
Durg::377,drug_target_interaction,Protein::858,0
Durg::156,drug_target_interaction,Protein::140,0
Durg::617,drug_target_interaction,Protein::665,0
Durg::125,drug_target_interaction,Protein::442,0
Durg::593,drug_target_interaction,Protein::302,0
Durg::476,drug_target_interaction,Protein::1174,0
Durg::429,drug_target_interaction,Protein::681,0
Durg::238,drug_target_interaction,Protein::1177,0
Durg::287,drug_target_interaction,Protein::18,0
Durg::193,drug_target_interaction,Protein::394,0
Durg::184,drug_target_interaction,Protein::259,0
Durg::640,drug_target_interaction,Protein::108,0
Durg::230,drug_target_interaction,Protein::400,0
Durg::288,drug_target_interaction,Protein::362,0
Durg::205,drug_target_interaction,Protein::34,0
Durg::366,drug_target_interaction,Protein::453,0
Durg::114,drug_target_interaction,Protein::357,0
Durg::84,drug_target_interaction,Protein::545,0
Durg::707,drug_target_interaction,Protein::326,0
Durg::430,drug_target_interaction,Protein::296,0
Durg::400,drug_target_interaction,Protein::493,0
Durg::465,drug_target_interaction,Protein::1150,0
Durg::641,drug_target_interaction,Protein::460,0
Durg::277,drug_target_interaction,Protein::1169,0
Durg::167,drug_target_interaction,Protein::335,0
Durg::175,drug_target_interaction,Protein::259,0
Durg::168,drug_target_interaction,Protein::374,0
Durg::254,drug_target_interaction,Protein::657,0
Durg::395,drug_target_interaction,Protein::43,0
Durg::553,drug_target_interaction,Protein::554,0
Durg::364,drug_target_interaction,Protein::709,0
Durg::611,drug_target_interaction,Protein::1146,0
Durg::280,drug_target_interaction,Protein::197,0
Durg::43,drug_target_interaction,Protein::401,0
Durg::221,drug_target_interaction,Protein::14,0
Durg::123,drug_target_interaction,Protein::640,0
Durg::603,drug_target_interaction,Protein::486,0
Durg::88,drug_target_interaction,Protein::737,0
Durg::135,drug_target_interaction,Protein::269,0
Durg::697,drug_target_interaction,Protein::614,0
Durg::221,drug_target_interaction,Protein::377,0
Durg::147,drug_target_interaction,Protein::7,0
Durg::46,drug_target_interaction,Protein::461,0
Durg::409,drug_target_interaction,Protein::197,0
Durg::179,drug_target_interaction,Protein::383,0
Durg::546,drug_target_interaction,Protein::67,0
Durg::365,drug_target_interaction,Protein::364,0
Durg::240,drug_target_interaction,Protein::360,0
Durg::238,drug_target_interaction,Protein::259,0
Durg::475,drug_target_interaction,Protein::1165,0
Durg::641,drug_target_interaction,Protein::368,0
Durg::184,drug_target_interaction,Protein::320,0
Durg::94,drug_target_interaction,Protein::570,0
Durg::677,drug_target_interaction,Protein::326,0
Durg::146,drug_target_interaction,Protein::1060,0
Durg::431,drug_target_interaction,Protein::484,0
Durg::365,drug_target_interaction,Protein::453,0
Durg::140,drug_target_interaction,Protein::127,0
Durg::615,drug_target_interaction,Protein::423,0
Durg::371,drug_target_interaction,Protein::67,0
Durg::290,drug_target_interaction,Protein::295,0
Durg::93,drug_target_interaction,Protein::360,0
Durg::552,drug_target_interaction,Protein::854,0
Durg::594,drug_target_interaction,Protein::127,0
Durg::575,drug_target_interaction,Protein::528,0
Durg::528,drug_target_interaction,Protein::203,0
Durg::232,drug_target_interaction,Protein::654,0
Durg::19,drug_target_interaction,Protein::401,0
Durg::628,drug_target_interaction,Protein::995,0
Durg::661,drug_target_interaction,Protein::194,0
Durg::678,drug_target_interaction,Protein::516,0
Durg::554,drug_target_interaction,Protein::460,0
Durg::538,drug_target_interaction,Protein::401,0
Durg::298,drug_target_interaction,Protein::516,0
Durg::491,drug_target_interaction,Protein::497,0
Durg::422,drug_target_interaction,Protein::422,0
Durg::359,drug_target_interaction,Protein::745,0
Durg::617,drug_target_interaction,Protein::996,0
Durg::264,drug_target_interaction,Protein::1169,0
Durg::85,drug_target_interaction,Protein::546,0
Durg::463,drug_target_interaction,Protein::717,0
Durg::444,drug_target_interaction,Protein::636,0
Durg::572,drug_target_interaction,Protein::852,0
Durg::12,drug_target_interaction,Protein::113,0
Durg::180,drug_target_interaction,Protein::1066,0
Durg::503,drug_target_interaction,Protein::1185,0
Durg::273,drug_target_interaction,Protein::940,0
Durg::397,drug_target_interaction,Protein::6,0
Durg::528,drug_target_interaction,Protein::689,0
Durg::127,drug_target_interaction,Protein::7,0
Durg::16,drug_target_interaction,Protein::453,0
Durg::311,drug_target_interaction,Protein::14,0
Durg::677,drug_target_interaction,Protein::852,0
Durg::277,drug_target_interaction,Protein::707,0
Durg::14,drug_target_interaction,Protein::453,0
Durg::602,drug_target_interaction,Protein::1041,0
Durg::99,drug_target_interaction,Protein::90,0
Durg::160,drug_target_interaction,Protein::1187,0
Durg::401,drug_target_interaction,Protein::624,0
Durg::382,drug_target_interaction,Protein::720,0
Durg::3,drug_target_interaction,Protein::424,0
Durg::356,drug_target_interaction,Protein::989,0
Durg::143,drug_target_interaction,Protein::1177,0
Durg::693,drug_target_interaction,Protein::647,0
Durg::70,drug_target_interaction,Protein::185,0
Durg::633,drug_target_interaction,Protein::366,0
Durg::545,drug_target_interaction,Protein::857,0
Durg::130,drug_target_interaction,Protein::470,0
Durg::413,drug_target_interaction,Protein::320,0
Durg::94,drug_target_interaction,Protein::421,0
Durg::25,drug_target_interaction,Protein::366,0
Durg::88,drug_target_interaction,Protein::101,0
Durg::378,drug_target_interaction,Protein::115,0
Durg::279,drug_target_interaction,Protein::13,0
Durg::409,drug_target_interaction,Protein::509,0
Durg::131,drug_target_interaction,Protein::637,0
Durg::543,drug_target_interaction,Protein::722,0
Durg::445,drug_target_interaction,Protein::258,0
Durg::593,drug_target_interaction,Protein::448,0
Durg::557,drug_target_interaction,Protein::320,0
Durg::49,drug_target_interaction,Protein::185,0
Durg::367,drug_target_interaction,Protein::89,0
Durg::491,drug_target_interaction,Protein::113,0
Durg::478,drug_target_interaction,Protein::1034,0
Durg::170,drug_target_interaction,Protein::996,0
Durg::285,drug_target_interaction,Protein::335,0
Durg::503,drug_target_interaction,Protein::259,0
Durg::600,drug_target_interaction,Protein::289,0
Durg::130,drug_target_interaction,Protein::223,0
Durg::569,drug_target_interaction,Protein::160,0
Durg::7,drug_target_interaction,Protein::670,0
Durg::523,drug_target_interaction,Protein::1375,0
Durg::245,drug_target_interaction,Protein::42,0
Durg::28,drug_target_interaction,Protein::261,0
Durg::609,drug_target_interaction,Protein::273,0
Durg::480,drug_target_interaction,Protein::670,0
Durg::433,drug_target_interaction,Protein::10,0
Durg::432,drug_target_interaction,Protein::1183,0
Durg::251,drug_target_interaction,Protein::296,0
Durg::288,drug_target_interaction,Protein::528,0
Durg::131,drug_target_interaction,Protein::440,0
Durg::327,drug_target_interaction,Protein::1201,0
Durg::445,drug_target_interaction,Protein::315,0
Durg::300,drug_target_interaction,Protein::318,0
Durg::0,drug_target_interaction,Protein::857,0
Durg::314,drug_target_interaction,Protein::1174,0
Durg::78,drug_target_interaction,Protein::203,0
Durg::594,drug_target_interaction,Protein::487,0
Durg::27,drug_target_interaction,Protein::88,0
Durg::524,drug_target_interaction,Protein::1165,0
Durg::645,drug_target_interaction,Protein::1184,0
Durg::152,drug_target_interaction,Protein::108,0
Durg::358,drug_target_interaction,Protein::523,0
Durg::546,drug_target_interaction,Protein::442,0
Durg::580,drug_target_interaction,Protein::340,0
Durg::30,drug_target_interaction,Protein::694,0
Durg::225,drug_target_interaction,Protein::1177,0
Durg::545,drug_target_interaction,Protein::1175,0
Durg::188,drug_target_interaction,Protein::549,0
Durg::0,drug_target_interaction,Protein::549,0
Durg::357,drug_target_interaction,Protein::561,0
Durg::86,drug_target_interaction,Protein::400,0
Durg::11,drug_target_interaction,Protein::472,0
Durg::476,drug_target_interaction,Protein::201,0
Durg::35,drug_target_interaction,Protein::279,0
Durg::229,drug_target_interaction,Protein::99,0
Durg::325,drug_target_interaction,Protein::661,0
Durg::253,drug_target_interaction,Protein::518,0
Durg::450,drug_target_interaction,Protein::588,0
Durg::47,drug_target_interaction,Protein::583,0
Durg::95,drug_target_interaction,Protein::40,0
Durg::491,drug_target_interaction,Protein::1041,0
Durg::265,drug_target_interaction,Protein::135,0
Durg::102,drug_target_interaction,Protein::514,0
Durg::202,drug_target_interaction,Protein::1176,0
Durg::299,drug_target_interaction,Protein::279,0
Durg::421,drug_target_interaction,Protein::124,0
Durg::99,drug_target_interaction,Protein::121,0
Durg::690,drug_target_interaction,Protein::189,0
Durg::283,drug_target_interaction,Protein::291,0
Durg::489,drug_target_interaction,Protein::418,0
Durg::530,drug_target_interaction,Protein::84,0
Durg::445,drug_target_interaction,Protein::1183,0
Durg::603,drug_target_interaction,Protein::1139,0
Durg::147,drug_target_interaction,Protein::166,0
Durg::167,drug_target_interaction,Protein::1138,0
Durg::255,drug_target_interaction,Protein::472,0
Durg::405,drug_target_interaction,Protein::1185,0
Durg::189,drug_target_interaction,Protein::94,0
Durg::262,drug_target_interaction,Protein::359,0
Durg::202,drug_target_interaction,Protein::665,0
Durg::130,drug_target_interaction,Protein::300,0
Durg::8,drug_target_interaction,Protein::346,0
Durg::240,drug_target_interaction,Protein::924,0
Durg::421,drug_target_interaction,Protein::1175,0
Durg::128,drug_target_interaction,Protein::43,0
Durg::290,drug_target_interaction,Protein::117,0
Durg::576,drug_target_interaction,Protein::1169,0
Durg::20,drug_target_interaction,Protein::550,0
Durg::468,drug_target_interaction,Protein::136,0
Durg::460,drug_target_interaction,Protein::530,0
Durg::430,drug_target_interaction,Protein::328,0
Durg::301,drug_target_interaction,Protein::426,0
Durg::109,drug_target_interaction,Protein::918,0
Durg::85,drug_target_interaction,Protein::18,0
Durg::327,drug_target_interaction,Protein::264,0
Durg::661,drug_target_interaction,Protein::78,0
Durg::279,drug_target_interaction,Protein::1164,0
Durg::446,drug_target_interaction,Protein::1161,0
Durg::168,drug_target_interaction,Protein::524,0
Durg::171,drug_target_interaction,Protein::1006,0
Durg::407,drug_target_interaction,Protein::1203,0
Durg::168,drug_target_interaction,Protein::346,0
Durg::643,drug_target_interaction,Protein::357,0
Durg::597,drug_target_interaction,Protein::260,0
Durg::100,drug_target_interaction,Protein::605,0
Durg::288,drug_target_interaction,Protein::72,0
Durg::85,drug_target_interaction,Protein::117,0
Durg::691,drug_target_interaction,Protein::1006,0
Durg::434,drug_target_interaction,Protein::318,0
Durg::449,drug_target_interaction,Protein::661,0
Durg::35,drug_target_interaction,Protein::248,0
Durg::54,drug_target_interaction,Protein::997,0
Durg::86,drug_target_interaction,Protein::1503,0
Durg::685,drug_target_interaction,Protein::221,0
Durg::225,drug_target_interaction,Protein::851,0
Durg::596,drug_target_interaction,Protein::654,0
Durg::476,drug_target_interaction,Protein::203,0
Durg::191,drug_target_interaction,Protein::138,0
Durg::229,drug_target_interaction,Protein::493,0
Durg::704,drug_target_interaction,Protein::413,0
Durg::77,drug_target_interaction,Protein::744,0
Durg::469,drug_target_interaction,Protein::295,0
Durg::138,drug_target_interaction,Protein::106,0
Durg::553,drug_target_interaction,Protein::472,0
Durg::548,drug_target_interaction,Protein::114,0
Durg::520,drug_target_interaction,Protein::14,0
Durg::535,drug_target_interaction,Protein::1508,0
Durg::145,drug_target_interaction,Protein::75,0
Durg::502,drug_target_interaction,Protein::248,0
Durg::232,drug_target_interaction,Protein::312,0
Durg::199,drug_target_interaction,Protein::860,0
Durg::623,drug_target_interaction,Protein::400,0
Durg::428,drug_target_interaction,Protein::247,0
Durg::427,drug_target_interaction,Protein::312,0
Durg::279,drug_target_interaction,Protein::637,0
Durg::535,drug_target_interaction,Protein::588,0
Durg::210,drug_target_interaction,Protein::485,0
Durg::127,drug_target_interaction,Protein::203,0
Durg::668,drug_target_interaction,Protein::134,0
Durg::136,drug_target_interaction,Protein::922,0
Durg::239,drug_target_interaction,Protein::472,0
Durg::661,drug_target_interaction,Protein::243,0
Durg::94,drug_target_interaction,Protein::322,0
Durg::422,drug_target_interaction,Protein::452,0
Durg::392,drug_target_interaction,Protein::413,0
Durg::125,drug_target_interaction,Protein::94,0
Durg::430,drug_target_interaction,Protein::380,0
Durg::698,drug_target_interaction,Protein::43,0
Durg::600,drug_target_interaction,Protein::646,0
Durg::96,drug_target_interaction,Protein::71,0
Durg::0,drug_target_interaction,Protein::264,0
Durg::43,drug_target_interaction,Protein::657,0
Durg::164,drug_target_interaction,Protein::272,0
Durg::184,drug_target_interaction,Protein::318,0
Durg::667,drug_target_interaction,Protein::278,0
Durg::46,drug_target_interaction,Protein::985,0
Durg::588,drug_target_interaction,Protein::183,0
Durg::439,drug_target_interaction,Protein::675,0
Durg::441,drug_target_interaction,Protein::88,0
Durg::633,drug_target_interaction,Protein::1160,0
Durg::654,drug_target_interaction,Protein::1299,0
Durg::406,drug_target_interaction,Protein::931,0
Durg::99,drug_target_interaction,Protein::1184,0
Durg::382,drug_target_interaction,Protein::568,0
Durg::76,drug_target_interaction,Protein::362,0
Durg::75,drug_target_interaction,Protein::223,0
Durg::280,drug_target_interaction,Protein::328,0
Durg::429,drug_target_interaction,Protein::296,0
Durg::344,drug_target_interaction,Protein::742,0
Durg::190,drug_target_interaction,Protein::207,0
Durg::422,drug_target_interaction,Protein::988,0
Durg::239,drug_target_interaction,Protein::995,0
Durg::175,drug_target_interaction,Protein::427,0
Durg::197,drug_target_interaction,Protein::485,0
Durg::415,drug_target_interaction,Protein::300,0
Durg::308,drug_target_interaction,Protein::546,0
Durg::376,drug_target_interaction,Protein::315,0
Durg::607,drug_target_interaction,Protein::138,0
Durg::530,drug_target_interaction,Protein::460,0
Durg::566,drug_target_interaction,Protein::208,0
Durg::314,drug_target_interaction,Protein::737,0
Durg::625,drug_target_interaction,Protein::429,0
Durg::180,drug_target_interaction,Protein::694,0
Durg::279,drug_target_interaction,Protein::1187,0
Durg::546,drug_target_interaction,Protein::113,0
Durg::317,drug_target_interaction,Protein::309,0
Durg::678,drug_target_interaction,Protein::1009,0
Durg::145,drug_target_interaction,Protein::181,0
Durg::182,drug_target_interaction,Protein::60,0
Durg::283,drug_target_interaction,Protein::993,0
Durg::597,drug_target_interaction,Protein::300,0
Durg::273,drug_target_interaction,Protein::569,0
Durg::324,drug_target_interaction,Protein::33,0
Durg::132,drug_target_interaction,Protein::993,0
Durg::41,drug_target_interaction,Protein::450,0
Durg::196,drug_target_interaction,Protein::1060,0
Durg::689,drug_target_interaction,Protein::320,0
Durg::265,drug_target_interaction,Protein::164,0
Durg::232,drug_target_interaction,Protein::573,0
Durg::366,drug_target_interaction,Protein::940,0
Durg::540,drug_target_interaction,Protein::291,0
Durg::364,drug_target_interaction,Protein::1165,0
Durg::116,drug_target_interaction,Protein::429,0
Durg::703,drug_target_interaction,Protein::647,0
Durg::559,drug_target_interaction,Protein::218,0
Durg::341,drug_target_interaction,Protein::208,0
Durg::415,drug_target_interaction,Protein::361,0
Durg::78,drug_target_interaction,Protein::368,0
Durg::5,drug_target_interaction,Protein::207,0
Durg::114,drug_target_interaction,Protein::709,0
Durg::145,drug_target_interaction,Protein::563,0
Durg::102,drug_target_interaction,Protein::160,0
Durg::170,drug_target_interaction,Protein::665,0
Durg::114,drug_target_interaction,Protein::854,0
Durg::302,drug_target_interaction,Protein::413,0
Durg::476,drug_target_interaction,Protein::13,0
Durg::116,drug_target_interaction,Protein::990,0
Durg::358,drug_target_interaction,Protein::561,0
Durg::245,drug_target_interaction,Protein::1163,0
Durg::366,drug_target_interaction,Protein::581,0
Durg::625,drug_target_interaction,Protein::720,0
Durg::196,drug_target_interaction,Protein::924,0
Durg::26,drug_target_interaction,Protein::1177,0
Durg::2,drug_target_interaction,Protein::12,0
Durg::474,drug_target_interaction,Protein::279,0
Durg::412,drug_target_interaction,Protein::218,0
Durg::488,drug_target_interaction,Protein::1183,0
Durg::101,drug_target_interaction,Protein::727,0
Durg::437,drug_target_interaction,Protein::145,0
Durg::148,drug_target_interaction,Protein::1165,0
Durg::344,drug_target_interaction,Protein::513,0
Durg::437,drug_target_interaction,Protein::360,0
Durg::102,drug_target_interaction,Protein::383,0
Durg::5,drug_target_interaction,Protein::640,0
Durg::377,drug_target_interaction,Protein::860,0
Durg::321,drug_target_interaction,Protein::258,0
Durg::184,drug_target_interaction,Protein::988,0
Durg::135,drug_target_interaction,Protein::546,0
Durg::567,drug_target_interaction,Protein::778,0
Durg::680,drug_target_interaction,Protein::605,0
Durg::228,drug_target_interaction,Protein::614,0
Durg::171,drug_target_interaction,Protein::101,0
Durg::65,drug_target_interaction,Protein::346,0
Durg::607,drug_target_interaction,Protein::1174,0
Durg::675,drug_target_interaction,Protein::302,0
Durg::159,drug_target_interaction,Protein::1009,0
Durg::165,drug_target_interaction,Protein::745,0
Durg::131,drug_target_interaction,Protein::487,0
Durg::143,drug_target_interaction,Protein::34,0
Durg::197,drug_target_interaction,Protein::40,0
Durg::617,drug_target_interaction,Protein::636,0
Durg::337,drug_target_interaction,Protein::860,0
Durg::87,drug_target_interaction,Protein::987,0
Durg::535,drug_target_interaction,Protein::318,0
Durg::48,drug_target_interaction,Protein::276,0
Durg::476,drug_target_interaction,Protein::485,0
Durg::444,drug_target_interaction,Protein::426,0
Durg::427,drug_target_interaction,Protein::71,0
Durg::334,drug_target_interaction,Protein::681,0
Durg::704,drug_target_interaction,Protein::83,0
Durg::125,drug_target_interaction,Protein::1161,0
Durg::690,drug_target_interaction,Protein::484,0
Durg::78,drug_target_interaction,Protein::7,0
Durg::236,drug_target_interaction,Protein::315,0
Durg::227,drug_target_interaction,Protein::237,0
Durg::46,drug_target_interaction,Protein::940,0
Durg::548,drug_target_interaction,Protein::322,0
Durg::372,drug_target_interaction,Protein::485,0
Durg::633,drug_target_interaction,Protein::1009,0
Durg::302,drug_target_interaction,Protein::1151,0
Durg::217,drug_target_interaction,Protein::515,0
Durg::86,drug_target_interaction,Protein::203,0
Durg::496,drug_target_interaction,Protein::497,0
Durg::290,drug_target_interaction,Protein::996,0
Durg::334,drug_target_interaction,Protein::984,0
Durg::31,drug_target_interaction,Protein::1196,0
Durg::662,drug_target_interaction,Protein::1181,0
Durg::424,drug_target_interaction,Protein::663,0
Durg::382,drug_target_interaction,Protein::279,0
Durg::580,drug_target_interaction,Protein::440,0
Durg::532,drug_target_interaction,Protein::648,0
Durg::436,drug_target_interaction,Protein::497,0
Durg::28,drug_target_interaction,Protein::423,0
Durg::287,drug_target_interaction,Protein::654,0
Durg::332,drug_target_interaction,Protein::860,0
Durg::508,drug_target_interaction,Protein::18,0
Durg::692,drug_target_interaction,Protein::273,0
Durg::89,drug_target_interaction,Protein::592,0
Durg::380,drug_target_interaction,Protein::1152,0
Durg::436,drug_target_interaction,Protein::428,0
Durg::167,drug_target_interaction,Protein::243,0
Durg::538,drug_target_interaction,Protein::546,0
Durg::324,drug_target_interaction,Protein::1161,0
Durg::400,drug_target_interaction,Protein::260,0
Durg::135,drug_target_interaction,Protein::1163,0
Durg::496,drug_target_interaction,Protein::374,0
Durg::201,drug_target_interaction,Protein::85,0
Durg::373,drug_target_interaction,Protein::1177,0
Durg::85,drug_target_interaction,Protein::647,0
Durg::23,drug_target_interaction,Protein::1166,0
Durg::668,drug_target_interaction,Protein::505,0
Durg::507,drug_target_interaction,Protein::1011,0
Durg::581,drug_target_interaction,Protein::185,0
Durg::153,drug_target_interaction,Protein::40,0
Durg::654,drug_target_interaction,Protein::570,0
Durg::481,drug_target_interaction,Protein::1196,0
Durg::400,drug_target_interaction,Protein::674,0
Durg::181,drug_target_interaction,Protein::1041,0
Durg::202,drug_target_interaction,Protein::206,0
Durg::25,drug_target_interaction,Protein::1173,0
Durg::269,drug_target_interaction,Protein::554,0
Durg::82,drug_target_interaction,Protein::62,0
Durg::30,drug_target_interaction,Protein::155,0
Durg::488,drug_target_interaction,Protein::530,0
Durg::217,drug_target_interaction,Protein::814,0
Durg::610,drug_target_interaction,Protein::1153,0
Durg::396,drug_target_interaction,Protein::786,0
Durg::384,drug_target_interaction,Protein::1172,0
Durg::3,drug_target_interaction,Protein::361,0
Durg::58,drug_target_interaction,Protein::574,0
Durg::496,drug_target_interaction,Protein::1202,0
Durg::100,drug_target_interaction,Protein::12,0
Durg::569,drug_target_interaction,Protein::19,0
Durg::437,drug_target_interaction,Protein::421,0
Durg::494,drug_target_interaction,Protein::625,0
Durg::432,drug_target_interaction,Protein::279,0
Durg::25,drug_target_interaction,Protein::418,0
Durg::257,drug_target_interaction,Protein::737,0
Durg::394,drug_target_interaction,Protein::940,0
Durg::627,drug_target_interaction,Protein::261,0
Durg::188,drug_target_interaction,Protein::1034,0
Durg::539,drug_target_interaction,Protein::1066,0
Durg::23,drug_target_interaction,Protein::1150,0
Durg::590,drug_target_interaction,Protein::1506,0
Durg::356,drug_target_interaction,Protein::42,0
Durg::616,drug_target_interaction,Protein::1188,0
Durg::64,drug_target_interaction,Protein::583,0
Durg::610,drug_target_interaction,Protein::617,0
Durg::476,drug_target_interaction,Protein::1381,0
Durg::523,drug_target_interaction,Protein::115,0
Durg::181,drug_target_interaction,Protein::248,0
Durg::540,drug_target_interaction,Protein::320,0
Durg::46,drug_target_interaction,Protein::482,0
Durg::678,drug_target_interaction,Protein::1504,0
Durg::40,drug_target_interaction,Protein::424,0
Durg::88,drug_target_interaction,Protein::617,0
Durg::250,drug_target_interaction,Protein::722,0
Durg::259,drug_target_interaction,Protein::106,0
Durg::641,drug_target_interaction,Protein::295,0
Durg::645,drug_target_interaction,Protein::477,0
Durg::357,drug_target_interaction,Protein::1202,0
Durg::566,drug_target_interaction,Protein::940,0
Durg::102,drug_target_interaction,Protein::25,0
Durg::535,drug_target_interaction,Protein::418,0
Durg::292,drug_target_interaction,Protein::300,0
Durg::523,drug_target_interaction,Protein::514,0
Durg::82,drug_target_interaction,Protein::115,0
Durg::83,drug_target_interaction,Protein::992,0
Durg::495,drug_target_interaction,Protein::1150,0
Durg::532,drug_target_interaction,Protein::1174,0
Durg::15,drug_target_interaction,Protein::374,0
Durg::408,drug_target_interaction,Protein::1152,0
Durg::180,drug_target_interaction,Protein::466,0
Durg::167,drug_target_interaction,Protein::608,0
Durg::253,drug_target_interaction,Protein::1503,0
Durg::232,drug_target_interaction,Protein::613,0
Durg::463,drug_target_interaction,Protein::742,0
Durg::404,drug_target_interaction,Protein::1196,0
Durg::603,drug_target_interaction,Protein::18,0
Durg::343,drug_target_interaction,Protein::493,0
Durg::174,drug_target_interaction,Protein::1202,0
Durg::281,drug_target_interaction,Protein::858,0
Durg::544,drug_target_interaction,Protein::744,0
Durg::430,drug_target_interaction,Protein::625,0
Durg::381,drug_target_interaction,Protein::419,0
Durg::112,drug_target_interaction,Protein::10,0
Durg::137,drug_target_interaction,Protein::75,0
Durg::363,drug_target_interaction,Protein::160,0
Durg::566,drug_target_interaction,Protein::150,0
Durg::2,drug_target_interaction,Protein::528,0
Durg::502,drug_target_interaction,Protein::986,0
Durg::277,drug_target_interaction,Protein::310,0
Durg::600,drug_target_interaction,Protein::272,0
Durg::369,drug_target_interaction,Protein::1011,0
Durg::174,drug_target_interaction,Protein::335,0
Durg::351,drug_target_interaction,Protein::64,0
Durg::8,drug_target_interaction,Protein::545,0
Durg::272,drug_target_interaction,Protein::258,0
Durg::188,drug_target_interaction,Protein::113,0
Durg::645,drug_target_interaction,Protein::101,0
Durg::145,drug_target_interaction,Protein::45,0
Durg::136,drug_target_interaction,Protein::1165,0
Durg::433,drug_target_interaction,Protein::218,0
Durg::272,drug_target_interaction,Protein::1201,0
Durg::557,drug_target_interaction,Protein::265,0
Durg::238,drug_target_interaction,Protein::114,0
Durg::240,drug_target_interaction,Protein::243,0
Durg::509,drug_target_interaction,Protein::990,0
Durg::424,drug_target_interaction,Protein::78,0
Durg::272,drug_target_interaction,Protein::773,0
Durg::520,drug_target_interaction,Protein::242,0
Durg::121,drug_target_interaction,Protein::605,0
Durg::492,drug_target_interaction,Protein::1150,0
Durg::100,drug_target_interaction,Protein::1180,0
Durg::381,drug_target_interaction,Protein::853,0
Durg::140,drug_target_interaction,Protein::2,0
Durg::451,drug_target_interaction,Protein::101,0
Durg::377,drug_target_interaction,Protein::264,0
Durg::115,drug_target_interaction,Protein::340,0
Durg::573,drug_target_interaction,Protein::482,0
Durg::618,drug_target_interaction,Protein::428,0
Durg::132,drug_target_interaction,Protein::466,0
Durg::693,drug_target_interaction,Protein::127,0
Durg::285,drug_target_interaction,Protein::440,0
Durg::61,drug_target_interaction,Protein::1034,0
Durg::85,drug_target_interaction,Protein::439,0
Durg::294,drug_target_interaction,Protein::1029,0
Durg::185,drug_target_interaction,Protein::1146,0
Durg::357,drug_target_interaction,Protein::996,0
Durg::52,drug_target_interaction,Protein::326,0
Durg::292,drug_target_interaction,Protein::330,0
Durg::213,drug_target_interaction,Protein::569,0
Durg::415,drug_target_interaction,Protein::993,0
Durg::593,drug_target_interaction,Protein::527,0
Durg::575,drug_target_interaction,Protein::6,0
Durg::480,drug_target_interaction,Protein::426,0
Durg::32,drug_target_interaction,Protein::1187,0
Durg::567,drug_target_interaction,Protein::82,0
Durg::668,drug_target_interaction,Protein::296,0
Durg::82,drug_target_interaction,Protein::992,0
Durg::507,drug_target_interaction,Protein::726,0
Durg::380,drug_target_interaction,Protein::1167,0
Durg::548,drug_target_interaction,Protein::1506,0
Durg::493,drug_target_interaction,Protein::460,0
Durg::281,drug_target_interaction,Protein::2,0
Durg::111,drug_target_interaction,Protein::1161,0
Durg::253,drug_target_interaction,Protein::1055,0
Durg::579,drug_target_interaction,Protein::513,0
Durg::85,drug_target_interaction,Protein::291,0
Durg::523,drug_target_interaction,Protein::145,0
Durg::526,drug_target_interaction,Protein::271,0
Durg::685,drug_target_interaction,Protein::225,0
Durg::458,drug_target_interaction,Protein::6,0
Durg::354,drug_target_interaction,Protein::674,0
Durg::66,drug_target_interaction,Protein::694,0
Durg::677,drug_target_interaction,Protein::997,0
Durg::7,drug_target_interaction,Protein::694,0
Durg::457,drug_target_interaction,Protein::60,0
Durg::624,drug_target_interaction,Protein::528,0
Durg::367,drug_target_interaction,Protein::1138,0
Durg::472,drug_target_interaction,Protein::84,0
Durg::168,drug_target_interaction,Protein::318,0
Durg::28,drug_target_interaction,Protein::989,0
Durg::424,drug_target_interaction,Protein::407,0
Durg::273,drug_target_interaction,Protein::509,0
Durg::645,drug_target_interaction,Protein::362,0
Durg::514,drug_target_interaction,Protein::859,0
Durg::245,drug_target_interaction,Protein::43,0
Durg::392,drug_target_interaction,Protein::258,0
Durg::4,drug_target_interaction,Protein::1299,0
Durg::5,drug_target_interaction,Protein::201,0
Durg::83,drug_target_interaction,Protein::401,0
Durg::290,drug_target_interaction,Protein::241,0
Durg::424,drug_target_interaction,Protein::340,0
Durg::193,drug_target_interaction,Protein::854,0
Durg::221,drug_target_interaction,Protein::1148,0
Durg::383,drug_target_interaction,Protein::1166,0
Durg::696,drug_target_interaction,Protein::113,0
Durg::5,drug_target_interaction,Protein::1188,0
Durg::38,drug_target_interaction,Protein::694,0
Durg::337,drug_target_interaction,Protein::1382,0
Durg::180,drug_target_interaction,Protein::401,0
Durg::132,drug_target_interaction,Protein::78,0
Durg::351,drug_target_interaction,Protein::201,0
Durg::550,drug_target_interaction,Protein::383,0
Durg::343,drug_target_interaction,Protein::361,0
Durg::3,drug_target_interaction,Protein::383,0
Durg::602,drug_target_interaction,Protein::646,0
Durg::118,drug_target_interaction,Protein::722,0
Durg::158,drug_target_interaction,Protein::496,0
Durg::472,drug_target_interaction,Protein::113,0
Durg::463,drug_target_interaction,Protein::1162,0
Durg::691,drug_target_interaction,Protein::1508,0
Durg::611,drug_target_interaction,Protein::512,0
Durg::590,drug_target_interaction,Protein::1176,0
Durg::95,drug_target_interaction,Protein::272,0
Durg::265,drug_target_interaction,Protein::486,0
Durg::232,drug_target_interaction,Protein::1029,0
Durg::100,drug_target_interaction,Protein::817,0
Durg::15,drug_target_interaction,Protein::225,0
Durg::94,drug_target_interaction,Protein::25,0
Durg::401,drug_target_interaction,Protein::990,0
Durg::95,drug_target_interaction,Protein::449,0
Durg::383,drug_target_interaction,Protein::744,0
Durg::395,drug_target_interaction,Protein::1181,0
Durg::486,drug_target_interaction,Protein::206,0
Durg::102,drug_target_interaction,Protein::181,0
Durg::20,drug_target_interaction,Protein::1196,0
Durg::343,drug_target_interaction,Protein::439,0
Durg::319,drug_target_interaction,Protein::674,0
Durg::86,drug_target_interaction,Protein::661,0
Durg::111,drug_target_interaction,Protein::320,0
Durg::309,drug_target_interaction,Protein::75,0
Durg::338,drug_target_interaction,Protein::722,0
Durg::253,drug_target_interaction,Protein::442,0
Durg::238,drug_target_interaction,Protein::261,0
Durg::252,drug_target_interaction,Protein::778,0
Durg::239,drug_target_interaction,Protein::218,0
Durg::36,drug_target_interaction,Protein::515,0
Durg::698,drug_target_interaction,Protein::605,0
Durg::143,drug_target_interaction,Protein::661,0
Durg::656,drug_target_interaction,Protein::221,0
Durg::280,drug_target_interaction,Protein::237,0
Durg::6,drug_target_interaction,Protein::475,0
Durg::337,drug_target_interaction,Protein::143,0
Durg::32,drug_target_interaction,Protein::290,0
Durg::337,drug_target_interaction,Protein::727,0
Durg::534,drug_target_interaction,Protein::366,0
Durg::548,drug_target_interaction,Protein::636,0
Durg::26,drug_target_interaction,Protein::1170,0
Durg::254,drug_target_interaction,Protein::19,0
Durg::381,drug_target_interaction,Protein::144,0
Durg::654,drug_target_interaction,Protein::545,0
Durg::80,drug_target_interaction,Protein::1153,0
Durg::311,drug_target_interaction,Protein::1375,0
Durg::570,drug_target_interaction,Protein::1139,0
Durg::279,drug_target_interaction,Protein::918,0
Durg::661,drug_target_interaction,Protein::989,0
Durg::460,drug_target_interaction,Protein::992,0
Durg::543,drug_target_interaction,Protein::330,0
Durg::374,drug_target_interaction,Protein::993,0
Durg::489,drug_target_interaction,Protein::538,0
Durg::678,drug_target_interaction,Protein::269,0
Durg::324,drug_target_interaction,Protein::573,0
Durg::239,drug_target_interaction,Protein::247,0
Durg::3,drug_target_interaction,Protein::1055,0
Durg::695,drug_target_interaction,Protein::922,0
Durg::221,drug_target_interaction,Protein::1038,0
Durg::346,drug_target_interaction,Protein::241,0
Durg::373,drug_target_interaction,Protein::183,0
Durg::154,drug_target_interaction,Protein::442,0
Durg::478,drug_target_interaction,Protein::670,0
Durg::128,drug_target_interaction,Protein::1382,0
Durg::612,drug_target_interaction,Protein::383,0
Durg::630,drug_target_interaction,Protein::487,0
Durg::108,drug_target_interaction,Protein::82,0
Durg::600,drug_target_interaction,Protein::589,0
Durg::652,drug_target_interaction,Protein::613,0
Durg::401,drug_target_interaction,Protein::550,0
Durg::579,drug_target_interaction,Protein::1503,0
Durg::472,drug_target_interaction,Protein::783,0
Durg::273,drug_target_interaction,Protein::232,0
Durg::292,drug_target_interaction,Protein::19,0
Durg::554,drug_target_interaction,Protein::1299,0
Durg::100,drug_target_interaction,Protein::940,0
Durg::554,drug_target_interaction,Protein::524,0
Durg::389,drug_target_interaction,Protein::1165,0
Durg::372,drug_target_interaction,Protein::146,0
Durg::700,drug_target_interaction,Protein::435,0
Durg::576,drug_target_interaction,Protein::987,0
Durg::436,drug_target_interaction,Protein::1172,0
Durg::612,drug_target_interaction,Protein::1034,0
Durg::341,drug_target_interaction,Protein::523,0
Durg::213,drug_target_interaction,Protein::1179,0
Durg::66,drug_target_interaction,Protein::300,0
Durg::338,drug_target_interaction,Protein::518,0
Durg::481,drug_target_interaction,Protein::988,0
Durg::327,drug_target_interaction,Protein::113,0
Durg::491,drug_target_interaction,Protein::261,0
Durg::330,drug_target_interaction,Protein::247,0
Durg::425,drug_target_interaction,Protein::512,0
Durg::247,drug_target_interaction,Protein::916,0
Durg::492,drug_target_interaction,Protein::40,0
Durg::230,drug_target_interaction,Protein::31,0
Durg::511,drug_target_interaction,Protein::466,0
Durg::193,drug_target_interaction,Protein::71,0
Durg::309,drug_target_interaction,Protein::433,0
Durg::57,drug_target_interaction,Protein::1174,0
Durg::376,drug_target_interaction,Protein::657,0
Durg::661,drug_target_interaction,Protein::487,0
Durg::570,drug_target_interaction,Protein::166,0
Durg::293,drug_target_interaction,Protein::927,0
Durg::131,drug_target_interaction,Protein::377,0
Durg::507,drug_target_interaction,Protein::424,0
Durg::351,drug_target_interaction,Protein::196,0
Durg::239,drug_target_interaction,Protein::661,0
Durg::483,drug_target_interaction,Protein::260,0
Durg::532,drug_target_interaction,Protein::707,0
Durg::82,drug_target_interaction,Protein::1165,0
Durg::275,drug_target_interaction,Protein::545,0
Durg::146,drug_target_interaction,Protein::549,0
Durg::597,drug_target_interaction,Protein::665,0
Durg::371,drug_target_interaction,Protein::1148,0
Durg::211,drug_target_interaction,Protein::424,0
Durg::461,drug_target_interaction,Protein::136,0
Durg::95,drug_target_interaction,Protein::1160,0
Durg::567,drug_target_interaction,Protein::289,0
Durg::412,drug_target_interaction,Protein::608,0
Durg::69,drug_target_interaction,Protein::1166,0
Durg::35,drug_target_interaction,Protein::240,0
Durg::686,drug_target_interaction,Protein::1176,0
Durg::199,drug_target_interaction,Protein::43,0
Durg::384,drug_target_interaction,Protein::51,0
Durg::703,drug_target_interaction,Protein::1164,0
Durg::462,drug_target_interaction,Protein::1196,0
Durg::85,drug_target_interaction,Protein::991,0
Durg::271,drug_target_interaction,Protein::778,0
Durg::458,drug_target_interaction,Protein::136,0
Durg::677,drug_target_interaction,Protein::1201,0
Durg::436,drug_target_interaction,Protein::931,0
Durg::520,drug_target_interaction,Protein::203,0
Durg::569,drug_target_interaction,Protein::1022,0
Durg::498,drug_target_interaction,Protein::472,0
Durg::655,drug_target_interaction,Protein::1163,0
Durg::321,drug_target_interaction,Protein::408,0
Durg::573,drug_target_interaction,Protein::1184,0
Durg::261,drug_target_interaction,Protein::62,0
Durg::321,drug_target_interaction,Protein::317,0
Durg::125,drug_target_interaction,Protein::854,0
Durg::133,drug_target_interaction,Protein::98,0
Durg::536,drug_target_interaction,Protein::466,0
Durg::580,drug_target_interaction,Protein::84,0
Durg::542,drug_target_interaction,Protein::113,0
Durg::94,drug_target_interaction,Protein::244,0
Durg::442,drug_target_interaction,Protein::1203,0
Durg::471,drug_target_interaction,Protein::1184,0
Durg::279,drug_target_interaction,Protein::516,0
Durg::449,drug_target_interaction,Protein::395,0
Durg::85,drug_target_interaction,Protein::160,0
Durg::466,drug_target_interaction,Protein::717,0
Durg::31,drug_target_interaction,Protein::248,0
Durg::197,drug_target_interaction,Protein::194,0
Durg::504,drug_target_interaction,Protein::448,0
Durg::396,drug_target_interaction,Protein::368,0
Durg::301,drug_target_interaction,Protein::196,0
Durg::227,drug_target_interaction,Protein::71,0
Durg::368,drug_target_interaction,Protein::426,0
Durg::351,drug_target_interaction,Protein::101,0
Durg::413,drug_target_interaction,Protein::155,0
Durg::205,drug_target_interaction,Protein::45,0
Durg::134,drug_target_interaction,Protein::28,0
Durg::352,drug_target_interaction,Protein::497,0
Durg::630,drug_target_interaction,Protein::987,0
Durg::329,drug_target_interaction,Protein::657,0
Durg::203,drug_target_interaction,Protein::1000,0
Durg::112,drug_target_interaction,Protein::1504,0
Durg::275,drug_target_interaction,Protein::853,0
Durg::76,drug_target_interaction,Protein::449,0
Durg::570,drug_target_interaction,Protein::738,0
Durg::546,drug_target_interaction,Protein::196,0
Durg::204,drug_target_interaction,Protein::322,0
Durg::550,drug_target_interaction,Protein::26,0
Durg::441,drug_target_interaction,Protein::67,0
Durg::228,drug_target_interaction,Protein::1177,0
Durg::603,drug_target_interaction,Protein::439,0
Durg::333,drug_target_interaction,Protein::429,0
Durg::174,drug_target_interaction,Protein::694,0
Durg::590,drug_target_interaction,Protein::675,0
Durg::341,drug_target_interaction,Protein::554,0
Durg::559,drug_target_interaction,Protein::1502,0
Durg::607,drug_target_interaction,Protein::140,0
Durg::228,drug_target_interaction,Protein::538,0
Durg::0,drug_target_interaction,Protein::574,0
Durg::38,drug_target_interaction,Protein::435,0
Durg::607,drug_target_interaction,Protein::1161,0
Durg::694,drug_target_interaction,Protein::916,0
Durg::422,drug_target_interaction,Protein::530,0
Durg::570,drug_target_interaction,Protein::927,0
Durg::14,drug_target_interaction,Protein::1503,0
Durg::301,drug_target_interaction,Protein::358,0
Durg::355,drug_target_interaction,Protein::1508,0
Durg::366,drug_target_interaction,Protein::291,0
Durg::93,drug_target_interaction,Protein::657,0
Durg::363,drug_target_interaction,Protein::608,0
Durg::234,drug_target_interaction,Protein::778,0
Durg::97,drug_target_interaction,Protein::151,0
Durg::268,drug_target_interaction,Protein::288,0
Durg::613,drug_target_interaction,Protein::449,0
Durg::172,drug_target_interaction,Protein::408,0
Durg::32,drug_target_interaction,Protein::516,0
Durg::694,drug_target_interaction,Protein::138,0
Durg::76,drug_target_interaction,Protein::269,0
Durg::181,drug_target_interaction,Protein::707,0
Durg::321,drug_target_interaction,Protein::25,0
Durg::257,drug_target_interaction,Protein::389,0
Durg::26,drug_target_interaction,Protein::681,0
Durg::441,drug_target_interaction,Protein::647,0
Durg::178,drug_target_interaction,Protein::986,0
Durg::225,drug_target_interaction,Protein::390,0
Durg::100,drug_target_interaction,Protein::395,0
Durg::481,drug_target_interaction,Protein::857,0
Durg::362,drug_target_interaction,Protein::99,0
Durg::580,drug_target_interaction,Protein::1041,0
Durg::546,drug_target_interaction,Protein::483,0
Durg::421,drug_target_interaction,Protein::115,0
Durg::588,drug_target_interaction,Protein::319,0
Durg::167,drug_target_interaction,Protein::144,0
Durg::259,drug_target_interaction,Protein::123,0
Durg::217,drug_target_interaction,Protein::513,0
Durg::641,drug_target_interaction,Protein::150,0
Durg::614,drug_target_interaction,Protein::221,0
Durg::93,drug_target_interaction,Protein::346,0
Durg::485,drug_target_interaction,Protein::1010,0
Durg::340,drug_target_interaction,Protein::610,0
Durg::661,drug_target_interaction,Protein::459,0
Durg::115,drug_target_interaction,Protein::1011,0
Durg::704,drug_target_interaction,Protein::528,0
Durg::567,drug_target_interaction,Protein::854,0
Durg::644,drug_target_interaction,Protein::203,0
Durg::349,drug_target_interaction,Protein::291,0
Durg::529,drug_target_interaction,Protein::394,0
Durg::694,drug_target_interaction,Protein::197,0
Durg::539,drug_target_interaction,Protein::990,0
Durg::204,drug_target_interaction,Protein::1006,0
Durg::291,drug_target_interaction,Protein::1009,0
Durg::700,drug_target_interaction,Protein::505,0
Durg::3,drug_target_interaction,Protein::858,0
Durg::203,drug_target_interaction,Protein::115,0
Durg::201,drug_target_interaction,Protein::346,0
Durg::672,drug_target_interaction,Protein::430,0
Durg::359,drug_target_interaction,Protein::312,0
Durg::644,drug_target_interaction,Protein::151,0
Durg::684,drug_target_interaction,Protein::509,0
Durg::698,drug_target_interaction,Protein::647,0
Durg::444,drug_target_interaction,Protein::315,0
Durg::306,drug_target_interaction,Protein::276,0
Durg::141,drug_target_interaction,Protein::518,0
Durg::633,drug_target_interaction,Protein::1177,0
Durg::138,drug_target_interaction,Protein::241,0
Durg::233,drug_target_interaction,Protein::495,0
Durg::253,drug_target_interaction,Protein::75,0
Durg::397,drug_target_interaction,Protein::1165,0
Durg::163,drug_target_interaction,Protein::64,0
Durg::601,drug_target_interaction,Protein::518,0
Durg::89,drug_target_interaction,Protein::1160,0
Durg::5,drug_target_interaction,Protein::318,0
Durg::259,drug_target_interaction,Protein::312,0
Durg::324,drug_target_interaction,Protein::218,0
Durg::250,drug_target_interaction,Protein::1196,0
Durg::315,drug_target_interaction,Protein::570,0
Durg::634,drug_target_interaction,Protein::1160,0
Durg::349,drug_target_interaction,Protein::1504,0
Durg::534,drug_target_interaction,Protein::149,0
Durg::364,drug_target_interaction,Protein::450,0
Durg::628,drug_target_interaction,Protein::84,0
Durg::8,drug_target_interaction,Protein::276,0
Durg::478,drug_target_interaction,Protein::1060,0
Durg::576,drug_target_interaction,Protein::1175,0
Durg::471,drug_target_interaction,Protein::1188,0
Durg::260,drug_target_interaction,Protein::28,0
Durg::32,drug_target_interaction,Protein::291,0
Durg::575,drug_target_interaction,Protein::183,0
Durg::343,drug_target_interaction,Protein::487,0
Durg::684,drug_target_interaction,Protein::561,0
Durg::494,drug_target_interaction,Protein::621,0
Durg::244,drug_target_interaction,Protein::60,0
Durg::181,drug_target_interaction,Protein::621,0
Durg::499,drug_target_interaction,Protein::7,0
Durg::116,drug_target_interaction,Protein::1162,0
Durg::42,drug_target_interaction,Protein::196,0
Durg::469,drug_target_interaction,Protein::681,0
Durg::271,drug_target_interaction,Protein::694,0
Durg::433,drug_target_interaction,Protein::617,0
Durg::541,drug_target_interaction,Protein::994,0
Durg::439,drug_target_interaction,Protein::359,0
Durg::473,drug_target_interaction,Protein::1155,0
Durg::180,drug_target_interaction,Protein::143,0
Durg::156,drug_target_interaction,Protein::145,0
Durg::650,drug_target_interaction,Protein::742,0
Durg::503,drug_target_interaction,Protein::240,0
Durg::156,drug_target_interaction,Protein::940,0
Durg::80,drug_target_interaction,Protein::124,0
Durg::650,drug_target_interaction,Protein::581,0
Durg::247,drug_target_interaction,Protein::328,0
Durg::400,drug_target_interaction,Protein::726,0
Durg::114,drug_target_interaction,Protein::483,0
Durg::446,drug_target_interaction,Protein::143,0
Durg::5,drug_target_interaction,Protein::453,0
Durg::182,drug_target_interaction,Protein::246,0
Durg::481,drug_target_interaction,Protein::300,0
Durg::590,drug_target_interaction,Protein::143,0
Durg::446,drug_target_interaction,Protein::588,0
Durg::146,drug_target_interaction,Protein::657,0
Durg::193,drug_target_interaction,Protein::986,0
Durg::127,drug_target_interaction,Protein::1148,0
Durg::368,drug_target_interaction,Protein::1162,0
Durg::488,drug_target_interaction,Protein::265,0
Durg::38,drug_target_interaction,Protein::423,0
Durg::655,drug_target_interaction,Protein::852,0
Durg::659,drug_target_interaction,Protein::85,0
Durg::70,drug_target_interaction,Protein::25,0
Durg::143,drug_target_interaction,Protein::745,0
Durg::560,drug_target_interaction,Protein::327,0
Durg::102,drug_target_interaction,Protein::989,0
Durg::11,drug_target_interaction,Protein::145,0
Durg::195,drug_target_interaction,Protein::918,0
Durg::614,drug_target_interaction,Protein::1188,0
Durg::136,drug_target_interaction,Protein::200,0
Durg::123,drug_target_interaction,Protein::696,0
Durg::273,drug_target_interaction,Protein::114,0
Durg::380,drug_target_interaction,Protein::512,0
Durg::299,drug_target_interaction,Protein::368,0
Durg::276,drug_target_interaction,Protein::1165,0
Durg::261,drug_target_interaction,Protein::990,0
Durg::167,drug_target_interaction,Protein::859,0
Durg::16,drug_target_interaction,Protein::1186,0
Durg::460,drug_target_interaction,Protein::439,0
Durg::439,drug_target_interaction,Protein::309,0
Durg::334,drug_target_interaction,Protein::994,0
Durg::559,drug_target_interaction,Protein::477,0
Durg::95,drug_target_interaction,Protein::546,0
Durg::394,drug_target_interaction,Protein::1177,0
Durg::203,drug_target_interaction,Protein::101,0
Durg::206,drug_target_interaction,Protein::390,0
Durg::410,drug_target_interaction,Protein::142,0
Durg::225,drug_target_interaction,Protein::88,0
Durg::602,drug_target_interaction,Protein::319,0
Durg::423,drug_target_interaction,Protein::259,0
Durg::509,drug_target_interaction,Protein::424,0
Durg::10,drug_target_interaction,Protein::401,0
Durg::20,drug_target_interaction,Protein::232,0
Durg::41,drug_target_interaction,Protein::155,0
Durg::314,drug_target_interaction,Protein::778,0
Durg::262,drug_target_interaction,Protein::413,0
Durg::319,drug_target_interaction,Protein::1150,0
Durg::655,drug_target_interaction,Protein::123,0
Durg::7,drug_target_interaction,Protein::135,0
Durg::545,drug_target_interaction,Protein::1174,0
Durg::77,drug_target_interaction,Protein::244,0
Durg::247,drug_target_interaction,Protein::656,0
Durg::133,drug_target_interaction,Protein::624,0
Durg::334,drug_target_interaction,Protein::183,0
Durg::15,drug_target_interaction,Protein::990,0
Durg::667,drug_target_interaction,Protein::88,0
Durg::368,drug_target_interaction,Protein::516,0
Durg::384,drug_target_interaction,Protein::1201,0
Durg::425,drug_target_interaction,Protein::244,0
Durg::575,drug_target_interaction,Protein::485,0
Durg::74,drug_target_interaction,Protein::407,0
Durg::684,drug_target_interaction,Protein::1173,0
Durg::219,drug_target_interaction,Protein::246,0
Durg::136,drug_target_interaction,Protein::433,0
Durg::400,drug_target_interaction,Protein::28,0
Durg::30,drug_target_interaction,Protein::346,0
Durg::704,drug_target_interaction,Protein::335,0
Durg::181,drug_target_interaction,Protein::550,0
Durg::362,drug_target_interaction,Protein::271,0
Durg::481,drug_target_interaction,Protein::661,0
Durg::538,drug_target_interaction,Protein::278,0
Durg::196,drug_target_interaction,Protein::546,0
Durg::172,drug_target_interaction,Protein::6,0
Durg::458,drug_target_interaction,Protein::459,0
Durg::38,drug_target_interaction,Protein::786,0
Durg::286,drug_target_interaction,Protein::1138,0
Durg::152,drug_target_interaction,Protein::359,0
Durg::61,drug_target_interaction,Protein::1009,0
Durg::298,drug_target_interaction,Protein::514,0
Durg::341,drug_target_interaction,Protein::33,0
Durg::397,drug_target_interaction,Protein::786,0
Durg::522,drug_target_interaction,Protein::635,0
Durg::408,drug_target_interaction,Protein::88,0
Durg::423,drug_target_interaction,Protein::418,0
Durg::330,drug_target_interaction,Protein::265,0
Durg::445,drug_target_interaction,Protein::273,0
Durg::297,drug_target_interaction,Protein::988,0
Durg::433,drug_target_interaction,Protein::98,0
Durg::345,drug_target_interaction,Protein::78,0
Durg::370,drug_target_interaction,Protein::742,0
Durg::593,drug_target_interaction,Protein::561,0
Durg::506,drug_target_interaction,Protein::196,0
Durg::4,drug_target_interaction,Protein::783,0
Durg::240,drug_target_interaction,Protein::1179,0
Durg::486,drug_target_interaction,Protein::1188,0
Durg::251,drug_target_interaction,Protein::145,0
Durg::364,drug_target_interaction,Protein::6,0
Durg::565,drug_target_interaction,Protein::487,0
Durg::504,drug_target_interaction,Protein::461,0
Durg::616,drug_target_interaction,Protein::1163,0
Durg::362,drug_target_interaction,Protein::858,0
Durg::462,drug_target_interaction,Protein::124,0
Durg::459,drug_target_interaction,Protein::1502,0
Durg::375,drug_target_interaction,Protein::319,0
Durg::552,drug_target_interaction,Protein::278,0
Durg::183,drug_target_interaction,Protein::993,0
Durg::398,drug_target_interaction,Protein::60,0
Durg::43,drug_target_interaction,Protein::624,0
Durg::465,drug_target_interaction,Protein::260,0
Durg::474,drug_target_interaction,Protein::1382,0
Durg::350,drug_target_interaction,Protein::1010,0
Durg::486,drug_target_interaction,Protein::472,0
Durg::322,drug_target_interaction,Protein::98,0
Durg::58,drug_target_interaction,Protein::918,0
Durg::27,drug_target_interaction,Protein::73,0
Durg::421,drug_target_interaction,Protein::302,0
Durg::654,drug_target_interaction,Protein::484,0
Durg::489,drug_target_interaction,Protein::269,0
Durg::190,drug_target_interaction,Protein::261,0
Durg::564,drug_target_interaction,Protein::145,0
Durg::506,drug_target_interaction,Protein::394,0
Durg::601,drug_target_interaction,Protein::642,0
Durg::140,drug_target_interaction,Protein::1041,0
Durg::109,drug_target_interaction,Protein::554,0
Durg::553,drug_target_interaction,Protein::1502,0
Durg::261,drug_target_interaction,Protein::201,0
Durg::554,drug_target_interaction,Protein::1041,0
Durg::279,drug_target_interaction,Protein::362,0
Durg::492,drug_target_interaction,Protein::744,0
Durg::522,drug_target_interaction,Protein::608,0
Durg::428,drug_target_interaction,Protein::39,0
Durg::573,drug_target_interaction,Protein::461,0
Durg::494,drug_target_interaction,Protein::146,0
Durg::511,drug_target_interaction,Protein::247,0
Durg::14,drug_target_interaction,Protein::538,0
Durg::302,drug_target_interaction,Protein::240,0
Durg::95,drug_target_interaction,Protein::94,0
Durg::388,drug_target_interaction,Protein::295,0
Durg::526,drug_target_interaction,Protein::665,0
Durg::63,drug_target_interaction,Protein::717,0
Durg::475,drug_target_interaction,Protein::78,0
Durg::168,drug_target_interaction,Protein::669,0
Durg::329,drug_target_interaction,Protein::448,0
Durg::684,drug_target_interaction,Protein::984,0
Durg::433,drug_target_interaction,Protein::1151,0
Durg::94,drug_target_interaction,Protein::1506,0
Durg::193,drug_target_interaction,Protein::496,0
Durg::421,drug_target_interaction,Protein::143,0
Durg::639,drug_target_interaction,Protein::12,0
Durg::500,drug_target_interaction,Protein::164,0
Durg::639,drug_target_interaction,Protein::1375,0
Durg::696,drug_target_interaction,Protein::1152,0
Durg::373,drug_target_interaction,Protein::75,0
Durg::24,drug_target_interaction,Protein::518,0
Durg::703,drug_target_interaction,Protein::663,0
Durg::171,drug_target_interaction,Protein::272,0
Durg::17,drug_target_interaction,Protein::514,0
Durg::528,drug_target_interaction,Protein::246,0
Durg::183,drug_target_interaction,Protein::984,0
Durg::484,drug_target_interaction,Protein::315,0
Durg::695,drug_target_interaction,Protein::134,0
Durg::325,drug_target_interaction,Protein::561,0
Durg::195,drug_target_interaction,Protein::413,0
Durg::201,drug_target_interaction,Protein::366,0
Durg::255,drug_target_interaction,Protein::33,0
Durg::614,drug_target_interaction,Protein::589,0
Durg::401,drug_target_interaction,Protein::94,0
Durg::466,drug_target_interaction,Protein::112,0
Durg::374,drug_target_interaction,Protein::614,0
Durg::131,drug_target_interaction,Protein::922,0
Durg::74,drug_target_interaction,Protein::240,0
Durg::599,drug_target_interaction,Protein::670,0
Durg::526,drug_target_interaction,Protein::646,0
Durg::164,drug_target_interaction,Protein::985,0
Durg::427,drug_target_interaction,Protein::248,0
Durg::181,drug_target_interaction,Protein::856,0
Durg::245,drug_target_interaction,Protein::181,0
Durg::338,drug_target_interaction,Protein::389,0
Durg::17,drug_target_interaction,Protein::264,0
Durg::306,drug_target_interaction,Protein::237,0
Durg::143,drug_target_interaction,Protein::452,0
Durg::593,drug_target_interaction,Protein::720,0
Durg::234,drug_target_interaction,Protein::574,0
Durg::34,drug_target_interaction,Protein::637,0
Durg::514,drug_target_interaction,Protein::569,0
Durg::222,drug_target_interaction,Protein::472,0
Durg::443,drug_target_interaction,Protein::424,0
Durg::696,drug_target_interaction,Protein::135,0
Durg::363,drug_target_interaction,Protein::319,0
Durg::554,drug_target_interaction,Protein::390,0
Durg::422,drug_target_interaction,Protein::538,0
Durg::380,drug_target_interaction,Protein::858,0
Durg::372,drug_target_interaction,Protein::151,0
Durg::140,drug_target_interaction,Protein::317,0
Durg::224,drug_target_interaction,Protein::94,0
Durg::400,drug_target_interaction,Protein::200,0
Durg::242,drug_target_interaction,Protein::997,0
Durg::348,drug_target_interaction,Protein::319,0
Durg::272,drug_target_interaction,Protein::269,0
Durg::126,drug_target_interaction,Protein::496,0
Durg::62,drug_target_interaction,Protein::583,0
Durg::349,drug_target_interaction,Protein::1148,0
Durg::684,drug_target_interaction,Protein::196,0
Durg::372,drug_target_interaction,Protein::380,0
Durg::49,drug_target_interaction,Protein::737,0
Durg::561,drug_target_interaction,Protein::196,0
Durg::184,drug_target_interaction,Protein::995,0
Durg::285,drug_target_interaction,Protein::453,0
Durg::12,drug_target_interaction,Protein::640,0
Durg::265,drug_target_interaction,Protein::924,0
Durg::559,drug_target_interaction,Protein::727,0
Durg::188,drug_target_interaction,Protein::144,0
Durg::211,drug_target_interaction,Protein::320,0
Durg::310,drug_target_interaction,Protein::1146,0
Durg::118,drug_target_interaction,Protein::33,0
Durg::588,drug_target_interaction,Protein::1203,0
Durg::425,drug_target_interaction,Protein::114,0
Durg::3,drug_target_interaction,Protein::518,0
Durg::508,drug_target_interaction,Protein::221,0
Durg::108,drug_target_interaction,Protein::1202,0
Durg::602,drug_target_interaction,Protein::993,0
Durg::179,drug_target_interaction,Protein::34,0
Durg::316,drug_target_interaction,Protein::419,0
Durg::643,drug_target_interaction,Protein::241,0
Durg::175,drug_target_interaction,Protein::670,0
Durg::63,drug_target_interaction,Protein::34,0
Durg::631,drug_target_interaction,Protein::635,0
Durg::110,drug_target_interaction,Protein::742,0
Durg::450,drug_target_interaction,Protein::208,0
Durg::424,drug_target_interaction,Protein::1153,0
Durg::502,drug_target_interaction,Protein::94,0
Durg::352,drug_target_interaction,Protein::121,0
Durg::655,drug_target_interaction,Protein::120,0
Durg::250,drug_target_interaction,Protein::1188,0
Durg::185,drug_target_interaction,Protein::362,0
Durg::78,drug_target_interaction,Protein::73,0
Durg::523,drug_target_interaction,Protein::271,0
Durg::61,drug_target_interaction,Protein::1011,0
Durg::626,drug_target_interaction,Protein::550,0
Durg::253,drug_target_interaction,Protein::496,0
Durg::432,drug_target_interaction,Protein::493,0
Durg::468,drug_target_interaction,Protein::106,0
Durg::319,drug_target_interaction,Protein::10,0
Durg::394,drug_target_interaction,Protein::170,0
Durg::696,drug_target_interaction,Protein::18,0
Durg::65,drug_target_interaction,Protein::146,0
Durg::508,drug_target_interaction,Protein::927,0
Durg::153,drug_target_interaction,Protein::681,0
Durg::272,drug_target_interaction,Protein::527,0
Durg::220,drug_target_interaction,Protein::380,0
Durg::499,drug_target_interaction,Protein::218,0
Durg::394,drug_target_interaction,Protein::524,0
Durg::667,drug_target_interaction,Protein::610,0
Durg::103,drug_target_interaction,Protein::290,0
Durg::350,drug_target_interaction,Protein::302,0
Durg::359,drug_target_interaction,Protein::461,0
Durg::419,drug_target_interaction,Protein::452,0
Durg::530,drug_target_interaction,Protein::62,0
Durg::2,drug_target_interaction,Protein::123,0
Durg::116,drug_target_interaction,Protein::286,0
Durg::695,drug_target_interaction,Protein::295,0
Durg::193,drug_target_interaction,Protein::654,0
Durg::197,drug_target_interaction,Protein::427,0
Durg::10,drug_target_interaction,Protein::574,0
Durg::373,drug_target_interaction,Protein::924,0
Durg::309,drug_target_interaction,Protein::10,0
Durg::392,drug_target_interaction,Protein::927,0
Durg::668,drug_target_interaction,Protein::289,0
Durg::329,drug_target_interaction,Protein::140,0
Durg::115,drug_target_interaction,Protein::916,0
Durg::114,drug_target_interaction,Protein::32,0
Durg::459,drug_target_interaction,Protein::218,0
Durg::655,drug_target_interaction,Protein::496,0
Durg::480,drug_target_interaction,Protein::1177,0
Durg::338,drug_target_interaction,Protein::424,0
Durg::615,drug_target_interaction,Protein::288,0
Durg::539,drug_target_interaction,Protein::208,0
Durg::492,drug_target_interaction,Protein::346,0
Durg::469,drug_target_interaction,Protein::927,0
Durg::244,drug_target_interaction,Protein::1138,0
Durg::560,drug_target_interaction,Protein::1177,0
Durg::194,drug_target_interaction,Protein::433,0
Durg::34,drug_target_interaction,Protein::10,0
Durg::541,drug_target_interaction,Protein::374,0
Durg::127,drug_target_interaction,Protein::681,0
Durg::346,drug_target_interaction,Protein::860,0
Durg::71,drug_target_interaction,Protein::402,0
Durg::205,drug_target_interaction,Protein::988,0
Durg::163,drug_target_interaction,Protein::985,0
Durg::594,drug_target_interaction,Protein::605,0
Durg::247,drug_target_interaction,Protein::486,0
Durg::262,drug_target_interaction,Protein::1066,0
Durg::128,drug_target_interaction,Protein::330,0
Durg::639,drug_target_interaction,Protein::291,0
Durg::429,drug_target_interaction,Protein::309,0
Durg::624,drug_target_interaction,Protein::295,0
Durg::204,drug_target_interaction,Protein::175,0
Durg::2,drug_target_interaction,Protein::554,0
Durg::377,drug_target_interaction,Protein::588,0
Durg::140,drug_target_interaction,Protein::18,0
Durg::240,drug_target_interaction,Protein::568,0
Durg::508,drug_target_interaction,Protein::1299,0
Durg::466,drug_target_interaction,Protein::505,0
Durg::594,drug_target_interaction,Protein::440,0
Durg::420,drug_target_interaction,Protein::1170,0
Durg::497,drug_target_interaction,Protein::48,0
Durg::528,drug_target_interaction,Protein::940,0
Durg::697,drug_target_interaction,Protein::143,0
Durg::644,drug_target_interaction,Protein::85,0
Durg::232,drug_target_interaction,Protein::656,0
Durg::47,drug_target_interaction,Protein::33,0
Durg::154,drug_target_interaction,Protein::242,0
Durg::115,drug_target_interaction,Protein::526,0
Durg::220,drug_target_interaction,Protein::315,0
Durg::365,drug_target_interaction,Protein::42,0
Durg::357,drug_target_interaction,Protein::1201,0
Durg::368,drug_target_interaction,Protein::669,0
Durg::281,drug_target_interaction,Protein::43,0
Durg::680,drug_target_interaction,Protein::527,0
Durg::704,drug_target_interaction,Protein::495,0
Durg::191,drug_target_interaction,Protein::1163,0
Durg::133,drug_target_interaction,Protein::737,0
Durg::656,drug_target_interaction,Protein::515,0
Durg::245,drug_target_interaction,Protein::1066,0
Durg::597,drug_target_interaction,Protein::561,0
Durg::202,drug_target_interaction,Protein::394,0
Durg::115,drug_target_interaction,Protein::407,0
Durg::42,drug_target_interaction,Protein::430,0
Durg::96,drug_target_interaction,Protein::856,0
Durg::140,drug_target_interaction,Protein::124,0
Durg::140,drug_target_interaction,Protein::273,0
Durg::369,drug_target_interaction,Protein::170,0
Durg::126,drug_target_interaction,Protein::1175,0
Durg::242,drug_target_interaction,Protein::368,0
Durg::660,drug_target_interaction,Protein::1203,0
Durg::625,drug_target_interaction,Protein::72,0
Durg::625,drug_target_interaction,Protein::608,0
Durg::535,drug_target_interaction,Protein::106,0
Durg::397,drug_target_interaction,Protein::448,0
Durg::623,drug_target_interaction,Protein::194,0
Durg::271,drug_target_interaction,Protein::435,0
Durg::641,drug_target_interaction,Protein::617,0
Durg::347,drug_target_interaction,Protein::570,0
Durg::62,drug_target_interaction,Protein::112,0
Durg::520,drug_target_interaction,Protein::71,0
Durg::505,drug_target_interaction,Protein::407,0
Durg::582,drug_target_interaction,Protein::1165,0
Durg::530,drug_target_interaction,Protein::738,0
Durg::82,drug_target_interaction,Protein::530,0
Durg::220,drug_target_interaction,Protein::189,0
Durg::170,drug_target_interaction,Protein::985,0
Durg::668,drug_target_interaction,Protein::613,0
Durg::596,drug_target_interaction,Protein::207,0
Durg::190,drug_target_interaction,Protein::366,0
Durg::20,drug_target_interaction,Protein::737,0
Durg::12,drug_target_interaction,Protein::400,0
Durg::54,drug_target_interaction,Protein::663,0
Durg::429,drug_target_interaction,Protein::990,0
Durg::624,drug_target_interaction,Protein::315,0
Durg::144,drug_target_interaction,Protein::428,0
Durg::22,drug_target_interaction,Protein::475,0
Durg::87,drug_target_interaction,Protein::640,0
Durg::541,drug_target_interaction,Protein::380,0
Durg::624,drug_target_interaction,Protein::484,0
Durg::43,drug_target_interaction,Protein::296,0
Durg::111,drug_target_interaction,Protein::62,0
Durg::49,drug_target_interaction,Protein::208,0
Durg::116,drug_target_interaction,Protein::1184,0
Durg::333,drug_target_interaction,Protein::1164,0
Durg::68,drug_target_interaction,Protein::237,0
Durg::93,drug_target_interaction,Protein::1139,0
Durg::172,drug_target_interaction,Protein::400,0
Durg::552,drug_target_interaction,Protein::291,0
Durg::64,drug_target_interaction,Protein::516,0
Durg::549,drug_target_interaction,Protein::124,0
Durg::217,drug_target_interaction,Protein::993,0
Durg::444,drug_target_interaction,Protein::663,0
Durg::595,drug_target_interaction,Protein::991,0
Durg::676,drug_target_interaction,Protein::146,0
Durg::301,drug_target_interaction,Protein::83,0
Durg::574,drug_target_interaction,Protein::419,0
Durg::437,drug_target_interaction,Protein::395,0
Durg::143,drug_target_interaction,Protein::62,0
Durg::497,drug_target_interaction,Protein::621,0
Durg::475,drug_target_interaction,Protein::81,0
Durg::697,drug_target_interaction,Protein::984,0
Durg::141,drug_target_interaction,Protein::998,0
Durg::334,drug_target_interaction,Protein::927,0
Durg::580,drug_target_interaction,Protein::1299,0
Durg::101,drug_target_interaction,Protein::589,0
Durg::100,drug_target_interaction,Protein::637,0
Durg::481,drug_target_interaction,Protein::448,0
Durg::623,drug_target_interaction,Protein::424,0
Durg::239,drug_target_interaction,Protein::1174,0
Durg::545,drug_target_interaction,Protein::200,0
Durg::261,drug_target_interaction,Protein::89,0
Durg::301,drug_target_interaction,Protein::160,0
Durg::397,drug_target_interaction,Protein::272,0
Durg::31,drug_target_interaction,Protein::852,0
Durg::565,drug_target_interaction,Protein::856,0
Durg::462,drug_target_interaction,Protein::561,0
Durg::488,drug_target_interaction,Protein::742,0
Durg::333,drug_target_interaction,Protein::1172,0
Durg::151,drug_target_interaction,Protein::1139,0
Durg::306,drug_target_interaction,Protein::613,0
Durg::656,drug_target_interaction,Protein::39,0
Durg::639,drug_target_interaction,Protein::269,0
Durg::133,drug_target_interaction,Protein::984,0
Durg::442,drug_target_interaction,Protein::726,0
Durg::338,drug_target_interaction,Protein::472,0
Durg::409,drug_target_interaction,Protein::195,0
Durg::559,drug_target_interaction,Protein::12,0
Durg::350,drug_target_interaction,Protein::1173,0
Durg::654,drug_target_interaction,Protein::136,0
Durg::432,drug_target_interaction,Protein::21,0
Durg::134,drug_target_interaction,Protein::1506,0
Durg::616,drug_target_interaction,Protein::263,0
Durg::534,drug_target_interaction,Protein::360,0
Durg::112,drug_target_interaction,Protein::538,0
Durg::448,drug_target_interaction,Protein::485,0
Durg::550,drug_target_interaction,Protein::203,0
Durg::226,drug_target_interaction,Protein::269,0
Durg::47,drug_target_interaction,Protein::289,0
Durg::314,drug_target_interaction,Protein::358,0
Durg::275,drug_target_interaction,Protein::71,0
Durg::498,drug_target_interaction,Protein::538,0
Durg::288,drug_target_interaction,Protein::814,0
Durg::69,drug_target_interaction,Protein::592,0
Durg::569,drug_target_interaction,Protein::527,0
Durg::260,drug_target_interaction,Protein::309,0
Durg::409,drug_target_interaction,Protein::625,0
Durg::580,drug_target_interaction,Protein::258,0
Durg::413,drug_target_interaction,Protein::569,0
Durg::528,drug_target_interaction,Protein::402,0
Durg::229,drug_target_interaction,Protein::89,0
Durg::343,drug_target_interaction,Protein::696,0
Durg::65,drug_target_interaction,Protein::144,0
Durg::693,drug_target_interaction,Protein::1010,0
Durg::332,drug_target_interaction,Protein::674,0
Durg::126,drug_target_interaction,Protein::144,0
Durg::48,drug_target_interaction,Protein::318,0
Durg::575,drug_target_interaction,Protein::989,0
Durg::560,drug_target_interaction,Protein::26,0
Durg::697,drug_target_interaction,Protein::1160,0
Durg::571,drug_target_interaction,Protein::1163,0
Durg::190,drug_target_interaction,Protein::419,0
Durg::650,drug_target_interaction,Protein::240,0
Durg::348,drug_target_interaction,Protein::657,0
Durg::72,drug_target_interaction,Protein::189,0
Durg::239,drug_target_interaction,Protein::1183,0
Durg::206,drug_target_interaction,Protein::421,0
Durg::247,drug_target_interaction,Protein::108,0
Durg::492,drug_target_interaction,Protein::990,0
Durg::552,drug_target_interaction,Protein::472,0
Durg::316,drug_target_interaction,Protein::232,0
Durg::334,drug_target_interaction,Protein::286,0
Durg::639,drug_target_interaction,Protein::421,0
Durg::638,drug_target_interaction,Protein::647,0
Durg::540,drug_target_interaction,Protein::1138,0
Durg::561,drug_target_interaction,Protein::418,0
Durg::651,drug_target_interaction,Protein::744,0
Durg::254,drug_target_interaction,Protein::241,0
Durg::580,drug_target_interaction,Protein::82,0
Durg::252,drug_target_interaction,Protein::1060,0
Durg::418,drug_target_interaction,Protein::1022,0
Durg::171,drug_target_interaction,Protein::127,0
Durg::480,drug_target_interaction,Protein::261,0
Durg::419,drug_target_interaction,Protein::1066,0
Durg::422,drug_target_interaction,Protein::426,0
Durg::480,drug_target_interaction,Protein::648,0
Durg::378,drug_target_interaction,Protein::389,0
Durg::393,drug_target_interaction,Protein::554,0
Durg::408,drug_target_interaction,Protein::1163,0
Durg::406,drug_target_interaction,Protein::155,0
Durg::693,drug_target_interaction,Protein::1375,0
Durg::401,drug_target_interaction,Protein::150,0
Durg::355,drug_target_interaction,Protein::1138,0
Durg::214,drug_target_interaction,Protein::101,0
Durg::419,drug_target_interaction,Protein::674,0
Durg::546,drug_target_interaction,Protein::286,0
Durg::662,drug_target_interaction,Protein::328,0
Durg::90,drug_target_interaction,Protein::675,0
Durg::432,drug_target_interaction,Protein::526,0
Durg::172,drug_target_interaction,Protein::311,0
Durg::576,drug_target_interaction,Protein::1015,0
Durg::76,drug_target_interaction,Protein::860,0
Durg::691,drug_target_interaction,Protein::94,0
Durg::112,drug_target_interaction,Protein::269,0
Durg::495,drug_target_interaction,Protein::1299,0
Durg::141,drug_target_interaction,Protein::360,0
Durg::233,drug_target_interaction,Protein::493,0
Durg::261,drug_target_interaction,Protein::852,0
Durg::579,drug_target_interaction,Protein::1186,0
Durg::76,drug_target_interaction,Protein::856,0
Durg::468,drug_target_interaction,Protein::395,0
Durg::421,drug_target_interaction,Protein::225,0
Durg::586,drug_target_interaction,Protein::141,0
Durg::130,drug_target_interaction,Protein::413,0
Durg::243,drug_target_interaction,Protein::439,0
Durg::630,drug_target_interaction,Protein::418,0
Durg::99,drug_target_interaction,Protein::426,0
Durg::361,drug_target_interaction,Protein::90,0
Durg::20,drug_target_interaction,Protein::430,0
Durg::167,drug_target_interaction,Protein::681,0
Durg::394,drug_target_interaction,Protein::996,0
Durg::133,drug_target_interaction,Protein::422,0
Durg::147,drug_target_interaction,Protein::296,0
Durg::692,drug_target_interaction,Protein::266,0
Durg::136,drug_target_interaction,Protein::514,0
Durg::432,drug_target_interaction,Protein::613,0
Durg::238,drug_target_interaction,Protein::39,0
Durg::273,drug_target_interaction,Protein::300,0
Durg::19,drug_target_interaction,Protein::656,0
Durg::366,drug_target_interaction,Protein::985,0
Durg::495,drug_target_interaction,Protein::1138,0
Durg::102,drug_target_interaction,Protein::916,0
Durg::41,drug_target_interaction,Protein::1164,0
Durg::133,drug_target_interaction,Protein::1160,0
Durg::288,drug_target_interaction,Protein::273,0
Durg::14,drug_target_interaction,Protein::12,0
Durg::245,drug_target_interaction,Protein::138,0
Durg::480,drug_target_interaction,Protein::493,0
Durg::61,drug_target_interaction,Protein::429,0
Durg::327,drug_target_interaction,Protein::2,0
Durg::477,drug_target_interaction,Protein::120,0
Durg::204,drug_target_interaction,Protein::13,0
Durg::2,drug_target_interaction,Protein::221,0
Durg::178,drug_target_interaction,Protein::1508,0
Durg::475,drug_target_interaction,Protein::608,0
Durg::94,drug_target_interaction,Protein::998,0
Durg::433,drug_target_interaction,Protein::573,0
Durg::557,drug_target_interaction,Protein::317,0
Durg::411,drug_target_interaction,Protein::246,0
Durg::230,drug_target_interaction,Protein::428,0
Durg::461,drug_target_interaction,Protein::395,0
Durg::317,drug_target_interaction,Protein::346,0
Durg::384,drug_target_interaction,Protein::322,0
Durg::46,drug_target_interaction,Protein::997,0
Durg::474,drug_target_interaction,Protein::89,0
Durg::327,drug_target_interaction,Protein::858,0
Durg::633,drug_target_interaction,Protein::563,0
Durg::395,drug_target_interaction,Protein::115,0
Durg::539,drug_target_interaction,Protein::366,0
Durg::167,drug_target_interaction,Protein::675,0
Durg::80,drug_target_interaction,Protein::1009,0
Durg::352,drug_target_interaction,Protein::395,0
Durg::271,drug_target_interaction,Protein::990,0
Durg::552,drug_target_interaction,Protein::527,0
Durg::485,drug_target_interaction,Protein::40,0
Durg::19,drug_target_interaction,Protein::1184,0
Durg::345,drug_target_interaction,Protein::309,0
Durg::516,drug_target_interaction,Protein::418,0
Durg::561,drug_target_interaction,Protein::998,0
Durg::146,drug_target_interaction,Protein::459,0
Durg::327,drug_target_interaction,Protein::646,0
Durg::356,drug_target_interaction,Protein::2,0
Durg::264,drug_target_interaction,Protein::401,0
Durg::327,drug_target_interaction,Protein::12,0
Durg::572,drug_target_interaction,Protein::194,0
Durg::472,drug_target_interaction,Protein::637,0
Durg::291,drug_target_interaction,Protein::151,0
Durg::214,drug_target_interaction,Protein::707,0
Durg::357,drug_target_interaction,Protein::681,0
Durg::36,drug_target_interaction,Protein::433,0
Durg::65,drug_target_interaction,Protein::32,0
Durg::631,drug_target_interaction,Protein::34,0
Durg::488,drug_target_interaction,Protein::994,0
Durg::479,drug_target_interaction,Protein::1009,0
Durg::72,drug_target_interaction,Protein::1175,0
Durg::341,drug_target_interaction,Protein::461,0
Durg::199,drug_target_interaction,Protein::674,0
Durg::375,drug_target_interaction,Protein::737,0
Durg::596,drug_target_interaction,Protein::150,0
Durg::40,drug_target_interaction,Protein::218,0
Durg::481,drug_target_interaction,Protein::330,0
Durg::419,drug_target_interaction,Protein::296,0
Durg::566,drug_target_interaction,Protein::140,0
Durg::289,drug_target_interaction,Protein::185,0
Durg::532,drug_target_interaction,Protein::62,0
Durg::31,drug_target_interaction,Protein::1148,0
Durg::395,drug_target_interaction,Protein::160,0
Durg::554,drug_target_interaction,Protein::362,0
Durg::32,drug_target_interaction,Protein::654,0
Durg::61,drug_target_interaction,Protein::513,0
Durg::41,drug_target_interaction,Protein::859,0
Durg::234,drug_target_interaction,Protein::588,0
Durg::542,drug_target_interaction,Protein::1155,0
Durg::283,drug_target_interaction,Protein::554,0
Durg::281,drug_target_interaction,Protein::745,0
Durg::232,drug_target_interaction,Protein::408,0
Durg::132,drug_target_interaction,Protein::400,0
Durg::257,drug_target_interaction,Protein::1163,0
Durg::287,drug_target_interaction,Protein::1177,0
Durg::692,drug_target_interaction,Protein::663,0
Durg::622,drug_target_interaction,Protein::39,0
Durg::565,drug_target_interaction,Protein::422,0
Durg::511,drug_target_interaction,Protein::112,0
Durg::497,drug_target_interaction,Protein::853,0
Durg::125,drug_target_interaction,Protein::322,0
Durg::630,drug_target_interaction,Protein::319,0
Durg::702,drug_target_interaction,Protein::357,0
Durg::222,drug_target_interaction,Protein::927,0
Durg::197,drug_target_interaction,Protein::1185,0
Durg::253,drug_target_interaction,Protein::407,0
Durg::236,drug_target_interaction,Protein::568,0
Durg::371,drug_target_interaction,Protein::860,0
Durg::121,drug_target_interaction,Protein::487,0
Durg::334,drug_target_interaction,Protein::497,0
Durg::508,drug_target_interaction,Protein::244,0
Durg::194,drug_target_interaction,Protein::681,0
Durg::12,drug_target_interaction,Protein::1160,0
Durg::330,drug_target_interaction,Protein::45,0
Durg::606,drug_target_interaction,Protein::223,0
Durg::495,drug_target_interaction,Protein::1187,0
Durg::538,drug_target_interaction,Protein::160,0
Durg::481,drug_target_interaction,Protein::583,0
Durg::449,drug_target_interaction,Protein::726,0
Durg::140,drug_target_interaction,Protein::286,0
Durg::120,drug_target_interaction,Protein::279,0
Durg::110,drug_target_interaction,Protein::89,0
Durg::24,drug_target_interaction,Protein::515,0
Durg::457,drug_target_interaction,Protein::223,0
Durg::488,drug_target_interaction,Protein::207,0
Durg::548,drug_target_interaction,Protein::995,0
Durg::52,drug_target_interaction,Protein::117,0
Durg::579,drug_target_interaction,Protein::778,0
Durg::354,drug_target_interaction,Protein::422,0
Durg::219,drug_target_interaction,Protein::264,0
Durg::602,drug_target_interaction,Protein::84,0
Durg::639,drug_target_interaction,Protein::475,0
Durg::554,drug_target_interaction,Protein::330,0
Durg::132,drug_target_interaction,Protein::88,0
Durg::546,drug_target_interaction,Protein::140,0
Durg::614,drug_target_interaction,Protein::1151,0
Durg::239,drug_target_interaction,Protein::783,0
Durg::288,drug_target_interaction,Protein::246,0
Durg::31,drug_target_interaction,Protein::851,0
Durg::116,drug_target_interaction,Protein::155,0
Durg::123,drug_target_interaction,Protein::421,0
Durg::613,drug_target_interaction,Protein::613,0
Durg::537,drug_target_interaction,Protein::1015,0
Durg::603,drug_target_interaction,Protein::225,0
Durg::484,drug_target_interaction,Protein::141,0
Durg::472,drug_target_interaction,Protein::265,0
Durg::596,drug_target_interaction,Protein::78,0
Durg::538,drug_target_interaction,Protein::918,0
Durg::641,drug_target_interaction,Protein::1162,0
Durg::378,drug_target_interaction,Protein::858,0
Durg::11,drug_target_interaction,Protein::435,0
Durg::12,drug_target_interaction,Protein::10,0
Durg::450,drug_target_interaction,Protein::549,0
Durg::217,drug_target_interaction,Protein::374,0
Durg::586,drug_target_interaction,Protein::89,0
Durg::243,drug_target_interaction,Protein::617,0
Durg::457,drug_target_interaction,Protein::1173,0
Durg::346,drug_target_interaction,Protein::141,0
Durg::193,drug_target_interaction,Protein::433,0
Durg::445,drug_target_interaction,Protein::244,0
Durg::272,drug_target_interaction,Protein::472,0
Durg::491,drug_target_interaction,Protein::62,0
Durg::478,drug_target_interaction,Protein::1173,0
Durg::433,drug_target_interaction,Protein::18,0
Durg::541,drug_target_interaction,Protein::1172,0
Durg::160,drug_target_interaction,Protein::1170,0
Durg::419,drug_target_interaction,Protein::1170,0
Durg::580,drug_target_interaction,Protein::134,0
Durg::473,drug_target_interaction,Protein::71,0
Durg::492,drug_target_interaction,Protein::1034,0
Durg::176,drug_target_interaction,Protein::1504,0
Durg::184,drug_target_interaction,Protein::485,0
Durg::476,drug_target_interaction,Protein::640,0
Durg::576,drug_target_interaction,Protein::1202,0
Durg::396,drug_target_interaction,Protein::1139,0
Durg::350,drug_target_interaction,Protein::340,0
Durg::374,drug_target_interaction,Protein::335,0
Durg::325,drug_target_interaction,Protein::42,0
Durg::32,drug_target_interaction,Protein::390,0
Durg::238,drug_target_interaction,Protein::88,0
Durg::213,drug_target_interaction,Protein::1175,0
Durg::560,drug_target_interaction,Protein::310,0
Durg::253,drug_target_interaction,Protein::359,0
Durg::463,drug_target_interaction,Protein::773,0
Durg::585,drug_target_interaction,Protein::183,0
Durg::229,drug_target_interaction,Protein::195,0
